  -4.50000000         0.00000000    
  -4.41547155         0.00000000    
  -4.33094311         0.00000000    
  -4.24641466         0.00000000    
  -4.16188622         0.00000000    
  -4.07735777         0.00000000    
  -3.99282932         0.00000000    
  -3.90830088         0.00000000    
  -3.82377243         0.00000000    
  -3.73924398         0.00000000    
  -3.65471554         0.00000000    
  -3.57018733         0.00000000    
  -3.48565888         0.00000000    
  -3.40113044         0.00000000    
  -3.31660199         0.00000000    
  -3.23207355         0.00000000    
  -3.14754510         0.00000000    
  -3.06301665         0.00000000    
  -2.97848821         0.00000000    
  -2.89395976         0.00000000    
  -2.80943131         0.00000000    
  -2.72490287         0.00000000    
  -2.64037442         0.00000000    
  -2.55584598         0.00000000    
  -2.47131753         0.00000000    
  -2.38678908         0.00000000    
  -2.30226064        -4.73184506E-34
  -2.21773219        -3.03136446E-33
  -2.13320374        -8.64473680E-33
  -2.04867530        -7.10795426E-33
  -1.96414697         1.55290342E-32
  -1.87961853         6.80620574E-32
  -1.79509008         9.86981850E-32
  -1.71056163         6.47272975E-32
  -1.62603319        -1.27998451E-31
  -1.54150474        -5.97217052E-31
  -1.45697629        -1.38864590E-30
  -1.37244797        -2.48070196E-30
  -1.28791952        -3.70190593E-30
  -1.20339108        -4.69115308E-30
  -1.11886263        -4.84516352E-30
  -1.03433418        -2.64137624E-30
 -0.949805737         3.67719271E-30
 -0.865277290         1.08235149E-29
 -0.780748844         1.92403095E-29
 -0.696220458         2.98070640E-29
 -0.611692011         5.78481406E-29
 -0.527163565         1.17442064E-28
 -0.442635119         2.29182004E-28
 -0.358106703         4.23476076E-28
 -0.273578256         7.23855233E-28
 -0.189049825         1.15620633E-27
 -0.104521386         1.72650857E-27
  -1.99929532E-02     2.41229312E-27
   6.45354837E-02     3.14540606E-27
  0.149063915         3.79102978E-27
  0.233592346         4.14327119E-27
  0.318120778         3.91651336E-27
  0.402649224         2.74276286E-27
  0.487177670         1.88481170E-28
  0.571706116        -4.21121145E-27
  0.656234503        -1.09011872E-26
  0.740762949        -2.02340711E-26
  0.825291395        -3.23804260E-26
  0.909819841        -4.72284923E-26
  0.994348288        -6.42802076E-26
   1.07887673        -8.25570116E-26
   1.16340518        -1.00529451E-25
   1.24793363        -1.16086158E-25
   1.33246195        -1.26559063E-25
   1.41699040        -1.28821109E-25
   1.50151885        -1.19476707E-25
   1.58604729        -9.51643894E-26
   1.67057574        -5.29977587E-26
   1.75510418         8.82364650E-27
   1.83963263         9.02032185E-26
   1.92416108         1.88103550E-25
   2.00868940         2.95259001E-25
   2.09321785         3.98671714E-25
   2.17774630         4.77987734E-25
   2.26227474         5.03955210E-25
   2.34680319         4.37309776E-25
   2.43133163         2.28597050E-25
   2.51586008        -1.80379788E-25
   2.60038853        -8.52667328E-25
   2.68491697        -1.84894757E-24
   2.76944542        -3.21623009E-24
   2.85397387        -4.97199583E-24
   2.93850231        -7.08396304E-24
   3.02303076        -9.44653913E-24
   3.10755920        -1.18562867E-23
   3.19208765        -1.39901941E-23
   3.27661610        -1.53920094E-23
   3.36114454        -1.54733584E-23
   3.44567299        -1.35369983E-23
   3.53020120        -8.82958206E-24
   3.61472964        -6.29648116E-25
   3.69925809         1.16265965E-23
   3.78378654         2.81843940E-23
   3.86831498         4.87842786E-23
   3.95284343         7.24690794E-23
   4.03737211         9.74117631E-23
   4.12190056         1.20800770E-22
   4.20642900         1.38825396E-22
   4.29095745         1.46806181E-22
   4.37548542         1.39510266E-22
   4.46001387         1.11679202E-22
   4.54454231         5.87737346E-23
   4.62907076        -2.20915164E-23
   4.71359921        -1.31090444E-22
   4.79812765        -2.64616688E-22
   4.88265610        -4.14359376E-22
   4.96718454        -5.66713787E-22
   5.05171299        -7.02739307E-22
   5.13624144        -7.98869215E-22
   5.22076988        -8.28542401E-22
   5.30529833        -7.64850706E-22
   5.38982677        -5.84183534E-22
   5.47435522        -2.70706266E-22
   5.55888367         1.78662253E-22
   5.64341211         7.49281090E-22
   5.72794056         1.40449553E-21
   5.81246901         2.08280261E-21
   5.89699745         2.69730188E-21
   5.98152590         3.13820995E-21
   6.06605434         3.27904634E-21
   6.15058279         2.98682560E-21
   6.23511124         2.13618929E-21
   6.31963968         6.26932172E-22
   6.40416813        -1.59618565E-21
   6.48869658        -4.52293998E-21
   6.57322502        -8.05860194E-21
   6.65775347        -1.20087989E-20
   6.74228191        -1.60709367E-20
   6.82681036        -1.98347620E-20
   6.91133881        -2.27943059E-20
   6.99586725        -2.43729042E-20
   7.08039570        -2.39620119E-20
   7.16492414        -2.09734649E-20
   7.24945259        -1.49035910E-20
   7.33398104        -5.40596902E-21
   7.41850948         7.63156348E-21
   7.50303793         2.40117559E-20
   7.58756638         4.31617286E-20
   7.67209482         6.40839633E-20
   7.75662327         8.53330377E-20
   7.84115171         1.05027122E-19
   7.92567968         1.20902166E-19
   8.01020813         1.30415208E-19
   8.09473705         1.30900970E-19
   8.17926502         1.19782409E-19
   8.26379395         9.48301245E-20
   8.34832191         5.44615521E-20
   8.43285084        -1.93727901E-21
   8.51737881        -7.36906321E-20
   8.60190773        -1.58542554E-19
   8.68643570        -2.52431767E-19
   8.77096462        -3.49371700E-19
   8.85549259        -4.41473221E-19
   8.94002151        -5.19147031E-19
   9.02454948        -5.71511648E-19
   9.10907841        -5.87022215E-19
   9.19360638        -5.54316838E-19
   9.27813530        -4.63256557E-19
   9.36266327        -3.06110206E-19
   9.44719219        -7.88135814E-20
   9.53172016         2.17791899E-19
   9.61624908         5.76851357E-19
   9.70077705         9.84641990E-19
   9.78530502         1.42009623E-18
   9.86983395         1.85481666E-18
   9.95436192         2.25367984E-18
   10.0388908         2.57609354E-18
   10.1234188         2.77794050E-18
   10.2079477         2.81418487E-18
   10.2924757         2.64207650E-18
   10.3770046         2.22483254E-18
   10.4615326         1.53563392E-18
   10.5460615         5.61710695E-19
   10.6305895        -6.91726789E-19
   10.7151184        -2.19800583E-18
   10.7996464        -3.90625663E-18
   10.8841753        -5.73975623E-18
   10.9687033        -7.59565959E-18
   11.0532322        -9.34641714E-18
   11.1377602        -1.08431550E-17
   11.2222891        -1.19212128E-17
   11.3068171        -1.24079838E-17
   11.3913460        -1.21330430E-17
   11.4758739        -1.09404777E-17
   11.5604029        -8.70303523E-18
   11.6449308        -5.33764512E-18
   11.7294598        -8.21532675E-19
   11.8139877         4.79211537E-18
   11.8985167         1.13600998E-17
   11.9830446         1.86382602E-17
   12.0675735         2.62751953E-17
   12.1521015         3.38122516E-17
   12.2366304         4.06914198E-17
   12.3211584         4.62723809E-17
   12.4056873         4.98597540E-17
   12.4902153         5.07407345E-17
   12.5747442         4.82329842E-17
   12.6592722         4.17412410E-17
   12.7438011         3.08204618E-17
   12.8283291         1.52421908E-17
   12.9128580        -4.94042927E-18
   12.9973860        -2.93338859E-17
   13.0819149        -5.71580612E-17
   13.1664429        -8.72183010E-17
   13.2509708        -1.17902076E-16
   13.3354998        -1.47205274E-16
   13.4200277        -1.72792379E-16
   13.5045567        -1.92092580E-16
   13.5890846        -2.02431981E-16
   13.6736135        -2.01198767E-16
   13.7581415        -1.86035845E-16
   13.8426704        -1.55052028E-16
   13.9271984        -1.07039567E-16
   14.0117273        -4.16854030E-17
   14.0962553         4.02417214E-17
   14.1807842         1.36743093E-16
   14.2653122         2.44497860E-16
   14.3498411         3.58841485E-16
   14.4343691         4.73826631E-16
   14.5188980         5.82374274E-16
   14.6034260         6.76518439E-16
   14.6879549         7.47741257E-16
   14.7724829         7.87391293E-16
   14.8570118         7.87168205E-16
   14.9415398         7.39656486E-16
   15.0260687         6.38882383E-16
   15.1105967         4.80866639E-16
   15.1951256         2.64143651E-16
   15.2796535        -9.78295509E-18
   15.3641825        -3.36075542E-16
   15.4487104        -7.06318170E-16
   15.5332394        -1.10841048E-15
   15.6177673        -1.52662146E-15
   15.7022963        -1.94181520E-15
   15.7868242        -2.33185672E-15
   15.8713531        -2.67220048E-15
   15.9558811        -2.93666238E-15
   16.0404091        -3.09837050E-15
   16.1249390        -3.13087348E-15
   16.2094669        -3.00940769E-15
   16.2939949        -2.71228060E-15
   16.3785229        -2.22235378E-15
   16.4630527        -1.52857397E-15
   16.5475807        -6.27510436E-16
   16.6321087         4.75181778E-16
   16.7166367         1.76342625E-15
   16.8011646         3.20962574E-15
   16.8856945         4.77388701E-15
   16.9702225         6.40366437E-15
   17.0547504         8.03394403E-15
   17.1392784         9.58802841E-15
   17.2238083         1.09790395E-14
   17.3083363         1.21121612E-14
   17.3928642         1.28876647E-14
   17.4773922         1.32046795E-14
   17.5619221         1.29656841E-14
   17.6464500         1.20815850E-14
   17.7309780         1.04772377E-14
   17.8155060         8.09724449E-15
   17.9000359         4.91174543E-15
   17.9845638         9.22021092E-16
   18.0690918        -3.83445717E-15
   18.1536198        -9.27973468E-15
   18.2381496        -1.52922244E-14
   18.3226776        -2.17048822E-14
   18.4072056        -2.83050510E-14
   18.4917336        -3.48361747E-14
   18.5762634        -4.10016158E-14
   18.6607914        -4.64707178E-14
   18.7453194        -5.08871747E-14
   18.8298473        -5.38799081E-14
   18.9143772        -5.50762201E-14
   18.9989052        -5.41172874E-14
   19.0834332        -5.06755655E-14
   19.1679611        -4.44739257E-14
   19.2524910        -3.53058715E-14
   19.3370190        -2.30563046E-14
   19.4215469        -7.72189540E-15
   19.5060749         1.05698116E-14
   19.5906048         3.15436730E-14
   19.6751328         5.47638683E-14
   19.7596607         7.96256100E-14
   19.8441887         1.05353016E-13
   19.9287186         1.31004311E-13
   20.0132465         1.55485339E-13
   20.0977745         1.77572055E-13
   20.1823025         1.95943156E-13
   20.2668324         2.09221881E-13
   20.3513603         2.16027405E-13
   20.4358883         2.15034872E-13
   20.5204163         2.05042174E-13
   20.6049442         1.85041693E-13
   20.6894741         1.54294749E-13
   20.7740021         1.12404952E-13
   20.8585300         5.93875602E-14
   20.9430580        -4.26925654E-15
   21.0275879        -7.75553192E-14
   21.1121159        -1.58905414E-13
   21.1966438        -2.46186264E-13
   21.2811718        -3.36706818E-13
   21.3657017        -4.27254613E-13
   21.4502296        -5.14160492E-13
   21.5347576        -5.93391926E-13
   21.6192856        -6.60675074E-13
   21.7038155        -7.11642659E-13
   21.7883434        -7.42006337E-13
   21.8728714        -7.47745832E-13
   21.9573994        -7.25310925E-13
   22.0419292        -6.71827557E-13
   22.1264572        -5.85299008E-13
   22.2109852        -4.64793839E-13
   22.2955132        -3.10609638E-13
   22.3800430        -1.24404420E-13
   22.4645710         9.07143962E-14
   22.5490990         3.30150051E-13
   22.6336269         5.87833276E-13
   22.7181568         8.56297455E-13
   22.8026848         1.12681782E-12
   22.8872128         1.38961195E-12
   22.9717407         1.63409661E-12
   23.0562706         1.84920395E-12
   23.1407986         2.02373968E-12
   23.2253265         2.14677972E-12
   23.3098545         2.20809503E-12
   23.3943844         2.19858745E-12
   23.4789124         2.11072696E-12
   23.5634403         1.93897437E-12
   23.6479683         1.68017271E-12
   23.7324982         1.33389697E-12
   23.8170261         9.02738116E-13
   23.9015541         3.92514526E-13
   23.9860821        -1.87607823E-13
   24.0706100        -8.25098562E-13
   24.1551399        -1.50416062E-12
   24.2396679        -2.20595352E-12
   24.3241959        -2.90894370E-12
   24.4087238        -3.58938725E-12
   24.4932537        -4.22194007E-12
   24.5777817        -4.78038832E-12
   24.6623096        -5.23848196E-12
   24.7468376        -5.57085454E-12
   24.8313675        -5.75399754E-12
   24.9158955        -5.76726817E-12
   25.0004234        -5.59387779E-12
   25.0849514        -5.22183165E-12
   25.1694813        -4.64478629E-12
   25.2540092        -3.86276167E-12
   25.3385372        -2.88268780E-12
   25.4230652        -1.71874331E-12
   25.5075951        -3.92459963E-13
   25.5921230         1.06743108E-12
   25.6766510         2.62542245E-12
   25.7611790         4.23992308E-12
   25.8457088         5.86420973E-12
   25.9302368         7.44763192E-12
   26.0147648         8.93701432E-12
   26.0992928         1.02782557E-11
   26.1838226         1.14180358E-11
   26.2683506         1.23056287E-11
   26.3528786         1.28947139E-11
   26.4374065         1.31451568E-11
   26.5219364         1.30247002E-11
   26.6064644         1.25104727E-11
   26.6909924         1.15903172E-11
   26.7755203         1.02638011E-11
   26.8600502         8.54293632E-12
   26.9445782         6.45253772E-12
   27.0291061         4.03015989E-12
   27.1136341         1.32565541E-12
   27.1981640        -1.59971678E-12
   27.2826920        -4.67460012E-12
   27.3672199        -7.81924005E-12
   27.4517479        -1.09475606E-11
   27.5362759        -1.39695564E-11
   27.6208057        -1.67939395E-11
   27.7053337        -1.93309570E-11
   27.7898617        -2.14953003E-11
   27.8743896        -2.32089938E-11
   27.9589195        -2.44041697E-11
   28.0434475        -2.50255875E-11
   28.1279755        -2.50328664E-11
   28.2125034        -2.44022025E-11
   28.2970333        -2.31276439E-11
   28.3815613        -2.12216703E-11
   28.4660892        -1.87152047E-11
   28.5506172        -1.56568768E-11
   28.6351471        -1.21116572E-11
   28.7196751        -8.15880263E-12
   28.8042030        -3.88925914E-12
   28.8887310         5.97441313E-13
   28.9732609         5.19661831E-12
   29.0577888         9.80212959E-12
   29.1423168         1.43100575E-11
   29.2268448         1.86222756E-11
   29.3113747         2.26497258E-11
   29.3959026         2.63151410E-11
   29.4804306         2.95552263E-11
   29.5649586         3.23219992E-11
   29.6494884         3.45833466E-11
   29.7340164         3.63226567E-11
   29.8185444         3.75375703E-11
   29.9030724         3.82379441E-11
   29.9876022         3.84430994E-11
   30.0721302         3.81784604E-11
   30.1566582         3.74718867E-11
   30.2411861         3.63498329E-11
   30.3257160         3.48336117E-11
   30.4102440         3.29359699E-11
   30.4947720         3.06582849E-11
   30.5792999         2.79885316E-11
   30.6638298         2.49002451E-11
   30.7483578         2.13526072E-11
   30.8328857         1.72917583E-11
   30.9174137         1.26534425E-11
   31.0019417         7.36680422E-12
   31.0864716         1.35949737E-12
   31.1709995        -5.43629161E-12
   31.2555275        -1.30768504E-11
   31.3400555        -2.15994098E-11
   31.4245853        -3.10143231E-11
   31.5091133        -4.12971463E-11
   31.5936413        -5.23813805E-11
   31.6781693        -6.41517048E-11
   31.7626991        -7.64386748E-11
   31.8472271        -8.90148857E-11
   31.9317551        -1.01593123E-10
   32.0162849        -1.13826948E-10
   32.1008110        -1.25313829E-10
   32.1853409        -1.35601017E-10
   32.2698708        -1.44194587E-10
   32.3543968        -1.50571236E-10
   32.4389267        -1.54193061E-10
   32.5234528        -1.54525046E-10
   32.6079826        -1.51054710E-10
   32.6925125        -1.43313500E-10
   32.7770386        -1.30899874E-10
   32.8615685        -1.13502277E-10
   32.9460983        -9.09222558E-11
   33.0306244        -6.30962713E-11
   33.1151543        -3.01153130E-11
   33.1996803         7.75805115E-12
   33.2842102         5.00768142E-11
   33.3687401         9.62016231E-11
   33.4532661         1.45298051E-10
   33.5377960         1.96339722E-10
   33.6223259         2.48119525E-10
   33.7068520         2.99266417E-10
   33.7913818         3.48270385E-10
   33.8759079         3.93514471E-10
   33.9604378         4.33313746E-10
   34.0449677         4.65960770E-10
   34.1294937         4.89776553E-10
   34.2140236         5.03166397E-10
   34.2985535         5.04678799E-10
   34.3830795         4.93066088E-10
   34.4676094         4.67345107E-10
   34.5521355         4.26855995E-10
   34.6366653         3.71316450E-10
   34.7211952         3.00870190E-10
   34.8057213         2.16126311E-10
   34.8902512         1.18188376E-10
   34.9747772         8.67007681E-12
   35.0593071        -1.10302587E-10
   35.1438370        -2.36107717E-10
   35.2283630        -3.65658948E-10
   35.3128929        -4.95456676E-10
   35.3974228        -6.21657781E-10
   35.4819489        -7.40163764E-10
   35.5664787        -8.46725967E-10
   35.6510048        -9.37067091E-10
   35.7355347        -1.00701658E-09
   35.8200645        -1.05265563E-09
   35.9045906        -1.07047182E-09
   35.9891205        -1.05751330E-09
   36.0736504        -1.01154563E-09
   36.1581764        -9.31198063E-10
   36.2427063        -8.16098911E-10
   36.3272324        -6.66994793E-10
   36.4117622        -4.85842866E-10
   36.4962921        -2.75877127E-10
   36.5808182        -4.16383247E-11
   36.6653481         2.11034593E-10
   36.7498779         4.75056161E-10
   36.8344040         7.42191530E-10
   36.9189339         1.00320374E-09
   37.0034599         1.24804889E-09
   37.0879898         1.46611845E-09
   37.1725197         1.64653213E-09
   37.2570457         1.77846760E-09
   37.3415756         1.85153237E-09
   37.4261055         1.85616356E-09
   37.5106316         1.78404969E-09
   37.5951614         1.62856317E-09
   37.6796875         1.38519241E-09
   37.7642174         1.05195974E-09
   37.8487473         6.29810315E-10
   37.9332733         1.22959642E-10
   38.0178032        -4.60819050E-10
   38.1023293        -1.10998122E-09
   38.1868591        -1.80908866E-09
   38.2713890        -2.53878851E-09
   38.3559151        -3.27591199E-09
   38.4404449        -3.99369871E-09
   38.5249748        -4.66215377E-09
   38.6095009        -5.24856114E-09
   38.6940308        -5.71811754E-09
   38.7785568        -6.03472428E-09
   38.8630867        -6.16191276E-09
   38.9476166        -6.06387607E-09
   39.0321426        -5.70663339E-09
   39.1166725        -5.05925213E-09
   39.2012024        -4.09514689E-09
   39.2857285        -2.79340462E-09
   39.3702583        -1.14009435E-09
   39.4547844         8.70446548E-10
   39.5393143         3.23443672E-09
   39.6238441         5.93756022E-09
   39.7083702         8.95408725E-09
   39.7929001         1.22461667E-08
   39.8774300         1.57633764E-08
   39.9619560         1.94425649E-08
   40.0464859         2.32079884E-08
   40.1310120         2.69718523E-08
   40.2155418         3.06350998E-08
   40.3000717         3.40886466E-08
   40.3845978         3.72151057E-08
   40.4691277         3.98906437E-08
   40.5536575         4.19873452E-08
   40.6381836         4.33759695E-08
   40.7227135         4.39289032E-08
   40.8072395         4.35233396E-08
   40.8917694         4.20447819E-08
   40.9762993         3.93905246E-08
   41.0608253         3.54733771E-08
   41.1453552         3.02251308E-08
   41.2298851         2.36001245E-08
   41.3144112         1.55784434E-08
   41.3989410         6.16889961E-09
   41.4834671        -4.58842253E-09
   41.5679970        -1.66201204E-08
   41.6525269        -2.98180041E-08
   41.7370529        -4.40383374E-08
   41.8215828        -5.91018257E-08
   41.9061089        -7.47944213E-08
   41.9906387        -9.08688946E-08
   42.0751686        -1.07047732E-07
   42.1596947        -1.23026325E-07
   42.2442245        -1.38477716E-07
   42.3287544        -1.53058124E-07
   42.4132805        -1.66412846E-07
   42.4978104        -1.78183981E-07
   42.5823364        -1.88017950E-07
   42.6668663        -1.95574444E-07
   42.7513962        -2.00535396E-07
   42.8359222        -2.02614473E-07
   42.9204521        -2.01567332E-07
   43.0049820        -1.97200961E-07
   43.0895081        -1.89384096E-07
   43.1740379        -1.78056354E-07
   43.2585640        -1.63237630E-07
   43.3430939        -1.45035855E-07
   43.4276237        -1.23655255E-07
   43.5121498        -9.94019942E-08
   43.5966797        -7.26896587E-08
   43.6812096        -4.40425758E-08
   43.7657356        -1.40978704E-08
   43.8502655         1.63944822E-08
   43.9347916         4.65733976E-08
   44.0193214         7.54704104E-08
   44.1038513         1.02015598E-07
   44.1883774         1.25045318E-07
   44.2729073         1.43312349E-07
   44.3574371         1.55497901E-07
   44.4419632         1.60225042E-07
   44.5264931         1.56075174E-07
   44.6110191         1.41604758E-07
   44.6955490         1.15364116E-07
   44.7800789         7.59176544E-08
   44.8646049         2.18643006E-08
   44.9491348        -4.81409188E-08
   45.0336647        -1.35365312E-07
   45.1181908        -2.40976789E-07
   45.2027206        -3.66023158E-07
   45.2872467        -5.11411656E-07
   45.3717766        -6.77889773E-07
   45.4563065        -8.66028188E-07
   45.5408325        -1.07620485E-06
   45.6253624        -1.30859223E-06
   45.7098885        -1.56314707E-06
   45.7944183        -1.83960105E-06
   45.8789482        -2.13745898E-06
   45.9634743        -2.45599585E-06
   46.0480042        -2.79425853E-06
   46.1325340        -3.15107536E-06
   46.2170601        -3.52506004E-06
   46.3015900        -3.91463254E-06
   46.3861160        -4.31802664E-06
   46.4706459        -4.73331829E-06
   46.5551758        -5.15844204E-06
   46.6397018        -5.59122418E-06
   46.7242317        -6.02940372E-06
   46.8087616        -6.47066463E-06
   46.8932877        -6.91267269E-06
   46.9778175        -7.35310232E-06
   47.0623436        -7.78967296E-06
   47.1468735        -8.22018046E-06
   47.2314034        -8.64252979E-06
   47.3159294        -9.05476736E-06
   47.4004593        -9.45510783E-06
   47.4849892        -9.84196777E-06
   47.5695152        -1.02139757E-05
   47.6540451        -1.05700101E-05
   47.7385712        -1.09091980E-05
   47.8231010        -1.12309453E-05
   47.9076309        -1.15349212E-05
   47.9921570        -1.18210919E-05
   48.0766869        -1.20896811E-05
   48.1612167        -1.23411992E-05
   48.2457428        -1.25763991E-05
   48.3302727        -1.27962812E-05
   48.4147987        -1.30020617E-05
   48.4993286        -1.31951510E-05
   48.5838585        -1.33771164E-05
   48.6683846        -1.35496575E-05
   48.7529144        -1.37145607E-05
   48.8374405        -1.38736768E-05
   48.9219704        -1.40288639E-05
   49.0065002        -1.41819510E-05
   49.0910263        -1.43347161E-05
   49.1755562        -1.44888245E-05
   49.2600861        -1.46458096E-05
   49.3446121        -1.48070212E-05
   49.4291420        -1.49736152E-05
   49.5136681        -1.51465174E-05
   49.5981979        -1.53263918E-05
   49.6827278        -1.55136458E-05
   49.7672539        -1.57084032E-05
   49.8517838        -1.59104984E-05
   49.9363136        -1.61194948E-05
   50.0208397        -1.63346722E-05
   50.1053696        -1.65550537E-05
   50.1898956        -1.67794187E-05
   50.2744255        -1.70063286E-05
   50.3589554        -1.72341643E-05
   50.4434814        -1.74611614E-05
   50.5280113        -1.76854373E-05
   50.6125412        -1.79050385E-05
   50.6970673        -1.81180094E-05
   50.7815971        -1.83223983E-05
   50.8661232        -1.85163426E-05
   50.9506531        -1.86980942E-05
   51.0351830        -1.88660633E-05
   51.1197090        -1.90188712E-05
   51.2042389        -1.91553900E-05
   51.2887688        -1.92747684E-05
   51.3732948        -1.93764663E-05
   51.4578247        -1.94602799E-05
   51.5423508        -1.95263474E-05
   51.6268806        -1.95751818E-05
   51.7114105        -1.96076435E-05
   51.7959366        -1.96249584E-05
   51.8804665        -1.96286928E-05
   51.9649963        -1.96207275E-05
   52.0495224        -1.96032543E-05
   52.1340523        -1.95787070E-05
   52.2185783        -1.95497450E-05
   52.3031082        -1.95191933E-05
   52.3876381        -1.94900003E-05
   52.4721642        -1.94651766E-05
   52.5566940        -1.94477398E-05
   52.6412201        -1.94406584E-05
   52.7257500        -1.94467848E-05
   52.8102798        -1.94687927E-05
   52.8948059        -1.95091543E-05
   52.9793358        -1.95700468E-05
   53.0638657        -1.96533292E-05
   53.1483917        -1.97604841E-05
   53.2329216        -1.98926009E-05
   53.3174477        -2.00503309E-05
   53.4019775        -2.02338761E-05
   53.4865074        -2.04429671E-05
   53.5710335        -2.06768673E-05
   53.6555634        -2.09343907E-05
   53.7400932        -2.12138784E-05
   53.8246193        -2.15132641E-05
   53.9091492        -2.18300902E-05
   53.9936752        -2.21615301E-05
   54.0782051        -2.25044623E-05
   54.1627350        -2.28555054E-05
   54.2472610        -2.32110779E-05
   54.3317909        -2.35674725E-05
   54.4163208        -2.39209039E-05
   54.5008469        -2.42675887E-05
   54.5853767        -2.46038162E-05
   54.6699028        -2.49259901E-05
   54.7544327        -2.52307182E-05
   54.8389626        -2.55148734E-05
   54.9234886        -2.57756292E-05
   55.0080185        -2.60105389E-05
   55.0925484        -2.62175527E-05
   55.1770744        -2.63950733E-05
   55.2616043        -2.65419803E-05
   55.3461304        -2.66576499E-05
   55.4306602        -2.67419709E-05
   55.5151901        -2.67953328E-05
   55.5997162        -2.68186268E-05
   55.6842461        -2.68132644E-05
   55.7687759        -2.67810810E-05
   55.8533020        -2.67243595E-05
   55.9378319        -2.66457864E-05
   56.0223579        -2.65483577E-05
   56.1068878        -2.64353985E-05
   56.1914177        -2.63104412E-05
   56.2759438        -2.61771966E-05
   56.3604736        -2.60394754E-05
   56.4449997        -2.59011467E-05
   56.5295296        -2.57660231E-05
   56.6140594        -2.56378571E-05
   56.6985855        -2.55202285E-05
   56.7831154        -2.54165025E-05
   56.8676453        -2.53297785E-05
   56.9521713        -2.52628379E-05
   57.0367012        -2.52180871E-05
   57.1212273        -2.51975234E-05
   57.2057571        -2.52027148E-05
   57.2902870        -2.52347654E-05
   57.3748131        -2.52942991E-05
   57.4593430        -2.53814524E-05
   57.5438728        -2.54958759E-05
   57.6283989        -2.56367312E-05
   57.7129288        -2.58027321E-05
   57.7974548        -2.59921344E-05
   57.8819847        -2.62027734E-05
   57.9665146        -2.64321225E-05
   58.0510406        -2.66772840E-05
   58.1355705        -2.69351058E-05
   58.2201004        -2.72021480E-05
   58.3046265        -2.74748054E-05
   58.3891563        -2.77493091E-05
   58.4736824        -2.80218246E-05
   58.5582123        -2.82884921E-05
   58.6427422        -2.85454626E-05
   58.7272682        -2.87890034E-05
   58.8117981        -2.90155058E-05
   58.8963280        -2.92215664E-05
   58.9808540        -2.94040510E-05
   59.0653839        -2.95600730E-05
   59.1499100        -2.96871312E-05
   59.2344398        -2.97830793E-05
   59.3189697        -2.98461964E-05
   59.4034958        -2.98751947E-05
   59.4880257        -2.98692630E-05
   59.5725517        -2.98280502E-05
   59.6570816        -2.97517217E-05
   59.7416115        -2.96409344E-05
   59.8261375        -2.94968486E-05
   59.9106674        -2.93211069E-05
   59.9951973        -2.91158340E-05
   60.0797234        -2.88836054E-05
   60.1642532        -2.86274317E-05
   60.2487793        -2.83507252E-05
   60.3333092        -2.80572549E-05
   60.4178391        -2.77511062E-05
   60.5023651        -2.74366284E-05
   60.5868950        -2.71184017E-05
   60.6714249        -2.68011536E-05
   60.7559509        -2.64897135E-05
   60.8404808        -2.61889600E-05
   60.9250069        -2.59037279E-05
   61.0095367        -2.56387739E-05
   61.0940666        -2.53986909E-05
   61.1785927        -2.51878555E-05
   61.2631226        -2.50103567E-05
   61.3476524        -2.48699271E-05
   61.4321785        -2.47699154E-05
   61.5167084        -2.47131829E-05
   61.6012344        -2.47021071E-05
   61.6857643        -2.47385033E-05
   61.7702942        -2.48235865E-05
   61.8548203        -2.49579698E-05
   61.9393501        -2.51416168E-05
   62.0238800        -2.53738344E-05
   62.1084061        -2.56532712E-05
   62.1929359        -2.59779081E-05
   62.2774620        -2.63450856E-05
   62.3619919        -2.67515206E-05
   62.4465218        -2.71933150E-05
   62.5310478        -2.76660303E-05
   62.6155777        -2.81647026E-05
   62.7001076        -2.86838913E-05
   62.7846336        -2.92177738E-05
   62.8691635        -2.97601709E-05
   62.9536896        -3.03046472E-05
   63.0382195        -3.08445597E-05
   63.1227493        -3.13731543E-05
   63.2072754        -3.18836319E-05
   63.2918053        -3.23692548E-05
   63.3763313        -3.28233946E-05
   63.4608612        -3.32396376E-05
   63.5453911        -3.36118683E-05
   63.6299171        -3.39343133E-05
   63.7144470        -3.42016610E-05
   63.7989769        -3.44090877E-05
   63.8835030        -3.45523622E-05
   63.9680328        -3.46278794E-05
   64.0525589        -3.46327251E-05
   64.1370926        -3.45647131E-05
   64.2216187        -3.44224463E-05
   64.3061447        -3.42053463E-05
   64.3906708        -3.39136459E-05
   64.4752045        -3.35484547E-05
   64.5597305        -3.31117481E-05
   64.6442566        -3.26063600E-05
   64.7287903        -3.20360014E-05
   64.8133163        -3.14052413E-05
   64.8978424        -3.07194714E-05
   64.9823761        -2.99848871E-05
   65.0669022        -2.92084424E-05
   65.1514282        -2.83978152E-05
   65.2359619        -2.75613384E-05
   65.3204880        -2.67079540E-05
   65.4050140        -2.58471191E-05
   65.4895477        -2.49887380E-05
   65.5740738        -2.41430898E-05
   65.6585999        -2.33207138E-05
   65.7431259        -2.25323165E-05
   65.8276596        -2.17886754E-05
   65.9121857        -2.11005208E-05
   65.9967117        -2.04784101E-05
   66.0812454        -1.99326423E-05
   66.1657715        -1.94731056E-05
   66.2502975        -1.91091785E-05
   66.3348312        -1.88495997E-05
   66.4193573        -1.87023579E-05
   66.5038834        -1.86745820E-05
   66.5884171        -1.87724127E-05
   66.6729431        -1.90009378E-05
   66.7574692        -1.93640590E-05
   66.8419952        -1.98644375E-05
   66.9265289        -2.05034157E-05
   67.0110550        -2.12809573E-05
   67.0955811        -2.21955906E-05
   67.1801147        -2.32444054E-05
   67.2646408        -2.44230123E-05
   67.3491669        -2.57255779E-05
   67.4337006        -2.71448080E-05
   67.5182266        -2.86720133E-05
   67.6027527        -3.02971712E-05
   67.6872864        -3.20089712E-05
   67.7718124        -3.37949350E-05
   67.8563385        -3.56415039E-05
   67.9408722        -3.75341915E-05
   68.0253983        -3.94576637E-05
   68.1099243        -4.13959679E-05
   68.1944504        -4.33326095E-05
   68.2789841        -4.52508066E-05
   68.3635101        -4.71336025E-05
   68.4480362        -4.89640588E-05
   68.5325699        -5.07254990E-05
   68.6170959        -5.24016177E-05
   68.7016220        -5.39767098E-05
   68.7861557        -5.54358630E-05
   68.8706818        -5.67650968E-05
   68.9552078        -5.79515763E-05
   69.0397415        -5.89837218E-05
   69.1242676        -5.98514125E-05
   69.2087936        -6.05460773E-05
   69.2933273        -6.10608113E-05
   69.3778534        -6.13905140E-05
   69.4623795        -6.15319514E-05
   69.5469055        -6.14837845E-05
   69.6314392        -6.12466829E-05
   69.7159653        -6.08232695E-05
   69.8004913        -6.02181826E-05
   69.8850250        -5.94380217E-05
   69.9695511        -5.84913105E-05
   70.0540771        -5.73884063E-05
   70.1386108        -5.61415000E-05
   70.2231369        -5.47643867E-05
   70.3076630        -5.32724516E-05
   70.3921967        -5.16824584E-05
   70.4767227        -5.00124333E-05
   70.5612488        -4.82814612E-05
   70.6457748        -4.65095218E-05
   70.7303085        -4.47172679E-05
   70.8148346        -4.29258434E-05
   70.8993607        -4.11566580E-05
   70.9838943        -3.94311755E-05
   71.0684204        -3.77706565E-05
   71.1529465        -3.61959865E-05
   71.2374802        -3.47274363E-05
   71.3220062        -3.33843964E-05
   71.4065323        -3.21852458E-05
   71.4910660        -3.11470867E-05
   71.5755920        -3.02855806E-05
   71.6601181        -2.96147537E-05
   71.7446518        -2.91468332E-05
   71.8291779        -2.88921001E-05
   71.9137039        -2.88587580E-05
   71.9982300        -2.90528133E-05
   72.0827637        -2.94779984E-05
   72.1672897        -3.01356795E-05
   72.2518158        -3.10248433E-05
   72.3363495        -3.21420484E-05
   72.4208755        -3.34814504E-05
   72.5054016        -3.50348273E-05
   72.5899353        -3.67916327E-05
   72.6744614        -3.87390864E-05
   72.7589874        -4.08622727E-05
   72.8435211        -4.31442822E-05
   72.9280472        -4.55663539E-05
   73.0125732        -4.81080824E-05
   73.0971069        -5.07475706E-05
   73.1816330        -5.34616847E-05
   73.2661591        -5.62262940E-05
   73.3506851        -5.90164564E-05
   73.4352188        -6.18067279E-05
   73.5197449        -6.45714390E-05
   73.6042709        -6.72848983E-05
   73.6888046        -6.99217417E-05
   73.7733307        -7.24571364E-05
   73.8578568        -7.48670936E-05
   73.9423904        -7.71286868E-05
   74.0269165        -7.92202991E-05
   74.1114426        -8.11219215E-05
   74.1959763        -8.28152188E-05
   74.2805023        -8.42838563E-05
   74.3650284        -8.55136168E-05
   74.4495544        -8.64925096E-05
   74.5340881        -8.72109376E-05
   74.6186142        -8.76617414E-05
   74.7031403        -8.78403007E-05
   74.7876740        -8.77444836E-05
   74.8722000        -8.73747413E-05
   74.9567261        -8.67339986E-05
   75.0412598        -8.58276180E-05
   75.1257858        -8.46633120E-05
   75.2103119        -8.32510486E-05
   75.2948456        -8.16028987E-05
   75.3793716        -7.97328612E-05
   75.4638977        -7.76566958E-05
   75.5484314        -7.53918212E-05
   75.6329575        -7.29569656E-05
   75.7174835        -7.03720652E-05
   75.8020096        -6.76579875E-05
   75.8865433        -6.48364075E-05
   75.9710693        -6.19295097E-05
   76.0555954        -5.89597657E-05
   76.1401291        -5.59498367E-05
   76.2246552        -5.29222452E-05
   76.3091812        -4.98993068E-05
   76.3937149        -4.69028746E-05
   76.4782410        -4.39542418E-05
   76.5627670        -4.10739558E-05
   76.6473007        -3.82817270E-05
   76.7318268        -3.55962875E-05
   76.8163528        -3.30353032E-05
   76.9008865        -3.06153197E-05
   76.9854126        -2.83516565E-05
   77.0699387        -2.62583690E-05
   77.1544647        -2.43482082E-05
   77.2389984        -2.26325938E-05
   77.3235245        -2.11215647E-05
   77.4080505        -1.98237885E-05
   77.4925842        -1.87465612E-05
   77.5771103        -1.78957434E-05
   77.6616364        -1.72758209E-05
   77.7461700        -1.68898659E-05
   77.8306961        -1.67395483E-05
   77.9152222        -1.68251208E-05
   77.9997559        -1.71454376E-05
   78.0842819        -1.76979302E-05
   78.1688080        -1.84786204E-05
   78.2533340        -1.94820914E-05
   78.3378677        -2.07015128E-05
   78.4223938        -2.21286100E-05
   78.5069199        -2.37536697E-05
   78.5914536        -2.55655523E-05
   78.6759796        -2.75516868E-05
   78.7605057        -2.96980616E-05
   78.8450394        -3.19892752E-05
   78.9295654        -3.44085347E-05
   79.0140915        -3.69377012E-05
   79.0986252        -3.95573406E-05
   79.1831512        -4.22467565E-05
   79.2676773        -4.49841027E-05
   79.3522110        -4.77464091E-05
   79.4367371        -5.05097414E-05
   79.5212631        -5.32492704E-05
   79.6057892        -5.59394030E-05
   79.6903229        -5.85539565E-05
   79.7748489        -6.10662828E-05
   79.8593750        -6.34494208E-05
   79.9439087        -6.56762932E-05
   80.0284348        -6.77199132E-05
   80.1129608        -6.95535418E-05
   80.1974945        -7.11509128E-05
   80.2820206        -7.24864294E-05
   80.3665466        -7.35353678E-05
   80.4510803        -7.42740958E-05
   80.5356064        -7.46802616E-05
   80.6201324        -7.47329977E-05
   80.7046585        -7.44131394E-05
   80.7891922        -7.37033552E-05
   80.8737183        -7.25883874E-05
   80.9582443        -7.10551612E-05
   81.0427780        -6.90929373E-05
   81.1273041        -6.66934502E-05
   81.2118301        -6.38510464E-05
   81.2963638        -6.05627501E-05
   81.3808899        -5.68282994E-05
   81.4654160        -5.26503027E-05
   81.5499496        -4.80341878E-05
   81.6344757        -4.29882421E-05
   81.7190018        -3.75236159E-05
   81.8035355        -3.16542792E-05
   81.8880615        -2.53969902E-05
   81.9725876        -1.87712230E-05
   82.0571136        -1.17990567E-05
   82.1416473        -4.50506423E-06
   82.2261734         3.08377867E-06
   82.3106995         1.09382809E-05
   82.3952332         1.90271767E-05
   82.4797592         2.73173482E-05
   82.5642853         3.57739991E-05
   82.6488190         4.43608878E-05
   82.7333450         5.30405450E-05
   82.8178711         6.17745827E-05
   82.9024048         7.05238781E-05
   82.9869308         7.92489300E-05
   83.0714569         8.79100771E-05
   83.1559906         9.64678402E-05
   83.2405167         1.04883249E-04
   83.3250427         1.13118047E-04
   83.4095688         1.21135126E-04
   83.4941025         1.28898711E-04
   83.5786285         1.36374802E-04
   83.6631546         1.43531288E-04
   83.7476883         1.50338368E-04
   83.8322144         1.56768787E-04
   83.9167404         1.62798009E-04
   84.0012741         1.68404542E-04
   84.0858002         1.73569948E-04
   84.1703262         1.78279239E-04
   84.2548599         1.82520787E-04
   84.3393860         1.86286532E-04
   84.4239120         1.89571976E-04
   84.5084381         1.92376232E-04
   84.5929718         1.94701846E-04
   84.6774979         1.96554902E-04
   84.7620239         1.97944770E-04
   84.8465576         1.98883950E-04
   84.9310837         1.99387854E-04
   85.0156097         1.99474656E-04
   85.1001434         1.99164802E-04
   85.1846695         1.98480964E-04
   85.2691956         1.97447487E-04
   85.3537292         1.96090201E-04
   85.4382553         1.94435866E-04
   85.5227814         1.92511972E-04
   85.6073151         1.90346327E-04
   85.6918411         1.87966696E-04
   85.7763672         1.85400349E-04
   85.8608932         1.82673888E-04
   85.9454269         1.79812909E-04
   86.0299530         1.76841553E-04
   86.1144791         1.73782537E-04
   86.1990128         1.70656785E-04
   86.2835388         1.67483362E-04
   86.3680649         1.64279263E-04
   86.4525986         1.61059419E-04
   86.5371246         1.57836606E-04
   86.6216507         1.54621623E-04
   86.7061844         1.51423170E-04
   86.7907104         1.48248015E-04
   86.8752365         1.45101192E-04
   86.9597702         1.41986078E-04
   87.0442963         1.38904667E-04
   87.1288223         1.35857728E-04
   87.2133484         1.32845002E-04
   87.2978821         1.29865512E-04
   87.3824081         1.26917730E-04
   87.4669342         1.23999867E-04
   87.5514679         1.21109973E-04
   87.6359940         1.18246237E-04
   87.7205200         1.15407165E-04
   87.8050537         1.12591646E-04
   87.8895798         1.09799148E-04
   87.9741058         1.07029831E-04
   88.0586395         1.04284445E-04
   88.1431656         1.01564590E-04
   88.2276917         9.88725296E-05
   88.3122177         9.62112172E-05
   88.3967514         9.35842618E-05
   88.4812775         9.09957962E-05
   88.5658035         8.84503897E-05
   88.6503372         8.59529027E-05
   88.7348633         8.35084065E-05
   88.8193893         8.11219434E-05
   88.9039230         7.87985191E-05
   88.9884491         7.65427831E-05
   89.0729752         7.43590936E-05
   89.1575089         7.22512632E-05
   89.2420349         7.02225152E-05
   89.3265610         6.82754326E-05
   89.4110947         6.64118052E-05
   89.4956207         6.46327389E-05
   89.5801468         6.29385468E-05
   89.6646729         6.13288357E-05
   89.7492065         5.98025581E-05
   89.8337326         5.83580222E-05
   89.9182587         5.69931326E-05
   90.0027924         5.57053609E-05
   90.0873184         5.44920040E-05
   90.1718445         5.33502644E-05
   90.2563782         5.22774608E-05
   90.3409042         5.12711158E-05
   90.4254303         5.03292213E-05
   90.5099640         4.94502601E-05
   90.5944901         4.86334757E-05
   90.6790161         4.78788934E-05
   90.7635498         4.71874519E-05
   90.8480759         4.65611156E-05
   90.9326019         4.60028750E-05
   91.0171280         4.55167901E-05
   91.1016617         4.51079541E-05
   91.1861877         4.47824750E-05
   91.2707138         4.45473925E-05
   91.3552475         4.44105608E-05
   91.4397736         4.43805220E-05
   91.5242996         4.44663092E-05
   91.6088333         4.46773520E-05
   91.6933594         4.50231528E-05
   91.7778854         4.55131267E-05
   91.8624191         4.61563759E-05
   91.9469452         4.69614497E-05
   92.0314713         4.79360642E-05
   92.1159973         4.90869134E-05
   92.2005310         5.04194104E-05
   92.2850571         5.19374807E-05
   92.3695831         5.36433945E-05
   92.4541168         5.55375627E-05
   92.5386429         5.76183520E-05
   92.6231689         5.98820661E-05
   92.7077026         6.23227606E-05
   92.7922287         6.49322319E-05
   92.8767548         6.76999625E-05
   92.9612885         7.06132341E-05
   93.0458145         7.36570291E-05
   93.1303406         7.68141981E-05
   93.2148743         8.00656344E-05
   93.2994003         8.33903323E-05
   93.3839264         8.67655908E-05
   93.4684525         9.01672684E-05
   93.5529861         9.35700373E-05
   93.6375122         9.69475732E-05
   93.7220383         1.00272853E-04
   93.8065720         1.03518549E-04
   93.8910980         1.06657208E-04
   93.9756241         1.09661691E-04
   94.0601578         1.12505339E-04
   94.1446838         1.15162453E-04
   94.2292099         1.17608470E-04
   94.3137436         1.19820324E-04
   94.3982697         1.21776757E-04
   94.4827957         1.23458478E-04
   94.5673294         1.24848448E-04
   94.6518555         1.25932158E-04
   94.7363815         1.26697661E-04
   94.8209076         1.27135805E-04
   94.9054413         1.27240361E-04
   94.9899673         1.27008010E-04
   95.0744934         1.26438419E-04
   95.1590271         1.25534207E-04
   95.2435532         1.24300888E-04
   95.3280792         1.22746860E-04
   95.4126129         1.20883131E-04
   95.4971390         1.18723277E-04
   95.5816650         1.16283198E-04
   95.6661987         1.13580936E-04
   95.7507248         1.10636392E-04
   95.8352509         1.07471089E-04
   95.9197769         1.04107894E-04
   96.0043106         1.00570687E-04
   96.0888367         9.68841414E-05
   96.1733627         9.30734168E-05
   96.2578964         8.91638192E-05
   96.3424225         8.51805817E-05
   96.4269485         8.11486170E-05
   96.5114822         7.70921979E-05
   96.5960083         7.30348547E-05
   96.6805344         6.89990411E-05
   96.7650681         6.50061338E-05
   96.8495941         6.10761199E-05
   96.9341202         5.72276113E-05
   97.0186539         5.34777209E-05
   97.1031799         4.98420013E-05
   97.1877060         4.63344259E-05
   97.2722321         4.29674037E-05
   97.3567657         3.97518052E-05
   97.4412918         3.66969580E-05
   97.5258179         3.38107930E-05
   97.6103516         3.10998257E-05
   97.6948776         2.85693204E-05
   97.7794037         2.62233243E-05
   97.8639374         2.40647951E-05
   97.9484634         2.20956608E-05
   98.0329895         2.03169475E-05
   98.1175232         1.87288260E-05
   98.2020493         1.73306871E-05
   98.2865753         1.61212247E-05
   98.3711014         1.50984552E-05
   98.4556351         1.42597910E-05
   98.5401611         1.36020099E-05
   98.6246872         1.31213073E-05
   98.7092209         1.28132997E-05
   98.7937469         1.26729738E-05
   98.8782730         1.26946952E-05
   98.9628067         1.28721931E-05
   99.0473328         1.31984980E-05
   99.1318588         1.36659282E-05
   99.2163925         1.42660710E-05
   99.3009186         1.49897287E-05
   99.3854446         1.58269286E-05
   99.4699783         1.67668968E-05
   99.5545044         1.77980583E-05
   99.6390305         1.89080602E-05
   99.7235565         2.00837931E-05
   99.8080902         2.13114417E-05
   99.8926163         2.25765489E-05
   99.9771423         2.38640860E-05
   100.061676         2.51585479E-05
   100.146202         2.64440750E-05
   100.230728         2.77045474E-05
   100.315262         2.89237705E-05
   100.399788         3.00855791E-05
   100.484314         3.11740041E-05
   100.568848         3.21734296E-05
   100.653374         3.30687617E-05
   100.737900         3.38455902E-05
   100.822433         3.44903165E-05
   100.906960         3.49903930E-05
   100.991486         3.53343166E-05
   101.076012         3.55119482E-05
   101.160545         3.55144584E-05
   101.245071         3.53346113E-05
   101.329597         3.49666370E-05
   101.414131         3.44065520E-05
   101.498657         3.36519697E-05
   101.583183         3.27023408E-05
   101.667717         3.15588295E-05
   101.752243         3.02243607E-05
   101.836769         2.87036019E-05
   101.921303         2.70028886E-05
   102.005829         2.51301335E-05
   102.090355         2.30948608E-05
   102.174881         2.09079863E-05
   102.259415         1.85817480E-05
   102.343941         1.61295829E-05
   102.428467         1.35660048E-05
   102.513000         1.09064222E-05
   102.597527         8.16700958E-06
   102.682053         5.36453945E-06
   102.766586         2.51622168E-06
   102.851112        -3.60483313E-07
   102.935638        -3.24799726E-06
   103.020172        -6.12882059E-06
   103.104698        -8.98569124E-06
   103.189224        -1.18017424E-05
   103.273758        -1.45606682E-05
   103.358284        -1.72468554E-05
   103.442810        -1.98455455E-05
   103.527336        -2.23429597E-05
   103.611870        -2.47264161E-05
   103.696396        -2.69844422E-05
   103.780922        -2.91068754E-05
   103.865456        -3.10849500E-05
   103.949982        -3.29113536E-05
   104.034508        -3.45802946E-05
   104.119041        -3.60875383E-05
   104.203568        -3.74304072E-05
   104.288094        -3.86078063E-05
   104.372627        -3.96202158E-05
   104.457153        -4.04696293E-05
   104.541679        -4.11595356E-05
   104.626213        -4.16948460E-05
   104.710739        -4.20818069E-05
   104.795265        -4.23279380E-05
   104.879791        -4.24418722E-05
   104.964325        -4.24332829E-05
   105.048851        -4.23127458E-05
   105.133377        -4.20915712E-05
   105.217911        -4.17817027E-05
   105.302437        -4.13955167E-05
   105.386963        -4.09457280E-05
   105.471497        -4.04451421E-05
   105.556023        -3.99065975E-05
   105.640549        -3.93427326E-05
   105.725082        -3.87658729E-05
   105.809608        -3.81878563E-05
   105.894135        -3.76199023E-05
   105.978661        -3.70724701E-05
   106.063194        -3.65551496E-05
   106.147720        -3.60764825E-05
   106.232246        -3.56439632E-05
   106.316780        -3.52638453E-05
   106.401306        -3.49411202E-05
   106.485832        -3.46794477E-05
   106.570366        -3.44810614E-05
   106.654892        -3.43468273E-05
   106.739418        -3.42761559E-05
   106.823952        -3.42670392E-05
   106.908478        -3.43160827E-05
   106.993004        -3.44185355E-05
   107.077538        -3.45683620E-05
   107.162064        -3.47583264E-05
   107.246590        -3.49801230E-05
   107.331116        -3.52244751E-05
   107.415649        -3.54812619E-05
   107.500175        -3.57397439E-05
   107.584702        -3.59886944E-05
   107.669235        -3.62166102E-05
   107.753761        -3.64119442E-05
   107.838287        -3.65632950E-05
   107.922821        -3.66596287E-05
   108.007347        -3.66905660E-05
   108.091873        -3.66465320E-05
   108.176407        -3.65190535E-05
   108.260933        -3.63009494E-05
   108.345459        -3.59865044E-05
   108.429993        -3.55716838E-05
   108.514519        -3.50542796E-05
   108.599045        -3.44340369E-05
   108.683571        -3.37127494E-05
   108.768105        -3.28943133E-05
   108.852631        -3.19847422E-05
   108.937157        -3.09921561E-05
   109.021690        -2.99266885E-05
   109.106216        -2.88003866E-05
   109.190742        -2.76270584E-05
   109.275276        -2.64220816E-05
   109.359802        -2.52021400E-05
   109.444328        -2.39849887E-05
   109.528862        -2.27891214E-05
   109.613388        -2.16334538E-05
   109.697914        -2.05369925E-05
   109.782440        -1.95184475E-05
   109.866974        -1.85958907E-05
   109.951500        -1.77863949E-05
   110.036026        -1.71056472E-05
   110.120560        -1.65676502E-05
   110.205086        -1.61843764E-05
   110.289612        -1.59655010E-05
   110.374146        -1.59181309E-05
   110.458672        -1.60466134E-05
   110.543198        -1.63523546E-05
   110.627731        -1.68337210E-05
   110.712257        -1.74859470E-05
   110.796783        -1.83011525E-05
   110.881317        -1.92683656E-05
   110.965843        -2.03736345E-05
   111.050369        -2.16001627E-05
   111.134895        -2.29285251E-05
   111.219429        -2.43369013E-05
   111.303955        -2.58013752E-05
   111.388481        -2.72962661E-05
   111.473015        -2.87944767E-05
   111.557541        -3.02679018E-05
   111.642067        -3.16878213E-05
   111.726601        -3.30253388E-05
   111.811127        -3.42518179E-05
   111.895653        -3.53393043E-05
   111.980186        -3.62609571E-05
   112.064713        -3.69914669E-05
   112.149239        -3.75074851E-05
   112.233772        -3.77879296E-05
   112.318298        -3.78144177E-05
   112.402824        -3.75715208E-05
   112.487350        -3.70470516E-05
   112.571884        -3.62323117E-05
   112.656410        -3.51222552E-05
   112.740936        -3.37156380E-05
   112.825470        -3.20151194E-05
   112.909996        -3.00272714E-05
   112.994522        -2.77625859E-05
   113.079056        -2.52353875E-05
   113.163582        -2.24637442E-05
   113.248108        -1.94692657E-05
   113.332642        -1.62769138E-05
   113.417168        -1.29147274E-05
   113.501694        -9.41351300E-06
   113.586220        -5.80651658E-06
   113.670753        -2.12902455E-06
   113.755280         1.58202897E-06
   113.839806         5.28851706E-06
   113.924339         8.95156518E-06
   114.008865         1.25320412E-05
   114.093391         1.59910342E-05
   114.177925         1.92903390E-05
   114.262451         2.23929655E-05
   114.346977         2.52636182E-05
   114.431511         2.78691405E-05
   114.516037         3.01790114E-05
   114.600563         3.21657317E-05
   114.685097         3.38052341E-05
   114.769623         3.50772425E-05
   114.854149         3.59655860E-05
   114.938675         3.64584557E-05
   115.023209         3.65486303E-05
   115.107735         3.62336323E-05
   115.192261         3.55158336E-05
   115.276794         3.44024847E-05
   115.361320         3.29056966E-05
   115.445847         3.10423675E-05
   115.530380         2.88339761E-05
   115.614906         2.63064485E-05
   115.699432         2.34897943E-05
   115.783966         2.04178341E-05
   115.868492         1.71277607E-05
   115.953018         1.36597264E-05
   116.037552         1.00563348E-05
   116.122078         6.36211826E-06
   116.206604         2.62297340E-06
   116.291130        -1.11441580E-06
   116.375664        -4.80317613E-06
   116.460190        -8.39686618E-06
   116.544716        -1.18500657E-05
   116.629250        -1.51189688E-05
   116.713776        -1.81619598E-05
   116.798302        -2.09401605E-05
   116.882835        -2.34179279E-05
   116.967361        -2.55633058E-05
   117.051888        -2.73484602E-05
   117.136421        -2.87500061E-05
   117.220947        -2.97492970E-05
   117.305473        -3.03326615E-05
   117.389999        -3.04915575E-05
   117.474533        -3.02226345E-05
   117.559059        -2.95277296E-05
   117.643585        -2.84138787E-05
   117.728119        -2.68930817E-05
   117.812645        -2.49821987E-05
   117.897171        -2.27026085E-05
   117.981705        -2.00799604E-05
   118.066231        -1.71437550E-05
   118.150757        -1.39269432E-05
   118.235291        -1.04654655E-05
   118.319817        -6.79776667E-06
   118.404343        -2.96426856E-06
   118.488876         9.93147182E-07
   118.573402         5.03169122E-06
   118.657928         9.10820381E-06
   118.742455         1.31796896E-05
   118.826988         1.72038472E-05
   118.911514         2.11395582E-05
   118.996040         2.49473796E-05
   119.080574         2.85899641E-05
   119.165100         3.20324834E-05
   119.249626         3.52429743E-05
   119.334160         3.81926548E-05
   119.418686         4.08562046E-05
   119.503212         4.32119632E-05
   119.587746         4.52420936E-05
   119.672272         4.69326878E-05
   119.756798         4.82738105E-05
   119.841324         4.92595209E-05
   119.925858         4.98877998E-05
   120.010384         5.01604372E-05
   120.094910         5.00829192E-05
   120.179443         4.96641987E-05
   120.263969         4.89164922E-05
   120.348495         4.78550101E-05
   120.433029         4.64976401E-05
   120.517555         4.48646788E-05
   120.602081         4.29784450E-05
   120.686615         4.08629821E-05
   120.771141         3.85436542E-05
   120.855667         3.60468694E-05
   120.940201         3.33996722E-05
   121.024727         3.06294314E-05
   121.109253         2.77635190E-05
   121.193779         2.48290271E-05
   121.278313         2.18524765E-05
   121.362839         1.88595732E-05
   121.447365         1.58749990E-05
   121.531898         1.29222099E-05
   121.616425         1.00232974E-05
   121.700951         7.19885202E-06
   121.785484         4.46787453E-06
   121.870010         1.84771056E-06
   121.954536        -6.45981743E-07
   122.039070        -2.99924113E-06
   122.123596        -5.19979449E-06
   122.208122        -7.23702851E-06
   122.292656        -9.10192739E-06
   122.377182        -1.07870283E-05
   122.461708        -1.22863612E-05
   122.546234        -1.35953551E-05
   122.630768        -1.47107894E-05
   122.715294        -1.56307196E-05
   122.799820        -1.63544046E-05
   122.884354        -1.68822808E-05
   122.968880        -1.72158798E-05
   123.053406        -1.73578410E-05
   123.137939        -1.73118533E-05
   123.222466        -1.70826643E-05
   123.306992        -1.66760910E-05
   123.391525        -1.60990239E-05
   123.476051        -1.53594519E-05
   123.560577        -1.44664928E-05
   123.645103        -1.34304009E-05
   123.729637        -1.22626352E-05
   123.814163        -1.09758439E-05
   123.898689        -9.58389319E-06
   123.983223        -8.10186430E-06
   124.067749        -6.54604401E-06
   124.152275        -4.93387506E-06
   124.236809        -3.28390774E-06
   124.321335        -1.61570085E-06
   124.405861         5.02855428E-08
   124.490395         1.69283726E-06
   124.574921         3.29015938E-06
   124.659447         4.82008136E-06
   124.743980         6.26028532E-06
   124.828506         7.58856777E-06
   124.913033         8.78311221E-06
   124.997559         9.82279380E-06
   125.082092         1.06874822E-05
   125.166618         1.13583665E-05
   125.251144         1.18182743E-05
   125.335678         1.20519926E-05
   125.420204         1.20465675E-05
   125.504730         1.17916061E-05
   125.589264         1.12795296E-05
   125.673790         1.05058234E-05
   125.758316         9.46922955E-06
   125.842850         8.17191358E-06
   125.927376         6.61957438E-06
   126.011902         4.82151609E-06
   126.096436         2.79064898E-06
   126.180962         5.43455030E-07
   126.265488        -1.90012156E-06
   126.350014        -4.51683081E-06
   126.434547        -7.28033274E-06
   126.519073        -1.01614787E-05
   126.603600        -1.31286242E-05
   126.688133        -1.61480129E-05
   126.772659        -1.91841846E-05
   126.857185        -2.22004473E-05
   126.941719        -2.51593337E-05
   127.026245        -2.80231452E-05
   127.110771        -3.07544469E-05
   127.195305        -3.33166099E-05
   127.279831        -3.56743549E-05
   127.364357        -3.77942415E-05
   127.448883        -3.96452051E-05
   127.533417        -4.11989931E-05
   127.617943        -4.24306309E-05
   127.702469        -4.33188106E-05
   127.787003        -4.38462412E-05
   127.871529        -4.39999239E-05
   127.956055        -4.37714079E-05
   128.040588        -4.31569715E-05
   128.125107        -4.21577024E-05
   128.209641        -4.07795487E-05
   128.294174        -3.90333007E-05
   128.378693        -3.69344707E-05
   128.463226        -3.45031476E-05
   128.547760        -3.17637896E-05
   128.632278        -2.87448947E-05
   128.716812        -2.54786846E-05
   128.801346        -2.20007078E-05
   128.885864        -1.83494012E-05
   128.970398        -1.45656059E-05
   129.054932        -1.06920606E-05
   129.139450        -6.77286880E-06
   129.223984        -2.85293982E-06
   129.308517         1.02256706E-06
   129.393036         4.80880954E-06
   129.477570         8.46182593E-06
   129.562103         1.19390734E-05
   129.646622         1.51999611E-05
   129.731155         1.82063504E-05
   129.815689         2.09230075E-05
   129.900208         2.33180599E-05
   129.984741         2.53633480E-05
   130.069275         2.70347973E-05
   130.153793         2.83126574E-05
   130.238327         2.91817560E-05
   130.322861         2.96316757E-05
   130.407379         2.96568505E-05
   130.491913         2.92565983E-05
   130.576431         2.84351590E-05
   130.660965         2.72015623E-05
   130.745499         2.55695559E-05
   130.830017         2.35573880E-05
   130.914551         2.11875849E-05
   130.999084         1.84866767E-05
   131.083603         1.54848422E-05
   131.168137         1.22155679E-05
   131.252670         8.71523662E-06
   131.337189         5.02268631E-06
   131.421722         1.17876539E-06
   131.506256        -2.77413483E-06
   131.590775        -6.79259574E-06
   131.675308        -1.08326240E-05
   131.759842        -1.48501986E-05
   131.844360        -1.88016875E-05
   131.928894        -2.26444099E-05
   132.013428        -2.63370202E-05
   132.097946        -2.98400046E-05
   132.182480        -3.31160700E-05
   132.267014        -3.61305611E-05
   132.351532        -3.88517728E-05
   132.436066        -4.12512964E-05
   132.520599        -4.33043133E-05
   132.605118        -4.49898143E-05
   132.689651        -4.62907956E-05
   132.774185        -4.71944550E-05
   132.858704        -4.76922432E-05
   132.943237        -4.77799658E-05
   133.027771        -4.74578264E-05
   133.112289        -4.67303616E-05
   133.196823        -4.56063681E-05
   133.281342        -4.40988515E-05
   133.365875        -4.22248013E-05
   133.450409        -4.00050485E-05
   133.534927        -3.74639712E-05
   133.619461        -3.46292691E-05
   133.703995        -3.15316429E-05
   133.788513        -2.82044421E-05
   133.873047        -2.46832769E-05
   133.957581        -2.10056551E-05
   134.042099        -1.72105320E-05
   134.126633        -1.33378917E-05
   134.211166        -9.42829320E-06
   134.295685        -5.52240863E-06
   134.380219        -1.66057544E-06
   134.464752         2.11766360E-06
   134.549271         5.77401079E-06
   134.633804         9.27183737E-06
   134.718338         1.25765964E-05
   134.802856         1.56562164E-05
   134.887390         1.84814508E-05
   134.971924         2.10262024E-05
   135.056442         2.32678212E-05
   135.140976         2.51873244E-05
   135.225510         2.67696014E-05
   135.310028         2.80035656E-05
   135.394562         2.88822339E-05
   135.479095         2.94027886E-05
   135.563614         2.95665504E-05
   135.648148         2.93789162E-05
   135.732666         2.88492665E-05
   135.817200         2.79907526E-05
   135.901733         2.68201475E-05
   135.986252         2.53575163E-05
   136.070786         2.36260003E-05
   136.155319         2.16514181E-05
   136.239838         1.94619461E-05
   136.324371         1.70877247E-05
   136.408905         1.45604354E-05
   136.493423         1.19129163E-05
   136.577957         9.17871785E-06
   136.662491         6.39168638E-06
   136.747009         3.58554189E-06
   136.831543         7.93465688E-07
   136.916077        -1.95228404E-06
   137.000595        -4.62075104E-06
   137.085129        -7.18263118E-06
   137.169662        -9.61059322E-06
   137.254181        -1.18795588E-05
   137.338715        -1.39669592E-05
   137.423248        -1.58529529E-05
   137.507767        -1.75205987E-05
   137.592300        -1.89559869E-05
   137.676834        -2.01483508E-05
   137.761353        -2.10901017E-05
   137.845886        -2.17768520E-05
   137.930420        -2.22073977E-05
   138.014938        -2.23836450E-05
   138.099472        -2.23105253E-05
   138.183990        -2.19958565E-05
   138.268524        -2.14502015E-05
   138.353058        -2.06866371E-05
   138.437576        -1.97206009E-05
   138.522110        -1.85695935E-05
   138.606644        -1.72529744E-05
   138.691162        -1.57916566E-05
   138.775696        -1.42078388E-05
   138.860229        -1.25247043E-05
   138.944748        -1.07661181E-05
   139.029282        -8.95633457E-06
   139.113815        -7.11967732E-06
   139.198334        -5.28024930E-06
   139.282867        -3.46163915E-06
   139.367401        -1.68663939E-06
   139.451920         2.30252652E-08
   139.536453         1.64694848E-06
   139.620987         3.16627097E-06
   139.705505         4.56389398E-06
   139.790039         5.82466328E-06
   139.874573         6.93552511E-06
   139.959091         7.88565194E-06
   140.043625         8.66655500E-06
   140.128159         9.27212932E-06
   140.212677         9.69871053E-06
   140.297211         9.94506536E-06
   140.381744         1.00123725E-05
   140.466263         9.90415629E-06
   140.550797         9.62619833E-06
   140.635330         9.18642581E-06
   140.719849         8.59475676E-06
   140.804382         7.86294822E-06
   140.888901         7.00438204E-06
   140.973434         6.03387707E-06
   141.057968         4.96746497E-06
   141.142487         3.82214375E-06
   141.227020         2.61564651E-06
   141.311554         1.36619167E-06
   141.396072         9.22496994E-08
   141.480606        -1.18772459E-06
   141.565140        -2.45549427E-06
   141.649658        -3.69328222E-06
   141.734192        -4.88398837E-06
   141.818726        -6.01136298E-06
   141.903244        -7.06019864E-06
   141.987778        -8.01648275E-06
   142.072311        -8.86752969E-06
   142.156830        -9.60211582E-06
   142.241364        -1.02105369E-05
   142.325897        -1.06847137E-05
   142.410416        -1.10182400E-05
   142.494949        -1.12063999E-05
   142.579483        -1.12461885E-05
   142.664001        -1.11363142E-05
   142.748535        -1.08771701E-05
   142.833069        -1.04708060E-05
   142.917587        -9.92087462E-06
   143.002121        -9.23256903E-06
   143.086655        -8.41255678E-06
   143.171173        -7.46889509E-06
   143.255707        -6.41093538E-06
   143.340225        -5.24922916E-06
   143.424759        -3.99541477E-06
   143.509293        -2.66210805E-06
   143.593811        -1.26277803E-06
   143.678345         1.88372667E-07
   143.762878         1.67654684E-06
   143.847397         3.18647699E-06
   143.931931         4.70256782E-06
   144.016464         6.20903347E-06
   144.100983         7.69003691E-06
   144.185516         9.12983796E-06
   144.270050         1.05129247E-05
   144.354568         1.18241569E-05
   144.439102         1.30489079E-05
   144.523636         1.41731853E-05
   144.608154         1.51837812E-05
   144.692688         1.60683812E-05
   144.777222         1.68156857E-05
   144.861740         1.74155284E-05
   144.946274         1.78589726E-05
   145.030807         1.81384166E-05
   145.115326         1.82476688E-05
   145.199860         1.81820324E-05
   145.284393         1.79383624E-05
   145.368912         1.75151235E-05
   145.453445         1.69124414E-05
   145.537979         1.61321095E-05
   145.622498         1.51776285E-05
   145.707031         1.40541924E-05
   145.791550         1.27686935E-05
   145.876083         1.13296865E-05
   145.960617         9.74735758E-06
   146.045135         8.03347484E-06
   146.129669         6.20131095E-06
   146.214203         4.26557108E-06
   146.298721         2.24229120E-06
   146.383255         1.48728375E-07
   146.467789        -1.99676515E-06
   146.552307        -4.17488627E-06
   146.636841        -6.36553614E-06
   146.721375        -8.54799418E-06
   146.805893        -1.07011047E-05
   146.890427        -1.28034753E-05
   146.974960        -1.48336831E-05
   147.059479        -1.67705039E-05
   147.144012        -1.85931422E-05
   147.228546        -2.02814645E-05
   147.313065        -2.18162440E-05
   147.397598        -2.31793947E-05
   147.482132        -2.43542163E-05
   147.566650        -2.53256403E-05
   147.651184        -2.60804118E-05
   147.735718        -2.66073421E-05
   147.820236        -2.68974836E-05
   147.904770        -2.69442880E-05
   147.989304        -2.67437754E-05
   148.073822        -2.62946251E-05
   148.158356        -2.55982832E-05
   148.242874        -2.46589898E-05
   148.327408        -2.34838099E-05
   148.411942        -2.20825987E-05
   148.496460        -2.04679636E-05
   148.580994        -1.86551060E-05
   148.665527        -1.66617428E-05
   148.750046        -1.45078775E-05
   148.834579        -1.22155998E-05
   148.919113        -9.80882942E-06
   149.003632        -7.31302362E-06
   149.088165        -4.75487514E-06
   149.172699        -2.16196077E-06
   149.257217         4.37605053E-07
   149.341751         3.01555110E-06
   149.426285         5.54381995E-06
   149.510803         7.99494683E-06
   149.595337         1.03424336E-05
   149.679871         1.25611205E-05
   149.764389         1.46275215E-05
   149.848923         1.65201454E-05
   149.933456         1.82198091E-05
   150.017975         1.97098707E-05
   150.102509         2.09764730E-05
   150.187042         2.20087040E-05
   150.271561         2.27987766E-05
   150.356094         2.33420706E-05
   150.440628         2.36372071E-05
   150.525146         2.36860378E-05
   150.609680         2.34935815E-05
   150.694214         2.30679525E-05
   150.778732         2.24201904E-05
   150.863266         2.15640848E-05
   150.947784         2.05159522E-05
   151.032318         1.92943753E-05
   151.116852         1.79198978E-05
   151.201370         1.64147314E-05
   151.285904         1.48023946E-05
   151.370438         1.31073557E-05
   151.454956         1.13546839E-05
   151.539490         9.56966323E-06
   151.624023         7.77742480E-06
   151.708542         6.00257999E-06
   151.793076         4.26887027E-06
   151.877609         2.59882518E-06
   151.962128         1.01345142E-06
   152.046661        -4.68069885E-07
   152.131195        -1.82863516E-06
   152.215714        -3.05345748E-06
   152.300247        -4.13025737E-06
   152.384781        -5.04942227E-06
   152.469299        -5.80412552E-06
   152.553833        -6.39040627E-06
   152.638367        -6.80719722E-06
   152.722885        -7.05632510E-06
   152.807419        -7.14245334E-06
   152.891953        -7.07299387E-06
   152.976471        -6.85797340E-06
   153.061005        -6.50984930E-06
   153.145538        -6.04331672E-06
   153.230057        -5.47504078E-06
   153.314590        -4.82338965E-06
   153.399109        -4.10812891E-06
   153.483643        -3.35008531E-06
   153.568176        -2.57080592E-06
   153.652695        -1.79218887E-06
   153.737228        -1.03612092E-06
   153.821762        -3.24106622E-07
   153.906281         3.23101631E-07
   153.990814         8.85856991E-07
   154.075348         1.34595541E-06
   154.159866         1.68695487E-06
   154.244400         1.89447007E-06
   154.328934         1.95642156E-06
   154.413452         1.86326326E-06
   154.497986         1.60815773E-06
   154.582520         1.18711785E-06
   154.667038         5.99087855E-07
   154.751572        -1.54014302E-07
   154.836105        -1.06729874E-06
   154.920624        -2.13297722E-06
   155.005157        -3.34045626E-06
   155.089691        -4.67651080E-06
   155.174210        -6.12545682E-06
   155.258743        -7.66941957E-06
   155.343277        -9.28859754E-06
   155.427795        -1.09615721E-05
   155.512329        -1.26656396E-05
   155.596863        -1.43771804E-05
   155.681381        -1.60720138E-05
   155.765915        -1.77257716E-05
   155.850433        -1.93142878E-05
   155.934967        -2.08139481E-05
   156.019501        -2.22020517E-05
