  -4.50000000         0.00000000    
  -4.41547155         0.00000000    
  -4.33094311         0.00000000    
  -4.24641466         0.00000000    
  -4.16188622         0.00000000    
  -4.07735777         0.00000000    
  -3.99282932         0.00000000    
  -3.90830088         0.00000000    
  -3.82377243         0.00000000    
  -3.73924398         0.00000000    
  -3.65471554         0.00000000    
  -3.57018733         0.00000000    
  -3.48565888         0.00000000    
  -3.40113044         0.00000000    
  -3.31660199         7.56709508E-35
  -3.23207355         7.67065624E-35
  -3.14754510        -6.63129654E-34
  -3.06301665        -3.88348399E-33
  -2.97848821        -1.27673924E-32
  -2.89395976        -3.20770191E-32
  -2.80943131         1.24659145E-30
  -2.72490287         7.68691228E-30
  -2.64037442         2.81539180E-29
  -2.55584598         7.66618280E-29
  -2.47131753         1.67347423E-28
  -2.38678908         3.23744563E-28
  -2.30226064         5.57191033E-28
  -2.21773219         8.33288450E-28
  -2.13320374         1.03007429E-27
  -2.04867530         8.78997604E-28
  -1.96414697        -9.04568309E-29
  -1.87961853        -2.53523987E-27
  -1.79509008        -7.16624666E-27
  -1.71056163        -1.44129510E-26
  -1.62603319        -2.38360254E-26
  -1.54150474        -3.33061357E-26
  -1.45697629        -3.81397022E-26
  -1.37244797        -3.05508172E-26
  -1.28791952         1.17238495E-29
  -1.20339108         6.50090350E-26
  -1.11886263         1.72947498E-25
  -1.03433418         3.23482965E-25
 -0.949805737         5.00261320E-25
 -0.865277290         6.64242428E-25
 -0.780748844         7.50167327E-25
 -0.696220458         6.69294934E-25
 -0.611692011         3.21247826E-25
 -0.527163565        -3.83453009E-25
 -0.442635119        -1.49073609E-24
 -0.358106703        -2.96351120E-24
 -0.273578256        -4.64161891E-24
 -0.189049825        -6.21007240E-24
 -0.104521386        -7.18681946E-24
  -1.99929532E-02    -6.94304014E-24
   6.45354837E-02    -4.77044266E-24
  0.149063915        -9.91677968E-27
  0.233592346         7.74746685E-24
  0.318120778         1.83858691E-23
  0.402649224         3.09357484E-23
  0.487177670         4.32431081E-23
  0.571706116         5.17345174E-23
  0.656234503         5.14252113E-23
  0.740762949         3.63538880E-23
  0.825291395         6.29759444E-25
  0.909819841        -5.97871874E-23
  0.994348288        -1.44602054E-22
   1.07887673        -2.46270131E-22
   1.16340518        -3.47247079E-22
   1.24793363        -4.18329884E-22
   1.33246195        -4.19274472E-22
   1.41699040        -3.02928848E-22
   1.50151885        -2.38375559E-23
   1.58604729         4.48434128E-22
   1.67057574         1.11217200E-21
   1.75510418         1.91502369E-21
   1.83963263         2.73825459E-21
   1.92416108         3.38925462E-21
   2.00868940         3.60849505E-21
   2.09321785         3.09654436E-21
   2.17774630         1.56455478E-21
   2.26227474        -1.19249344E-21
   2.34680319        -5.20620409E-21
   2.43133163        -1.02420308E-20
   2.51586008        -1.57231266E-20
   2.60038853        -2.06953642E-20
   2.68491697        -2.38592929E-20
   2.76944542        -2.36908906E-20
   2.85397387        -1.86625242E-20
   2.93850231        -7.55850340E-21
   3.02303076         1.01424161E-20
   3.10755920         3.38703190E-20
   3.19208765         6.16288654E-20
   3.27661610         8.98125632E-20
   3.36114454         1.13271270E-19
   3.44567299         1.25700098E-19
   3.53020120         1.20397327E-19
   3.61472964         9.13746550E-20
   3.69925809         3.47307839E-20
   3.78378654        -4.98818376E-20
   3.86831498        -1.57941220E-19
   3.95284343        -2.79186356E-19
   4.03737211        -3.97500067E-19
   4.12190056        -4.91804524E-19
   4.20642900        -5.38124467E-19
   4.29095745        -5.12804417E-19
   4.37548542        -3.96650475E-19
   4.46001387        -1.79531332E-19
   4.54454231         1.35234427E-19
   4.62907076         5.27544569E-19
   4.71359921         9.59095034E-19
   4.79812765         1.37464762E-18
   4.88265610         1.70647453E-18
   4.96718454         1.88204207E-18
   5.05171299         1.83443679E-18
   5.13624144         1.51444941E-18
   5.22076988         9.02661464E-19
   5.30529833         1.94970946E-20
   5.38982677        -1.06892766E-18
   5.47435522        -2.25109738E-18
   5.55888367        -3.37784931E-18
   5.64341211        -4.27792005E-18
   5.72794056        -4.78033838E-18
   5.81246901        -4.74136081E-18
   5.89699745        -4.07237435E-18
   5.98152590        -2.76431353E-18
   6.06605434        -9.03777537E-19
   6.15058279         1.32343811E-18
   6.23511124         3.64444983E-18
   6.31963968         5.72801150E-18
   6.40416813         7.22813415E-18
   6.48869658         7.83821376E-18
   6.57322502         7.34844757E-18
   6.65775347         5.69759566E-18
   6.74228191         3.00950599E-18
   6.82681036        -3.94587434E-19
   6.91133881        -4.01435508E-18
   6.99586725        -7.22175907E-18
   7.08039570        -9.34313985E-18
   7.16492414        -9.76395475E-18
   7.24945259        -8.04353902E-18
   7.33398104        -4.02290481E-18
   7.41850948         2.09221687E-18
   7.50303793         9.69088410E-18
   7.58756638         1.77717455E-17
   7.67209482         2.50205013E-17
   7.75662327         2.99481568E-17
   7.84115171         3.10790980E-17
   7.92567968         2.71695198E-17
   8.01020813         1.74292034E-17
   8.09473705         1.71629823E-18
   8.17926502        -1.93246183E-17
   8.26379395        -4.42078274E-17
   8.34832191        -7.06506211E-17
   8.43285084        -9.57224919E-17
   8.51737881        -1.16090511E-16
   8.60190773        -1.28340447E-16
   8.68643570        -1.29341640E-16
   8.77096462        -1.16617312E-16
   8.85549259        -8.86805512E-17
   8.94002151        -4.52986503E-17
   9.02454948         1.23426134E-17
   9.10907841         8.15905148E-17
   9.19360638         1.58400032E-16
   9.27813530         2.37518891E-16
   9.36266327         3.12769007E-16
   9.44719219         3.77397621E-16
   9.53172016         4.24472800E-16
   9.61624908         4.47302376E-16
   9.70077705         4.39857354E-16
   9.78530502         3.97191616E-16
   9.86983395         3.15851201E-16
   9.95436192         1.94274127E-16
   10.0388908         3.31749023E-17
   10.1234188        -1.64095653E-16
   10.2079477        -3.91235677E-16
   10.2924757        -6.38759880E-16
   10.3770046        -8.93892822E-16
   10.4615326        -1.14064591E-15
   10.5460615        -1.36013861E-15
   10.6305895        -1.53121333E-15
   10.7151184        -1.63138323E-15
   10.7996464        -1.63812731E-15
   10.8841753        -1.53050457E-15
   10.9687033        -1.29104328E-15
   11.0532322        -9.07789138E-16
   11.1377602        -3.76392351E-16
   11.2222891         2.97932113E-16
   11.3068171         1.09875452E-15
   11.3913460         1.99728654E-15
   11.4758739         2.95191067E-15
   11.5604029         3.90855646E-15
   11.6449308         4.80203307E-15
   11.7294598         5.55841019E-15
   11.8139877         6.09843224E-15
   11.8985167         6.34193346E-15
   11.9830446         6.21307561E-15
   12.0675735         5.64624624E-15
   12.1521015         4.59225858E-15
   12.2366304         3.02455581E-15
   12.3211584         9.44940639E-16
   12.4056873        -1.61155504E-15
   12.4902153        -4.57313300E-15
   12.5747442        -7.82945418E-15
   12.6592722        -1.12319635E-14
   12.7438011        -1.45966003E-14
   12.8283291        -1.77090788E-14
   12.9128580        -2.03327023E-14
   12.9973860        -2.22187211E-14
   13.0819149        -2.31188614E-14
   13.1664429        -2.27997298E-14
   13.2509708        -2.10585537E-14
   13.3354998        -1.77396245E-14
   13.4200277        -1.27507342E-14
   13.5045567        -6.07881877E-15
   13.5890846         2.19616289E-15
   13.6736135         1.18899133E-14
   13.7581415         2.27061801E-14
   13.8426704         3.42337446E-14
   13.9271984         4.59490437E-14
   14.0117273         5.72253087E-14
   14.0962553         6.73489313E-14
   14.1807842         7.55436363E-14
   14.2653122         8.10025603E-14
   14.3498411         8.29279001E-14
   14.4343691         8.05774379E-14
   14.5188980         7.33161836E-14
   14.6034260         6.06713979E-14
   14.6879549         4.23878055E-14
   14.7724829         1.84798161E-14
   14.8570118        -1.07229585E-14
   14.9415398        -4.45412987E-14
   15.0260687        -8.19268088E-14
   15.1105967        -1.21461015E-13
   15.1951256        -1.61376080E-13
   15.2796535        -1.99599126E-13
   15.3641825        -2.33821046E-13
   15.4487104        -2.61588765E-13
   15.5332394        -2.80418077E-13
   15.6177673        -2.87924171E-13
   15.7022963        -2.81962387E-13
   15.7868242        -2.60773635E-13
   15.8713531        -2.23126584E-13
   15.9558811        -1.68447355E-13
   16.0404091        -9.69302560E-14
   16.1249390        -9.62120161E-15
   16.2094669         9.15329282E-14
   16.2939949         2.03672108E-13
   16.3785229         3.23053081E-13
   16.4630527         4.45121885E-13
   16.5475807         5.64628747E-13
   16.6321087         6.75783051E-13
   16.7166367         7.72445367E-13
   16.8011646         8.48351825E-13
   16.8856945         8.97364431E-13
   16.9702225         9.13741088E-13
   17.0547504         8.92418409E-13
   17.1392784         8.29296592E-13
   17.2238083         7.21520174E-13
   17.3083363         5.67740679E-13
   17.3928642         3.68352701E-13
   17.4773922         1.25688305E-13
   17.5619221        -1.55840510E-13
   17.6464500        -4.69665539E-13
   17.7309780        -8.07063672E-13
   17.8155060        -1.15724661E-12
   17.9000359        -1.50754539E-12
   17.9845638        -1.84369880E-12
   18.0690918        -2.15023897E-12
   18.1536198        -2.41097507E-12
   18.2381496        -2.60956426E-12
   18.3226776        -2.73015725E-12
   18.4072056        -2.75809280E-12
   18.4917336        -2.68062699E-12
   18.5762634        -2.48766459E-12
   18.6607914        -2.17246230E-12
   18.7453194        -1.73227827E-12
   18.8298473        -1.16893539E-12
   18.9143772        -4.89265475E-13
   18.9989052         2.94592475E-13
   19.0834332         1.16506522E-12
   19.1679611         2.09920449E-12
   19.2524910         3.06896804E-12
   19.3370190         4.04171531E-12
   19.4215469         4.98093754E-12
   19.5060749         5.84721247E-12
   19.5906048         6.59938033E-12
   19.6751328         7.19591617E-12
   19.7596607         7.59647987E-12
   19.8441887         7.76359359E-12
   19.9287186         7.66440730E-12
   20.0132465         7.27247689E-12
   20.0977745         6.56951793E-12
   20.1823025         5.54702118E-12
   20.2668324         4.20766330E-12
   20.3513603         2.56645464E-12
   20.4358883         6.51488087E-13
   20.5204163        -1.49572878E-12
   20.6049442        -3.82045827E-12
   20.6894741        -6.25547400E-12
   20.7740021        -8.72239520E-12
   20.8585300        -1.11335854E-11
   20.9430580        -1.33946595E-11
   21.0275879        -1.54074739E-11
   21.1121159        -1.70736064E-11
   21.1966438        -1.82981425E-11
   21.2811718        -1.89937059E-11
   21.3657017        -1.90845274E-11
   21.4502296        -1.85104883E-11
   21.5347576        -1.72308279E-11
   21.6192856        -1.52274669E-11
   21.7038155        -1.25077396E-11
   21.7883434        -9.10635716E-12
   21.8728714        -5.08644906E-12
   21.9573994        -5.39691501E-13
   22.0419292         4.41474244E-12
   22.1264572         9.63235828E-12
   22.2109852         1.49466082E-11
   22.2955132         2.01733890E-11
   22.3800430         2.51164870E-11
   22.4645710         2.95740411E-11
   22.5490990         3.33457324E-11
   22.6336269         3.62405175E-11
   22.7181568         3.80846431E-11
   22.8026848         3.87297486E-11
   22.8872128         3.80604957E-11
   22.9717407         3.60016773E-11
   23.0562706         3.25242819E-11
   23.1407986         2.76502345E-11
   23.2253265         2.14554919E-11
   23.3098545         1.40713153E-11
   23.3943844         5.68350748E-12
   23.4789124        -3.47067926E-12
   23.5634403        -1.31076573E-11
   23.6479683        -2.29049401E-11
   23.7324982        -3.25106296E-11
   23.8170261        -4.15544994E-11
   23.9015541        -4.96608935E-11
   23.9860821        -5.64625430E-11
   24.0706100        -6.16150395E-11
   24.1551399        -6.48114201E-11
   24.2396679        -6.57966182E-11
   24.3241959        -6.43805842E-11
   24.4087238        -6.04501796E-11
   24.4932537        -5.39788457E-11
   24.5777817        -4.50338516E-11
   24.6623096        -3.37805235E-11
   24.7468376        -2.04830423E-11
   24.8313675        -5.50171757E-12
   24.9158955         1.07135776E-11
   25.0004234         2.76335257E-11
   25.0849514         4.46635541E-11
   25.1694813         6.11611456E-11
   25.2540092         7.64562094E-11
   25.3385372         8.98742261E-11
   25.4230652         1.00760726E-10
   25.5075951         1.08507384E-10
   25.5921230         1.12577683E-10
   25.6766510         1.12532358E-10
   25.7611790         1.08052456E-10
   25.8457088         9.89601942E-11
   25.9302368         8.52351800E-11
   26.0147648         6.70269742E-11
   26.0992928         4.46615939E-11
   26.1838226         1.86417947E-11
   26.2683506        -1.03580729E-11
   26.3528786        -4.15049384E-11
   26.4374065        -7.38253833E-11
   26.5219364        -1.06230955E-10
   26.6064644        -1.37548417E-10
   26.6909924        -1.66555339E-10
   26.7755203        -1.92019470E-10
   26.8600502        -2.12740631E-10
   26.9445782        -2.27594193E-10
   27.0291061        -2.35574865E-10
   27.1136341        -2.35839043E-10
   27.1981640        -2.27744032E-10
   27.2826920        -2.10884074E-10
   27.3672199        -1.85119572E-10
   27.4517479        -1.50600615E-10
   27.5362759        -1.07781582E-10
   27.6208057        -5.74273649E-11
   27.7053337        -6.09608826E-13
   27.7898617         6.13077922E-11
   27.8743896         1.26692171E-10
   27.9589195         1.93678629E-10
   28.0434475         2.60213406E-10
   28.1279755         3.24108934E-10
   28.2125034         3.83104937E-10
   28.2970333         4.34937253E-10
   28.3815613         4.77410389E-10
   28.4660892         5.08471931E-10
   28.5506172         5.26287625E-10
   28.6351471         5.29314204E-10
   28.7196751         5.16366117E-10
   28.8042030         4.86674812E-10
   28.8887310         4.39938752E-10
   28.9732609         3.76359971E-10
   29.0577888         2.96668495E-10
   29.1423168         2.02128453E-10
   29.2268448         9.45307166E-11
   29.3113747        -2.38340077E-11
   29.3959026        -1.50218712E-10
   29.4804306        -2.81477563E-10
   29.5649586        -4.14142387E-10
   29.6494884        -5.44510714E-10
   29.7340164        -6.68745503E-10
   29.8185444        -7.82983123E-10
   29.9030724        -8.83447038E-10
   29.9876022        -9.66564717E-10
   30.0721302        -1.02908071E-09
   30.1566582        -1.06816600E-09
   30.2411861        -1.08151710E-09
   30.3257160        -1.06744158E-09
   30.4102440        -1.02492859E-09
   30.4947720        -9.53698676E-10
   30.5792999        -8.54231907E-10
   30.6638298        -7.27770066E-10
   30.7483578        -5.76298786E-10
   30.8328857        -4.02498507E-10
   30.9174137        -2.09674833E-10
   31.0019417        -1.66631433E-12
   31.0864716         2.17267621E-10
   31.1709995         4.42574838E-10
   31.2555275         6.69549083E-10
   31.3400555         8.93472185E-10
   31.4245853         1.10975451E-09
   31.5091133         1.31407474E-09
   31.5936413         1.50249324E-09
   31.6781693         1.67155756E-09
   31.7626991         1.81837512E-09
   31.8472271         1.94065719E-09
   31.9317551         2.03672967E-09
   32.0162849         2.10550843E-09
   32.1008110         2.14643636E-09
   32.1853409         2.15939133E-09
   32.2698708         2.14455453E-09
   32.3543968         2.10226370E-09
   32.4389267         2.03283723E-09
   32.5234528         1.93639460E-09
   32.6079826         1.81267801E-09
   32.6925125         1.66087810E-09
   32.7770386         1.47949153E-09
   32.8615685         1.26620536E-09
   32.9460983         1.01783493E-09
   33.0306244         7.30314642E-10
   33.1151543         3.98763828E-10
   33.1996803         1.76072178E-11
   33.2842102        -4.19195234E-10
   33.3687401        -9.17862120E-10
   33.4532661        -1.48440826E-09
   33.5377960        -2.12419682E-09
   33.6223259        -2.84142998E-09
   33.7068520        -3.63854080E-09
   33.7913818        -4.51563009E-09
   33.8759079        -5.46980683E-09
   33.9604378        -6.49457110E-09
   34.0449677        -7.57922258E-09
   34.1294937        -8.70833450E-09
   34.2140236        -9.86130377E-09
   34.2985535        -1.10120251E-08
   34.3830795        -1.21287069E-08
   34.4676094        -1.31738753E-08
   34.5521355        -1.41045540E-08
   34.6366653        -1.48726809E-08
   34.7211952        -1.54257460E-08
   34.8057213        -1.57076787E-08
   34.8902512        -1.56599889E-08
   34.9747772        -1.52231205E-08
   35.0593071        -1.43380614E-08
   35.1438370        -1.29481581E-08
   35.2283630        -1.10010854E-08
   35.3128929        -8.45096704E-09
   35.3974228        -5.26060973E-09
   35.4819489        -1.40375844E-09
   35.5664787         3.13267789E-09
   35.6510048         8.34645686E-09
   35.7355347         1.42179406E-08
   35.8200645         2.07083666E-08
   35.9045906         2.77582295E-08
   35.9891205         3.52861775E-08
   36.0736504         4.31881482E-08
   36.1581764         5.13371425E-08
   36.2427063         5.95833249E-08
   36.3272324         6.77548471E-08
   36.4117622         7.56591731E-08
   36.4962921         8.30850624E-08
   36.5808182         8.98051411E-08
   36.6653481         9.55790824E-08
   36.7498779         1.00157493E-07
   36.8344040         1.03286297E-07
   36.9189339         1.04711695E-07
   37.0034599         1.04185595E-07
   37.0879898         1.01471542E-07
   37.1725197         9.63508739E-08
   37.2570457         8.86292568E-08
   37.3415756         7.81432945E-08
   37.4261055         6.47672351E-08
   37.5106316         4.84195226E-08
   37.5951614         2.90693176E-08
   37.6796875         6.74243816E-09
   37.7642174        -1.84728837E-08
   37.8487473        -4.64211318E-08
   37.9332733        -7.68751747E-08
   38.0178032        -1.09532870E-07
   38.1023293        -1.44014763E-07
   38.1868591        -1.79862880E-07
   38.2713890        -2.16540698E-07
   38.3559151        -2.53434933E-07
   38.4404449        -2.89857837E-07
   38.5249748        -3.25052639E-07
   38.6095009        -3.58198832E-07
   38.6940308        -3.88420716E-07
   38.7785568        -4.14796887E-07
   38.8630867        -4.36371778E-07
   38.9476166        -4.52168848E-07
   39.0321426        -4.61205701E-07
   39.1166725        -4.62510684E-07
   39.2012024        -4.55141389E-07
   39.2857285        -4.38204438E-07
   39.3702583        -4.10876737E-07
   39.4547844        -3.72427934E-07
   39.5393143        -3.22243636E-07
   39.6238441        -2.59849827E-07
   39.7083702        -1.84937250E-07
   39.7929001        -9.73860850E-08
   39.8774300         2.70917733E-09
   39.9619560         1.15016157E-07
   40.0464859         2.38940800E-07
   40.1310120         3.73606042E-07
   40.2155418         5.17831666E-07
   40.3000717         6.70115867E-07
   40.3845978         8.28619932E-07
   40.4691277         9.91155730E-07
   40.5536575         1.15517582E-06
   40.6381836         1.31776858E-06
   40.7227135         1.47565606E-06
   40.8072395         1.62519632E-06
   40.8917694         1.76239189E-06
   40.9762993         1.88289903E-06
   41.0608253         1.98204907E-06
   41.1453552         2.05486572E-06
   41.2298851         2.09609402E-06
   41.3144112         2.10023404E-06
   41.3989410         2.06157438E-06
   41.4834671         1.97423742E-06
   41.5679970         1.83222130E-06
   41.6525269         1.62945503E-06
   41.7370529         1.35984760E-06
   41.8215828         1.01734940E-06
   41.9061089         5.96009954E-07
   41.9906387         9.00396202E-08
   42.0751686        -5.06123342E-07
   42.1596947        -1.19775075E-06
   42.2442245        -1.98975704E-06
   42.3287544        -2.88663841E-06
   42.4132805        -3.89240131E-06
   42.4978104        -5.01051181E-06
   42.5823364        -6.24383028E-06
   42.6668663        -7.59455088E-06
   42.7513962        -9.06415517E-06
   42.8359222        -1.06533753E-05
   42.9204521        -1.23621248E-05
   43.0049820        -1.41895052E-05
   43.0895081        -1.61337102E-05
   43.1740379        -1.81920841E-05
   43.2585640        -2.03610361E-05
   43.3430939        -2.26360844E-05
   43.4276237        -2.50118101E-05
   43.5121498        -2.74819049E-05
   43.5966797        -3.00391603E-05
   43.6812096        -3.26755180E-05
   43.7657356        -3.53820542E-05
   43.8502655        -3.81490936E-05
   43.9347916        -4.09661880E-05
   44.0193214        -4.38222014E-05
   44.1038513        -4.67053833E-05
   44.1883774        -4.96034299E-05
   44.2729073        -5.25035357E-05
   44.3574371        -5.53925420E-05
   44.4419632        -5.82569191E-05
   44.5264931        -6.10829884E-05
   44.6110191        -6.38568963E-05
   44.6955490        -6.65648186E-05
   44.7800789        -6.91929381E-05
   44.8646049        -7.17277289E-05
   44.9491348        -7.41558106E-05
   45.0336647        -7.64643119E-05
   45.1181908        -7.86407545E-05
   45.2027206        -8.06732787E-05
   45.2872467        -8.25506868E-05
   45.3717766        -8.42625741E-05
   45.4563065        -8.57993073E-05
   45.5408325        -8.71522861E-05
   45.6253624        -8.83137836E-05
   45.7098885        -8.92772005E-05
   45.7944183        -9.00369923E-05
   45.8789482        -9.05888010E-05
   45.9634743        -9.09293885E-05
   46.0480042        -9.10568124E-05
   46.1325340        -9.09702285E-05
   46.2170601        -9.06700807E-05
   46.3015900        -9.01580279E-05
   46.3861160        -8.94368350E-05
   46.4706459        -8.85104964E-05
   46.5551758        -8.73840836E-05
   46.6397018        -8.60637811E-05
   46.7242317        -8.45566974E-05
   46.8087616        -8.28709599E-05
   46.8932877        -8.10155689E-05
   46.9778175        -7.90002669E-05
   47.0623436        -7.68355821E-05
   47.1468735        -7.45326033E-05
   47.2314034        -7.21030374E-05
   47.3159294        -6.95589551E-05
   47.4004593        -6.69128422E-05
   47.4849892        -6.41774241E-05
   47.5695152        -6.13656084E-05
   47.6540451        -5.84903537E-05
   47.7385712        -5.55647093E-05
   47.8231010        -5.26015392E-05
   47.9076309        -4.96136709E-05
   47.9921570        -4.66135825E-05
   48.0766869        -4.36135233E-05
   48.1612167        -4.06254148E-05
   48.2457428        -3.76607422E-05
   48.3302727        -3.47305468E-05
   48.4147987        -3.18453531E-05
   48.4993286        -2.90151911E-05
   48.5838585        -2.62494395E-05
   48.6683846        -2.35569696E-05
   48.7529144        -2.09459868E-05
   48.8374405        -1.84240434E-05
   48.9219704        -1.59981155E-05
   49.0065002        -1.36744757E-05
   49.0910263        -1.14586828E-05
   49.1755562        -9.35571734E-06
   49.2600861        -7.36988659E-06
   49.3446121        -5.50479672E-06
   49.4291420        -3.76340290E-06
   49.5136681        -2.14802321E-06
   49.5981979        -6.60334990E-07
   49.6827278         6.98610393E-07
   49.7672539         1.92845437E-06
   49.8517838         3.02931380E-06
   49.9363136         4.00200952E-06
   50.0208397         4.84787552E-06
   50.1053696         5.56878558E-06
   50.1898956         6.16717080E-06
   50.2744255         6.64587742E-06
   50.3589554         7.00830969E-06
   50.4434814         7.25822611E-06
   50.5280113         7.39983443E-06
   50.6125412         7.43764394E-06
   50.6970673         7.37651908E-06
   50.7815971         7.22160439E-06
   50.8661232         6.97825953E-06
   50.9506531         6.65204198E-06
   51.0351830         6.24864060E-06
   51.1197090         5.77381434E-06
   51.2042389         5.23340941E-06
   51.2887688         4.63322249E-06
   51.3732948         3.97900749E-06
   51.4578247         3.27644011E-06
   51.5423508         2.53100984E-06
   51.6268806         1.74805575E-06
   51.7114105         9.32689147E-07
   51.7959366         8.97980144E-08
   51.8804665        -7.76024535E-07
   51.9649963        -1.66049313E-06
   52.0495224        -2.55958616E-06
   52.1340523        -3.46961906E-06
   52.2185783        -4.38721690E-06
   52.3031082        -5.30935995E-06
   52.3876381        -6.23327242E-06
   52.4721642        -7.15653323E-06
   52.5566940        -8.07696142E-06
   52.6412201        -8.99265433E-06
   52.7257500        -9.90189437E-06
   52.8102798        -1.08031973E-05
   52.8948059        -1.16951878E-05
   52.9793358        -1.25766428E-05
   53.0638657        -1.34463735E-05
   53.1483917        -1.43032821E-05
   53.2329216        -1.51462136E-05
   53.3174477        -1.59739920E-05
   53.4019775        -1.67854141E-05
   53.4865074        -1.75790847E-05
   53.5710335        -1.83535758E-05
   53.6555634        -1.91071958E-05
   53.7400932        -1.98381731E-05
   53.8246193        -2.05444994E-05
   53.9091492        -2.12239429E-05
   53.9936752        -2.18741388E-05
   54.0782051        -2.24924879E-05
   54.1627350        -2.30762125E-05
   54.2472610        -2.36223441E-05
   54.3317909        -2.41278103E-05
   54.4163208        -2.45893807E-05
   54.5008469        -2.50037301E-05
   54.5853767        -2.53674880E-05
   54.6699028        -2.56772673E-05
   54.7544327        -2.59297249E-05
   54.8389626        -2.61215464E-05
   54.9234886        -2.62495978E-05
   55.0080185        -2.63108159E-05
   55.0925484        -2.63024358E-05
   55.1770744        -2.62219182E-05
   55.2616043        -2.60670131E-05
   55.3461304        -2.58358759E-05
   55.4306602        -2.55270024E-05
   55.5151901        -2.51392830E-05
   55.5997162        -2.46721702E-05
   55.6842461        -2.41255220E-05
   55.7687759        -2.34997187E-05
   55.8533020        -2.27956934E-05
   55.9378319        -2.20149032E-05
   56.0223579        -2.11593942E-05
   56.1068878        -2.02316933E-05
   56.1914177        -1.92349598E-05
   56.2759438        -1.81727919E-05
   56.3604736        -1.70493622E-05
   56.4449997        -1.58693474E-05
   56.5295296        -1.46378188E-05
   56.6140594        -1.33603744E-05
   56.6985855        -1.20428922E-05
   56.7831154        -1.06916577E-05
   56.8676453        -9.31319755E-06
   56.9521713        -7.91431103E-06
   57.0367012        -6.50193124E-06
   57.1212273        -5.08313724E-06
   57.2057571        -3.66502150E-06
   57.2902870        -2.25470535E-06
   57.3748131        -8.59162242E-07
   57.4593430         5.14671569E-07
   57.5438728         1.86017633E-06
   57.6283989         3.17093486E-06
   57.7129288         4.44088664E-06
   57.7974548         5.66436211E-06
   57.8819847         6.83608096E-06
   57.9665146         7.95133201E-06
   58.0510406         9.00588475E-06
   58.1355705         9.99614167E-06
   58.2201004         1.09190241E-05
   58.3046265         1.17722066E-05
   58.3891563         1.25539573E-05
   58.4736824         1.32632485E-05
   58.5582123         1.38997302E-05
   58.6427422         1.44637652E-05
   58.7272682         1.49563521E-05
   58.8117981         1.53792371E-05
   58.8963280         1.57347713E-05
   58.9808540         1.60259715E-05
   59.0653839         1.62564502E-05
   59.1499100         1.64303565E-05
   59.2344398         1.65524798E-05
   59.3189697         1.66280242E-05
   59.4034958         1.66626924E-05
   59.4880257         1.66625214E-05
   59.5725517         1.66339596E-05
   59.6570816         1.65837209E-05
   59.7416115         1.65187448E-05
   59.8261375         1.64461362E-05
   59.9106674         1.63730419E-05
   59.9951973         1.63067525E-05
   60.0797234         1.62544002E-05
   60.1642532         1.62230663E-05
   60.2487793         1.62196593E-05
   60.3333092         1.62508550E-05
   60.4178391         1.63229961E-05
   60.5023651         1.64420562E-05
   60.5868950         1.66135924E-05
   60.6714249         1.68426450E-05
   60.7559509         1.71337160E-05
   60.8404808         1.74906545E-05
   60.9250069         1.79166818E-05
   61.0095367         1.84142864E-05
   61.0940666         1.89851835E-05
   61.1785927         1.96302735E-05
   61.2631226         2.03497166E-05
   61.3476524         2.11426941E-05
   61.4321785         2.20076636E-05
   61.5167084         2.29420584E-05
   61.6012344         2.39425935E-05
   61.6857643         2.50050507E-05
   61.7702942         2.61243931E-05
   61.8548203         2.72947964E-05
   61.9393501         2.85096739E-05
   62.0238800         2.97617025E-05
   62.1084061         3.10429532E-05
   62.1929359         3.23449058E-05
   62.2774620         3.36584744E-05
   62.3619919         3.49742368E-05
   62.4465218         3.62824285E-05
   62.5310478         3.75729687E-05
   62.6155777         3.88357948E-05
   62.7001076         4.00606841E-05
   62.7846336         4.12375994E-05
   62.8691635         4.23565943E-05
   62.9536896         4.34081485E-05
   63.0382195         4.43829995E-05
   63.1227493         4.52724234E-05
   63.2072754         4.60682677E-05
   63.2918053         4.67630707E-05
   63.3763313         4.73500149E-05
   63.4608612         4.78231486E-05
   63.5453911         4.81772950E-05
   63.6299171         4.84082266E-05
   63.7144470         4.85125784E-05
   63.7989769         4.84878874E-05
   63.8835030         4.83327349E-05
   63.9680328         4.80465023E-05
   64.0525589         4.76295572E-05
   64.1370926         4.70830892E-05
   64.2216187         4.64091827E-05
   64.3061447         4.56106573E-05
   64.3906708         4.46910490E-05
   64.4752045         4.36545888E-05
   64.5597305         4.25060862E-05
   64.6442566         4.12508562E-05
   64.7287903         3.98946577E-05
   64.8133163         3.84436862E-05
   64.8978424         3.69043955E-05
   64.9823761         3.52834795E-05
   65.0669022         3.35878649E-05
   65.1514282         3.18245366E-05
   65.2359619         3.00005831E-05
   65.3204880         2.81231351E-05
   65.4050140         2.61992718E-05
   65.4895477         2.42360838E-05
   65.5740738         2.22405524E-05
   65.6585999         2.02196534E-05
   65.7431259         1.81802116E-05
   65.8276596         1.61290645E-05
   65.9121857         1.40729771E-05
   65.9967117         1.20186851E-05
   66.0812454         9.97289044E-06
   66.1657715         7.94233802E-06
   66.2502975         5.93384175E-06
   66.3348312         3.95423694E-06
   66.4193573         2.01050875E-06
   66.5038834         1.09754602E-07
   66.5884171        -1.74083095E-06
   66.6729431        -3.53380960E-06
   66.7574692        -5.26167014E-06
   66.8419952        -6.91662672E-06
   66.9265289        -8.49085518E-06
   67.0110550        -9.97626557E-06
   67.0955811        -1.13647448E-05
   67.1801147        -1.26479754E-05
   67.2646408        -1.38177475E-05
   67.3491669        -1.48657500E-05
   67.4337006        -1.57837439E-05
   67.5182266        -1.65637630E-05
   67.6027527        -1.71978918E-05
   67.6872864        -1.76786598E-05
   67.7718124        -1.79990402E-05
   67.8563385        -1.81523937E-05
   67.9408722        -1.81327305E-05
   68.0253983        -1.79348408E-05
   68.1099243        -1.75541700E-05
   68.1944504        -1.69871946E-05
   68.2789841        -1.62312735E-05
   68.3635101        -1.52848716E-05
   68.4480362        -1.41475894E-05
   68.5325699        -1.28201582E-05
   68.6170959        -1.13046844E-05
   68.7016220        -9.60451598E-06
   68.7861557        -7.72427029E-06
   68.8706818        -5.67001371E-06
   68.9552078        -3.44912041E-06
   69.0397415        -1.07020298E-06
   69.1242676         1.45660147E-06
   69.2087936         4.12011377E-06
   69.2933273         6.90790876E-06
   69.3778534         9.80638561E-06
   69.4623795         1.28009451E-05
   69.5469055         1.58761122E-05
   69.6314392         1.90154769E-05
   69.7159653         2.22020426E-05
   69.8004913         2.54182050E-05
   69.8850250         2.86459490E-05
   69.9695511         3.18669954E-05
   70.0540771         3.50629707E-05
   70.1386108         3.82154903E-05
   70.2231369         4.13064627E-05
   70.3076630         4.43180397E-05
   70.3921967         4.72329702E-05
   70.4767227         5.00346941E-05
   70.5612488         5.27074008E-05
   70.6457748         5.52362580E-05
   70.7303085         5.76075909E-05
   70.8148346         5.98089136E-05
   70.8993607         6.18290651E-05
   70.9838943         6.36583063E-05
   71.0684204         6.52884846E-05
   71.1529465         6.67130298E-05
   71.2374802         6.79270233E-05
   71.3220062         6.89273365E-05
   71.4065323         6.97125652E-05
   71.4910660         7.02829784E-05
   71.5755920         7.06407955E-05
   71.6601181         7.07898071E-05
   71.7446518         7.07357322E-05
   71.8291779         7.04858539E-05
   71.9137039         7.00492019E-05
   71.9982300         6.94363189E-05
   72.0827637         6.86592466E-05
   72.1672897         6.77314893E-05
   72.2518158         6.66678170E-05
   72.3363495         6.54842443E-05
   72.4208755         6.41978331E-05
   72.5054016         6.28265843E-05
   72.5899353         6.13893426E-05
   72.6744614         5.99056220E-05
   72.7589874         5.83954061E-05
   72.8435211         5.68790929E-05
   72.9280472         5.53773243E-05
   73.0125732         5.39107350E-05
   73.0971069         5.24999014E-05
   73.1816330         5.11651670E-05
   73.2661591         4.99263770E-05
   73.3506851         4.88029655E-05
   73.4352188         4.78134607E-05
   73.5197449         4.69756378E-05
   73.6042709         4.63062024E-05
   73.6888046         4.58207214E-05
   73.7733307         4.55335248E-05
   73.8578568         4.54575675E-05
   73.9423904         4.56042253E-05
   74.0269165         4.59832663E-05
   74.1114426         4.66028832E-05
   74.1959763         4.74693261E-05
   74.2805023         4.85871496E-05
   74.3650284         4.99589478E-05
   74.4495544         5.15855463E-05
   74.5340881         5.34657520E-05
   74.6186142         5.55963670E-05
   74.7031403         5.79725420E-05
   74.7876740         6.05874375E-05
   74.8722000         6.34323515E-05
   74.9567261         6.64970503E-05
   75.0412598         6.97695214E-05
   75.1257858         7.32363187E-05
   75.2103119         7.68825266E-05
   75.2948456         8.06921089E-05
   75.3793716         8.46476323E-05
   75.4638977         8.87309507E-05
   75.5484314         9.29230009E-05
   75.6329575         9.72041380E-05
   75.7174835         1.01554186E-04
   75.8020096         1.05952742E-04
   75.8865433         1.10379318E-04
   75.9710693         1.14813505E-04
   76.0555954         1.19235097E-04
   76.1401291         1.23624355E-04
   76.2246552         1.27962165E-04
   76.3091812         1.32229979E-04
   76.3937149         1.36410323E-04
   76.4782410         1.40486562E-04
   76.5627670         1.44443184E-04
   76.6473007         1.48265899E-04
   76.7318268         1.51941582E-04
   76.8163528         1.55458503E-04
   76.9008865         1.58806288E-04
   76.9854126         1.61975899E-04
   77.0699387         1.64959725E-04
   77.1544647         1.67751525E-04
   77.2389984         1.70346422E-04
   77.3235245         1.72740925E-04
   77.4080505         1.74932662E-04
   77.4925842         1.76920614E-04
   77.5771103         1.78704810E-04
   77.6616364         1.80286297E-04
   77.7461700         1.81667114E-04
   77.8306961         1.82850083E-04
   77.9152222         1.83838682E-04
   77.9997559         1.84637116E-04
   78.0842819         1.85249999E-04
   78.1688080         1.85682322E-04
   78.2533340         1.85939323E-04
   78.3378677         1.86026504E-04
   78.4223938         1.85949160E-04
   78.5069199         1.85712765E-04
   78.5914536         1.85322366E-04
   78.6759796         1.84782912E-04
   78.7605057         1.84098812E-04
   78.8450394         1.83274125E-04
   78.9295654         1.82312302E-04
   79.0140915         1.81216194E-04
   79.0986252         1.79988012E-04
   79.1831512         1.78629169E-04
   79.2676773         1.77140464E-04
   79.3522110         1.75521796E-04
   79.4367371         1.73772380E-04
   79.5212631         1.71890526E-04
   79.6057892         1.69873936E-04
   79.6903229         1.67719409E-04
   79.7748489         1.65423175E-04
   79.8593750         1.62980694E-04
   79.9439087         1.60386830E-04
   80.0284348         1.57635965E-04
   80.1129608         1.54722075E-04
   80.1974945         1.51638596E-04
   80.2820206         1.48378895E-04
   80.3665466         1.44936086E-04
   80.4510803         1.41303375E-04
   80.5356064         1.37474010E-04
   80.6201324         1.33441456E-04
   80.7046585         1.29199572E-04
   80.7891922         1.24742743E-04
   80.8737183         1.20065939E-04
   80.9582443         1.15164934E-04
   81.0427780         1.10036322E-04
   81.1273041         1.04677827E-04
   81.2118301         9.90881163E-05
   81.2963638         9.32672046E-05
   81.3808899         8.72163218E-05
   81.4654160         8.09380945E-05
   81.5499496         7.44366116E-05
   81.6344757         6.77173739E-05
   81.7190018         6.07874390E-05
   81.8035355         5.36553453E-05
   81.8880615         4.63311480E-05
   81.9725876         3.88263288E-05
   82.0571136         3.11537660E-05
   82.1416473         2.33277606E-05
   82.2261734         1.53637957E-05
   82.3106995         7.27849056E-06
   82.3952332        -9.10501456E-07
   82.4797592        -9.18461683E-06
   82.5642853        -1.75245950E-05
   82.6488190        -2.59105691E-05
   82.7333450        -3.43222564E-05
   82.8178711        -4.27391715E-05
   82.9024048        -5.11407452E-05
   82.9869308        -5.95064776E-05
   83.0714569        -6.78162251E-05
   83.1559906        -7.60502662E-05
   83.2405167        -8.41894725E-05
   83.3250427        -9.22155523E-05
   83.4095688        -1.00111174E-04
   83.4941025        -1.07859931E-04
   83.5786285        -1.15446790E-04
   83.6631546        -1.22857789E-04
   83.7476883        -1.30080531E-04
   83.8322144        -1.37103852E-04
   83.9167404        -1.43918180E-04
   84.0012741        -1.50515363E-04
   84.0858002        -1.56888796E-04
   84.1703262        -1.63033226E-04
   84.2548599        -1.68944971E-04
   84.3393860        -1.74621586E-04
   84.4239120        -1.80062067E-04
   84.5084381        -1.85266603E-04
   84.5929718        -1.90236518E-04
   84.6774979        -1.94974229E-04
   84.7620239        -1.99482995E-04
   84.8465576        -2.03766933E-04
   84.9310837        -2.07830934E-04
   85.0156097        -2.11680250E-04
   85.1001434        -2.15320688E-04
   85.1846695        -2.18758403E-04
   85.2691956        -2.21999580E-04
   85.3537292        -2.25050579E-04
   85.4382553        -2.27917757E-04
   85.5227814        -2.30607271E-04
   85.6073151        -2.33125043E-04
   85.6918411        -2.35476837E-04
   85.7763672        -2.37667962E-04
   85.8608932        -2.39703368E-04
   85.9454269        -2.41587637E-04
   86.0299530        -2.43324830E-04
   86.1144791        -2.44918629E-04
   86.1990128        -2.46372161E-04
   86.2835388        -2.47688149E-04
   86.3680649        -2.48868892E-04
   86.4525986        -2.49916135E-04
   86.5371246        -2.50831508E-04
   86.6216507        -2.51616118E-04
   86.7061844        -2.52270722E-04
   86.7907104        -2.52795988E-04
   86.8752365        -2.53192324E-04
   86.9597702        -2.53459933E-04
   87.0442963        -2.53598992E-04
   87.1288223        -2.53609644E-04
   87.2133484        -2.53491860E-04
   87.2978821        -2.53245817E-04
   87.3824081        -2.52871570E-04
   87.4669342        -2.52369355E-04
   87.5514679        -2.51739635E-04
   87.6359940        -2.50982703E-04
   87.7205200        -2.50099256E-04
   87.8050537        -2.49090052E-04
   87.8895798        -2.47955992E-04
   87.9741058        -2.46698299E-04
   88.0586395        -2.45318311E-04
   88.1431656        -2.43817587E-04
   88.2276917        -2.42197901E-04
   88.3122177        -2.40461290E-04
   88.3967514        -2.38609937E-04
   88.4812775        -2.36646345E-04
   88.5658035        -2.34573337E-04
   88.6503372        -2.32393853E-04
   88.7348633        -2.30111254E-04
   88.8193893        -2.27729077E-04
   88.9039230        -2.25251322E-04
   88.9884491        -2.22682313E-04
   89.0729752        -2.20026603E-04
   89.1575089        -2.17289315E-04
   89.2420349        -2.14475949E-04
   89.3265610        -2.11592429E-04
   89.4110947        -2.08644997E-04
   89.4956207        -2.05640521E-04
   89.5801468        -2.02586263E-04
   89.6646729        -1.99489950E-04
   89.7492065        -1.96359702E-04
   89.8337326        -1.93204178E-04
   89.9182587        -1.90032210E-04
   90.0027924        -1.86853256E-04
   90.0873184        -1.83676981E-04
   90.1718445        -1.80513292E-04
   90.2563782        -1.77372276E-04
   90.3409042        -1.74264220E-04
   90.4254303        -1.71199426E-04
   90.5099640        -1.68188140E-04
   90.5944901        -1.65240534E-04
   90.6790161        -1.62366545E-04
   90.7635498        -1.59575793E-04
   90.8480759        -1.56877475E-04
   90.9326019        -1.54280278E-04
   91.0171280        -1.51792294E-04
   91.1016617        -1.49420914E-04
   91.1861877        -1.47172832E-04
   91.2707138        -1.45053826E-04
   91.3552475        -1.43068857E-04
   91.4397736        -1.41221855E-04
   91.5242996        -1.39515789E-04
   91.6088333        -1.37952651E-04
   91.6933594        -1.36533272E-04
   91.7778854        -1.35257564E-04
   91.8624191        -1.34124246E-04
   91.9469452        -1.33131165E-04
   92.0314713        -1.32275018E-04
   92.1159973        -1.31551598E-04
   92.2005310        -1.30955799E-04
   92.2850571        -1.30481581E-04
   92.3695831        -1.30122207E-04
   92.4541168        -1.29870139E-04
   92.5386429        -1.29717271E-04
   92.6231689        -1.29654843E-04
   92.7077026        -1.29673659E-04
   92.7922287        -1.29764085E-04
   92.8767548        -1.29916152E-04
   92.9612885        -1.30119690E-04
   93.0458145        -1.30364337E-04
   93.1303406        -1.30639630E-04
   93.2148743        -1.30935048E-04
   93.2994003        -1.31240202E-04
   93.3839264        -1.31544759E-04
   93.4684525        -1.31838620E-04
   93.5529861        -1.32111905E-04
   93.6375122        -1.32355053E-04
   93.7220383        -1.32558896E-04
   93.8065720        -1.32714733E-04
   93.8910980        -1.32814283E-04
   93.9756241        -1.32849775E-04
   94.0601578        -1.32814093E-04
   94.1446838        -1.32700719E-04
   94.2292099        -1.32503745E-04
   94.3137436        -1.32218003E-04
   94.3982697        -1.31839144E-04
   94.4827957        -1.31363457E-04
   94.5673294        -1.30788147E-04
   94.6518555        -1.30111192E-04
   94.7363815        -1.29331456E-04
   94.8209076        -1.28448708E-04
   94.9054413        -1.27463500E-04
   94.9899673        -1.26377345E-04
   95.0744934        -1.25192571E-04
   95.1590271        -1.23912352E-04
   95.2435532        -1.22540630E-04
   95.3280792        -1.21082150E-04
   95.4126129        -1.19542274E-04
   95.4971390        -1.17927069E-04
   95.5816650        -1.16243071E-04
   95.6661987        -1.14497307E-04
   95.7507248        -1.12697111E-04
   95.8352509        -1.10850175E-04
   95.9197769        -1.08964239E-04
   96.0043106        -1.07047061E-04
   96.0888367        -1.05106352E-04
   96.1733627        -1.03149578E-04
   96.2578964        -1.01183825E-04
   96.3424225        -9.92157366E-05
   96.4269485        -9.72513444E-05
   96.5114822        -9.52959963E-05
   96.5960083        -9.33542178E-05
   96.6805344        -9.14296252E-05
   96.7650681        -8.95248522E-05
   96.8495941        -8.76415870E-05
   96.9341202        -8.57803534E-05
   97.0186539        -8.39406421E-05
   97.1031799        -8.21208596E-05
   97.1877060        -8.03183138E-05
   97.2722321        -7.85293305E-05
   97.3567657        -7.67492675E-05
   97.4412918        -7.49725514E-05
   97.5258179        -7.31929467E-05
   97.6103516        -7.14034613E-05
   97.6948776        -6.95966373E-05
   97.7794037        -6.77645221E-05
   97.8639374        -6.58990612E-05
   97.9484634        -6.39920909E-05
   98.0329895        -6.20355204E-05
   98.1175232        -6.00215863E-05
   98.2020493        -5.79429798E-05
   98.2865753        -5.57930252E-05
   98.3711014        -5.35657928E-05
   98.4556351        -5.12563274E-05
   98.5401611        -4.88607693E-05
   98.6246872        -4.63764081E-05
   98.7092209        -4.38018651E-05
   98.7937469        -4.11371147E-05
   98.8782730        -3.83835868E-05
   98.9628067        -3.55441225E-05
   99.0473328        -3.26230838E-05
   99.1318588        -2.96263097E-05
   99.2163925        -2.65610106E-05
   99.3009186        -2.34357940E-05
   99.3854446        -2.02605588E-05
   99.4699783        -1.70463682E-05
   99.5545044        -1.38053438E-05
   99.6390305        -1.05505469E-05
   99.7235565        -7.29578005E-06
   99.8080902        -4.05545643E-06
   99.8926163        -8.44392218E-07
   99.9771423         2.32238540E-06
   100.061676         5.42978387E-06
   100.146202         8.46291823E-06
   100.230728         1.14072172E-05
   100.315262         1.42486688E-05
   100.399788         1.69739742E-05
   100.484314         1.95707162E-05
   100.568848         2.20274960E-05
   100.653374         2.43340946E-05
   100.737900         2.64815881E-05
   100.822433         2.84624402E-05
   100.906960         3.02706285E-05
   100.991486         3.19016544E-05
   101.076012         3.33526332E-05
   101.160545         3.46223605E-05
   101.245071         3.57112585E-05
   101.329597         3.66213899E-05
   101.414131         3.73564690E-05
   101.498657         3.79218000E-05
   101.583183         3.83241531E-05
   101.667717         3.85718122E-05
   101.752243         3.86743559E-05
   101.836769         3.86426327E-05
   101.921303         3.84885752E-05
   102.005829         3.82251892E-05
   102.090355         3.78662662E-05
   102.174881         3.74263473E-05
   102.259415         3.69205663E-05
   102.343941         3.63644722E-05
   102.428467         3.57739664E-05
   102.513000         3.51650233E-05
   102.597527         3.45537082E-05
   102.682053         3.39559083E-05
   102.766586         3.33873068E-05
   102.851112         3.28631249E-05
   102.935638         3.23981294E-05
   103.020172         3.20064282E-05
   103.104698         3.17013546E-05
   103.189224         3.14954377E-05
   103.273758         3.14002100E-05
   103.358284         3.14261888E-05
   103.442810         3.15827710E-05
   103.527336         3.18782077E-05
   103.611870         3.23194727E-05
   103.696396         3.29123031E-05
   103.780922         3.36610719E-05
   103.865456         3.45688422E-05
   103.949982         3.56372511E-05
   104.034508         3.68665751E-05
   104.119041         3.82556755E-05
   104.203568         3.98019947E-05
   104.288094         4.15015566E-05
   104.372627         4.33490350E-05
   104.457153         4.53376924E-05
   104.541679         4.74594672E-05
   104.626213         4.97050241E-05
   104.710739         5.20637805E-05
   104.795265         5.45240109E-05
   104.879791         5.70728771E-05
   104.964325         5.96965947E-05
   105.048851         6.23803935E-05
   105.133377         6.51087903E-05
   105.217911         6.78656143E-05
   105.302437         7.06341161E-05
   105.386963         7.33971392E-05
   105.471497         7.61372503E-05
   105.556023         7.88368852E-05
   105.640549         8.14784580E-05
   105.725082         8.40446082E-05
   105.809608         8.65183101E-05
   105.894135         8.88830182E-05
   105.978661         9.11228562E-05
   106.063194         9.32227995E-05
   106.147720         9.51687398E-05
   106.232246         9.69477769E-05
   106.316780         9.85481529E-05
   106.401306         9.99595650E-05
   106.485832         1.01173144E-04
   106.570366         1.02181599E-04
   106.654892         1.02979211E-04
   106.739418         1.03562023E-04
   106.823952         1.03927698E-04
   106.908478         1.04075640E-04
   106.993004         1.04006984E-04
   107.077538         1.03724502E-04
   107.162064         1.03232625E-04
   107.246590         1.02537291E-04
   107.331116         1.01645928E-04
   107.415649         1.00567304E-04
   107.500175         9.93114299E-05
   107.584702         9.78893804E-05
   107.669235         9.63131315E-05
   107.753761         9.45954744E-05
   107.838287         9.27497967E-05
   107.922821         9.07898429E-05
   108.007347         8.87296774E-05
   108.091873         8.65833936E-05
   108.176407         8.43650196E-05
   108.260933         8.20883361E-05
   108.345459         7.97667017E-05
   108.429993         7.74129367E-05
   108.514519         7.50391991E-05
   108.599045         7.26568323E-05
   108.683571         7.02763064E-05
   108.768105         6.79070872E-05
   108.852631         6.55575786E-05
   108.937157         6.32350784E-05
   109.021690         6.09457311E-05
   109.106216         5.86945534E-05
   109.190742         5.64853399E-05
   109.275276         5.43208262E-05
   109.359802         5.22026494E-05
   109.444328         5.01313953E-05
   109.528862         4.81067691E-05
   109.613388         4.61275631E-05
   109.697914         4.41918419E-05
   109.782440         4.22970952E-05
   109.866974         4.04402417E-05
   109.951500         3.86178581E-05
   110.036026         3.68263100E-05
   110.120560         3.50617811E-05
   110.205086         3.33205971E-05
   110.289612         3.15992074E-05
   110.374146         2.98943887E-05
   110.458672         2.82033725E-05
   110.543198         2.65239905E-05
   110.627731         2.48547094E-05
   110.712257         2.31947815E-05
   110.796783         2.15443761E-05
   110.881317         1.99045007E-05
   110.965843         1.82771546E-05
   111.050369         1.66653244E-05
   111.134895         1.50729775E-05
   111.219429         1.35050141E-05
   111.303955         1.19672395E-05
   111.388481         1.04662995E-05
   111.473015         9.00957366E-06
   111.557541         7.60508965E-06
   111.642067         6.26139172E-06
   111.726601         4.98733516E-06
   111.811127         3.79202993E-06
   111.895653         2.68463236E-06
   111.980186         1.67408302E-06
   112.064713         7.69081396E-07
   112.149239        -2.22438032E-08
   112.233772        -6.92399396E-07
   112.318298        -1.23479231E-06
   112.402824        -1.64387313E-06
   112.487350        -1.91523623E-06
   112.571884        -2.04580488E-06
   112.656410        -2.03396735E-06
   112.740936        -1.87959938E-06
   112.825470        -1.58417686E-06
   112.909996        -1.15078853E-06
   112.994522        -5.84161398E-07
   113.079056         1.09338913E-07
   113.163582         9.21846947E-07
   113.248108         1.84397663E-06
   113.332642         2.86499449E-06
   113.417168         3.97294070E-06
   113.501694         5.15476631E-06
   113.586220         6.39654945E-06
   113.670753         7.68373047E-06
   113.755280         9.00124360E-06
   113.839806         1.03338234E-05
   113.924339         1.16661868E-05
   114.008865         1.29833352E-05
   114.093391         1.42706913E-05
   114.177925         1.55144335E-05
   114.262451         1.67016296E-05
   114.346977         1.78204627E-05
   114.431511         1.88604190E-05
   114.516037         1.98124253E-05
   114.600563         2.06689474E-05
   114.685097         2.14241754E-05
   114.769623         2.20739694E-05
   114.854149         2.26159900E-05
   114.938675         2.30496353E-05
   115.023209         2.33760529E-05
   115.107735         2.35980024E-05
   115.192261         2.37198637E-05
   115.276794         2.37473923E-05
   115.361320         2.36876622E-05
   115.445847         2.35488060E-05
   115.530380         2.33398987E-05
   115.614906         2.30706919E-05
   115.699432         2.27513738E-05
   115.783966         2.23924362E-05
   115.868492         2.20043403E-05
   115.953018         2.15973578E-05
   116.037552         2.11813494E-05
   116.122078         2.07655212E-05
   116.206604         2.03582731E-05
   116.291130         1.99670339E-05
   116.375664         1.95980792E-05
   116.460190         1.92564312E-05
   116.544716         1.89457623E-05
   116.629250         1.86683628E-05
   116.713776         1.84250312E-05
   116.798302         1.82151398E-05
   116.882835         1.80366133E-05
   116.967361         1.78860173E-05
   117.051888         1.77586517E-05
   117.136421         1.76485973E-05
   117.220947         1.75489531E-05
   117.305473         1.74519009E-05
   117.389999         1.73489552E-05
   117.474533         1.72310793E-05
   117.559059         1.70889416E-05
   117.643585         1.69130835E-05
   117.728119         1.66941354E-05
   117.812645         1.64230132E-05
   117.897171         1.60911222E-05
   117.981705         1.56905517E-05
   118.066231         1.52142375E-05
   118.150757         1.46561406E-05
   118.235291         1.40113834E-05
   118.319817         1.32763753E-05
   118.404343         1.24489234E-05
   118.488876         1.15282919E-05
   118.573402         1.05152831E-05
   118.657928         9.41221333E-06
   118.742455         8.22296261E-06
   118.826988         6.95290009E-06
   118.911514         5.60884291E-06
   118.996040         4.19898743E-06
   119.080574         2.73277169E-06
   119.165100         1.22079200E-06
   119.249626        -3.25378352E-07
   119.334160        -1.89331172E-06
   119.418686        -3.46990578E-06
   119.503212        -5.04158197E-06
   119.587746        -6.59443867E-06
   119.672272        -8.11447262E-06
   119.756798        -9.58773762E-06
   119.841324        -1.10005785E-05
   119.925858        -1.23397585E-05
   120.010384        -1.35926903E-05
   120.094910        -1.47475839E-05
   120.179443        -1.57935556E-05
   120.263969        -1.67208509E-05
   120.348495        -1.75208716E-05
   120.433029        -1.81863179E-05
   120.517555        -1.87112728E-05
   120.602081        -1.90912324E-05
   120.686615        -1.93231463E-05
   120.771141        -1.94054592E-05
   120.855667        -1.93380602E-05
   120.940201        -1.91223062E-05
   121.024727        -1.87609385E-05
   121.109253        -1.82580643E-05
   121.193779        -1.76190206E-05
   121.278313        -1.68503557E-05
   121.362839        -1.59596548E-05
   121.447365        -1.49554844E-05
   121.531898        -1.38472060E-05
   121.616425        -1.26448649E-05
   121.700951        -1.13590677E-05
   121.785484        -1.00008101E-05
   121.870010        -8.58133808E-06
   121.954536        -7.11201619E-06
   122.039070        -5.60418857E-06
   122.123596        -4.06906065E-06
   122.208122        -2.51755569E-06
   122.292656        -9.60220632E-07
   122.377182         5.92866627E-07
   122.461708         2.13220915E-06
   122.546234         3.64894640E-06
   122.630768         5.13491932E-06
   122.715294         6.58272802E-06
   122.799820         7.98578094E-06
   122.884354         9.33830779E-06
   122.968880         1.06353464E-05
   123.053406         1.18728049E-05
   123.137939         1.30473491E-05
   123.222466         1.41564760E-05
   123.306992         1.51983786E-05
   123.391525         1.61719836E-05
   123.476051         1.70768144E-05
   123.560577         1.79130075E-05
   123.645103         1.86811976E-05
   123.729637         1.93824435E-05
   123.814163         2.00182130E-05
   123.898689         2.05903070E-05
   123.983223         2.11007500E-05
   124.067749         2.15518321E-05
   124.152275         2.19459580E-05
   124.236809         2.22856434E-05
   124.321335         2.25734784E-05
   124.405861         2.28121044E-05
   124.490395         2.30041333E-05
   124.574921         2.31521899E-05
   124.659447         2.32588518E-05
   124.743980         2.33266528E-05
   124.828506         2.33580849E-05
   124.913033         2.33556293E-05
   124.997559         2.33217052E-05
   125.082092         2.32587226E-05
   125.166618         2.31690883E-05
   125.251144         2.30551814E-05
   125.335678         2.29194156E-05
   125.420204         2.27641904E-05
   125.504730         2.25919302E-05
   125.589264         2.24050109E-05
   125.673790         2.22058225E-05
   125.758316         2.19966914E-05
   125.842850         2.17798734E-05
   125.927376         2.15575092E-05
   126.011902         2.13315907E-05
   126.096436         2.11039314E-05
   126.180962         2.08761194E-05
   126.265488         2.06494424E-05
   126.350014         2.04248754E-05
   126.434547         2.02030260E-05
   126.519073         1.99840688E-05
   126.603600         1.97677509E-05
   126.688133         1.95532903E-05
   126.772659         1.93394553E-05
   126.857185         1.91244199E-05
   126.941719         1.89058737E-05
   127.026245         1.86809757E-05
   127.110771         1.84464116E-05
   127.195305         1.81983978E-05
   127.279831         1.79327908E-05
   127.364357         1.76451103E-05
   127.448883         1.73306562E-05
   127.533417         1.69845880E-05
   127.617943         1.66020291E-05
   127.702469         1.61782191E-05
   127.787003         1.57085688E-05
   127.871529         1.51888526E-05
   127.956055         1.46152606E-05
   128.040588         1.39845997E-05
   128.125107         1.32943251E-05
   128.209641         1.25426914E-05
   128.294174         1.17288646E-05
   128.378693         1.08529366E-05
   128.463226         9.91604611E-06
   128.547760         8.92036223E-06
   128.632278         7.86917826E-06
   128.716812         6.76680202E-06
   128.801346         5.61860452E-06
   128.885864         4.43093631E-06
   128.970398         3.21101470E-06
   129.054932         1.96689098E-06
   129.139450         7.07219499E-07
   129.223984        -5.58780471E-07
   129.308517        -1.82155952E-06
   129.393036        -3.07135633E-06
   129.477570        -4.29843885E-06
   129.562103        -5.49319611E-06
   129.646622        -6.64641129E-06
   129.731155        -7.74937962E-06
   129.815689        -8.79407708E-06
   129.900208        -9.77338368E-06
   129.984741        -1.06811267E-05
   130.069275        -1.15122284E-05
   130.153793        -1.22628462E-05
   130.238327        -1.29303871E-05
   130.322861        -1.35135497E-05
   130.407379        -1.40123757E-05
   130.491913        -1.44281630E-05
   130.576431        -1.47634964E-05
   130.660965        -1.50221113E-05
   130.745499        -1.52088296E-05
   130.830017        -1.53294004E-05
   130.914551        -1.53903857E-05
   130.999084        -1.53989913E-05
   131.083603        -1.53628625E-05
   131.168137        -1.52899211E-05
   131.252670        -1.51882177E-05
   131.337189        -1.50656379E-05
   131.421722        -1.49298321E-05
   131.506256        -1.47879473E-05
   131.590775        -1.46465409E-05
   131.675308        -1.45113372E-05
   131.759842        -1.43872303E-05
   131.844360        -1.42780636E-05
   131.928894        -1.41866149E-05
   132.013428        -1.41145365E-05
   132.097946        -1.40623079E-05
   132.182480        -1.40292841E-05
   132.267014        -1.40136872E-05
   132.351532        -1.40126986E-05
   132.436066        -1.40225102E-05
   132.520599        -1.40384918E-05
   132.605118        -1.40552311E-05
   132.689651        -1.40667707E-05
   132.774185        -1.40667016E-05
   132.858704        -1.40483653E-05
   132.943237        -1.40050415E-05
   133.027771        -1.39301064E-05
   133.112289        -1.38172263E-05
   133.196823        -1.36605540E-05
   133.281342        -1.34548300E-05
   133.365875        -1.31956313E-05
   133.450409        -1.28794154E-05
   133.534927        -1.25036822E-05
   133.619461        -1.20670393E-05
   133.703995        -1.15693156E-05
   133.788513        -1.10115334E-05
   133.873047        -1.03959919E-05
   133.957581        -9.72619091E-06
   134.042099        -9.00683608E-06
   134.126633        -8.24373637E-06
   134.211166        -7.44373847E-06
   134.295685        -6.61460945E-06
   134.380219        -5.76485945E-06
   134.464752        -4.90363072E-06
   134.549271        -4.04050115E-06
   134.633804        -3.18529692E-06
   134.718338        -2.34787581E-06
   134.802856        -1.53802205E-06
   134.887390        -7.65095649E-07
   134.971924        -3.79579816E-08
   135.056442         6.35259482E-07
   135.140976         1.24733367E-06
   135.225510         1.79208701E-06
   135.310028         2.26456086E-06
   135.394562         2.66109896E-06
   135.479095         2.97944439E-06
   135.563614         3.21883113E-06
   135.648148         3.37997312E-06
   135.732666         3.46511979E-06
   135.817200         3.47799460E-06
   135.901733         3.42377348E-06
   135.986252         3.30897615E-06
   136.070786         3.14138765E-06
   136.155319         2.92987102E-06
   136.239838         2.68425538E-06
   136.324371         2.41512703E-06
   136.408905         2.13364615E-06
   136.493423         1.85130546E-06
   136.577957         1.57973932E-06
   136.662491         1.33045148E-06
   136.747009         1.11464851E-06
   136.831543         9.42935003E-07
   136.916077         8.25178233E-07
   137.000595         7.70250494E-07
   137.085129         7.85815928E-07
   137.169662         8.78257993E-07
   137.254181         1.05242839E-06
   137.338715         1.31156753E-06
   137.423248         1.65722065E-06
   137.507767         2.08915935E-06
   137.592300         2.60534171E-06
   137.676834         3.20193044E-06
   137.761353         3.87328691E-06
   137.845886         4.61207583E-06
   137.930420         5.40927840E-06
   138.014938         6.25445000E-06
   138.099472         7.13571171E-06
   138.183990         8.04002775E-06
   138.268524         8.95335961E-06
   138.353058         9.86090072E-06
   138.437576         1.07472242E-05
   138.522110         1.15966350E-05
   138.606644         1.23933642E-05
   138.691162         1.31217757E-05
   138.775696         1.37666739E-05
   138.860229         1.43134966E-05
   138.944748         1.47486026E-05
   139.029282         1.50594033E-05
   139.113815         1.52346893E-05
   139.198334         1.52646990E-05
   139.282867         1.51413451E-05
   139.367401         1.48583358E-05
   139.451920         1.44112992E-05
   139.536453         1.37978141E-05
   139.620987         1.30175204E-05
   139.705505         1.20720961E-05
   139.790039         1.09652738E-05
   139.874573         9.70279052E-06
   139.959091         8.29230066E-06
   140.043625         6.74330386E-06
   140.128159         5.06700144E-06
   140.212677         3.27619136E-06
   140.297211         1.38506357E-06
   140.381744        -5.90938271E-07
   140.466263        -2.63536367E-06
   140.550797        -4.73094769E-06
   140.635330        -6.85980422E-06
   140.719849        -9.00370196E-06
   140.804382        -1.11442660E-05
   140.888901        -1.32632085E-05
   140.973434        -1.53425644E-05
   141.057968        -1.73648841E-05
   141.142487        -1.93134856E-05
   141.227020        -2.11726074E-05
   141.311554        -2.29275793E-05
   141.396072        -2.45650263E-05
   141.480606        -2.60729576E-05
   141.565140        -2.74409067E-05
   141.649658        -2.86600407E-05
   141.734192        -2.97232218E-05
   141.818726        -3.06250622E-05
   141.903244        -3.13619457E-05
   141.987778        -3.19320643E-05
   142.072311        -3.23353779E-05
   142.156830        -3.25736000E-05
   142.241364        -3.26501431E-05
   142.325897        -3.25699875E-05
   142.410416        -3.23396671E-05
   142.494949        -3.19670908E-05
   142.579483        -3.14614590E-05
   142.664001        -3.08330673E-05
   142.748535        -3.00932079E-05
   142.833069        -2.92539735E-05
   142.917587        -2.83280915E-05
   143.002121        -2.73287260E-05
   143.086655        -2.62693720E-05
   143.171173        -2.51635374E-05
   143.255707        -2.40247064E-05
   143.340225        -2.28660610E-05
   143.424759        -2.17003362E-05
   143.509293        -2.05396664E-05
   143.593811        -1.93954020E-05
   143.678345        -1.82779950E-05
   143.762878        -1.71968404E-05
   143.847397        -1.61601729E-05
   143.931931        -1.51750046E-05
   144.016464        -1.42470235E-05
   144.100983        -1.33805397E-05
   144.185516        -1.25785091E-05
   144.270050        -1.18424678E-05
   144.354568        -1.11725913E-05
   144.439102        -1.05677072E-05
   144.523636        -1.00254119E-05
   144.608154        -9.54208554E-06
   144.692688        -9.11302595E-06
   144.777222        -8.73260979E-06
   144.861740        -8.39431050E-06
   144.946274        -8.09100584E-06
   145.030807        -7.81504514E-06
   145.115326        -7.55839665E-06
   145.199860        -7.31289720E-06
   145.284393        -7.07035451E-06
   145.368912        -6.82275413E-06
   145.453445        -6.56244629E-06
   145.537979        -6.28220823E-06
   145.622498        -5.97548251E-06
   145.707031        -5.63648382E-06
   145.791550        -5.26024633E-06
   145.876083        -4.84279417E-06
   145.960617        -4.38117058E-06
   146.045135        -3.87350156E-06
   146.129669        -3.31902061E-06
   146.214203        -2.71808767E-06
   146.298721        -2.07218977E-06
   146.383255        -1.38384848E-06
   146.467789        -6.56657733E-07
   146.552307         1.04838364E-07
   146.636841         8.95253550E-07
   146.721375         1.70838473E-06
   146.805893         2.53741996E-06
   146.890427         3.37498705E-06
   146.974960         4.21331515E-06
   147.059479         5.04437776E-06
   147.144012         5.85998669E-06
   147.228546         6.65198013E-06
   147.313065         7.41229678E-06
   147.397598         8.13313454E-06
   147.482132         8.80707012E-06
   147.566650         9.42714178E-06
   147.651184         9.98698306E-06
   147.735718         1.04808969E-05
   147.820236         1.09039111E-05
   147.904770         1.12518901E-05
   147.989304         1.15215580E-05
   148.073822         1.17105183E-05
   148.158356         1.18173093E-05
   148.242874         1.18413736E-05
   148.327408         1.17830441E-05
   148.411942         1.16435558E-05
   148.496460         1.14249578E-05
   148.580994         1.11300415E-05
   148.665527         1.07623682E-05
   148.750046         1.03260800E-05
   148.834579         9.82589154E-06
   148.919113         9.26697794E-06
   149.003632         8.65486982E-06
   149.088165         7.99537702E-06
   149.172699         7.29447265E-06
   149.257217         6.55820941E-06
   149.341751         5.79259813E-06
   149.426285         5.00351553E-06
   149.510803         4.19665957E-06
   149.595337         3.37737652E-06
   149.679871         2.55066516E-06
   149.764389         1.72103830E-06
   149.848923         8.92558660E-07
   149.933456         6.87286317E-08
   150.017975        -7.47522847E-07
   150.102509        -1.55383373E-06
   150.187042        -2.34836830E-06
   150.271561        -3.12992097E-06
   150.356094        -3.89770912E-06
   150.440628        -4.65149878E-06
   150.525146        -5.39142502E-06
   150.609680        -6.11803580E-06
   150.694214        -6.83213648E-06
   150.778732        -7.53481390E-06
   150.863266        -8.22728271E-06
   150.947784        -8.91083982E-06
   151.032318        -9.58678356E-06
   151.116852        -1.02563517E-05
   151.201370        -1.09205948E-05
   151.285904        -1.15803523E-05
   151.370438        -1.22361589E-05
   151.454956        -1.28882211E-05
   151.539490        -1.35363252E-05
   151.624023        -1.41798209E-05
   151.708542        -1.48176096E-05
   151.793076        -1.54481277E-05
   151.877609        -1.60693635E-05
   151.962128        -1.66788559E-05
   152.046661        -1.72737437E-05
   152.131195        -1.78507526E-05
   152.215714        -1.84063101E-05
   152.300247        -1.89365855E-05
   152.384781        -1.94375207E-05
   152.469299        -1.99049264E-05
   152.553833        -2.03345571E-05
   152.638367        -2.07221947E-05
   152.722885        -2.10637209E-05
   152.807419        -2.13552321E-05
   152.891953        -2.15930759E-05
   152.976471        -2.17739489E-05
   153.061005        -2.18950281E-05
   153.145538        -2.19539234E-05
   153.230057        -2.19488575E-05
   153.314590        -2.18786117E-05
   153.399109        -2.17426314E-05
   153.483643        -2.15410018E-05
   153.568176        -2.12744872E-05
   153.652695        -2.09445134E-05
   153.737228        -2.05531669E-05
   153.821762        -2.01031198E-05
   153.906281        -1.95976754E-05
   153.990814        -1.90406572E-05
   154.075348        -1.84363780E-05
   154.159866        -1.77895599E-05
   154.244400        -1.71052725E-05
   154.328934        -1.63888526E-05
   154.413452        -1.56457972E-05
   154.497986        -1.48816953E-05
   154.582520        -1.41021128E-05
   154.667038        -1.33124959E-05
   154.751572        -1.25180841E-05
   154.836105        -1.17238287E-05
   154.920624        -1.09343355E-05
   155.005157        -1.01536743E-05
   155.089691        -9.38548965E-06
   155.174210        -8.63280547E-06
   155.258743        -7.89805381E-06
   155.343277        -7.18302636E-06
   155.427795        -6.48885680E-06
   155.512329        -5.81601034E-06
   155.596863        -5.16428690E-06
   155.681381        -4.53285520E-06
   155.765915        -3.92028005E-06
   155.850433        -3.32456875E-06
   155.934967        -2.74320814E-06
   156.019501        -2.17325760E-06
