  -4.50000000         0.00000000    
  -4.41547155         0.00000000    
  -4.33094311         0.00000000    
  -4.24641466         0.00000000    
  -4.16188622        -2.17360638E-25
  -4.07735777         8.04742253E-24
  -3.99282932         1.42244211E-23
  -3.90830088        -3.30446412E-22
  -3.82377243        -2.77741097E-21
  -3.73924398        -1.23837371E-20
  -3.65471554        -3.87467426E-20
  -3.57018733        -9.22913327E-20
  -3.48565888        -1.69188731E-19
  -3.40113044        -2.20703549E-19
  -3.31660199        -1.13398061E-19
  -3.23207355         3.93521767E-19
  -3.14754510         1.60495414E-18
  -3.06301665         3.72279128E-18
  -2.97848821         6.52267730E-18
  -2.89395976         8.91952494E-18
  -2.80943131         8.59142375E-18
  -2.72490287         1.96613821E-18
  -2.64037442        -1.50548013E-17
  -2.55584598        -4.53434505E-17
  -2.47131753        -8.77823124E-17
  -2.38678908        -1.34040132E-16
  -2.30226064        -1.66074560E-16
  -2.21773219        -1.56058144E-16
  -2.13320374        -7.04907502E-17
  -2.04867530         1.20394074E-16
  -1.96414697         4.28320447E-16
  -1.87961853         8.30311829E-16
  -1.79509008         1.25454262E-15
  -1.71056163         1.57519255E-15
  -1.62603319         1.62285520E-15
  -1.54150474         1.21483371E-15
  -1.45697629         2.04990338E-16
  -1.37244797        -1.45365709E-15
  -1.28791952        -3.64726331E-15
  -1.20339108        -6.05923748E-15
  -1.11886263        -8.16814030E-15
  -1.03433418        -9.30114259E-15
 -0.949805737        -8.74839684E-15
 -0.865277290        -5.92853141E-15
 -0.780748844        -5.78559661E-16
 -0.696220458         7.07282464E-15
 -0.611692011         1.61965388E-14
 -0.527163565         2.53629718E-14
 -0.442635119         3.26777552E-14
 -0.358106703         3.60537914E-14
 -0.273578256         3.35872111E-14
 -0.189049825         2.39750931E-14
 -0.104521386         6.89355308E-15
  -1.99929532E-02    -1.67462242E-14
   6.45354837E-02    -4.47273546E-14
  0.149063915        -7.36686713E-14
  0.233592346        -9.93595600E-14
  0.318120778        -1.17228384E-13
  0.402649224        -1.22861018E-13
  0.487177670        -1.12487791E-13
  0.571706116        -8.33882253E-14
  0.656234503        -3.42110814E-14
  0.740762949         3.47419372E-14
  0.825291395         1.21191238E-13
  0.909819841         2.20449310E-13
  0.994348288         3.24884542E-13
   1.07887673         4.23388538E-13
   1.16340518         5.01083983E-13
   1.24793363         5.39613168E-13
   1.33246195         5.18380857E-13
   1.41699040         4.17035357E-13
   1.50151885         2.19257257E-13
   1.58604729        -8.24172206E-14
   1.67057574        -4.81410647E-13
   1.75510418        -9.52599436E-13
   1.83963263        -1.44976153E-12
   1.92416108        -1.90623992E-12
   2.00868940        -2.23975699E-12
   2.09321785        -2.36169613E-12
   2.17774630        -2.19028593E-12
   2.26227474        -1.66618856E-12
   2.34680319        -7.68138862E-13
   2.43133163         4.74230952E-13
   2.51586008         1.97326660E-12
   2.60038853         3.58421300E-12
   2.68491697         5.11542458E-12
   2.76944542         6.34761341E-12
   2.85397387         7.06027597E-12
   2.93850231         7.06200896E-12
   3.02303076         6.22044343E-12
   3.10755920         4.48729378E-12
   3.19208765         1.91457137E-12
   3.27661610        -1.34079965E-12
   3.36114454        -5.02496525E-12
   3.44567299        -8.80689098E-12
   3.53020120        -1.23074025E-11
   3.61472964        -1.51339791E-11
   3.69925809        -1.69172974E-11
   3.78378654        -1.73459528E-11
   3.86831498        -1.61966118E-11
   3.95284343        -1.33579311E-11
   4.03737211        -8.84771423E-12
   4.12190056        -2.82327417E-12
   4.20642900         4.41494627E-12
   4.29095745         1.24269761E-11
   4.37548542         2.06454472E-11
   4.46001387         2.83983653E-11
   4.54454231         3.49448352E-11
   4.62907076         3.95254905E-11
   4.71359921         4.14273893E-11
   4.79812765         4.00607880E-11
   4.88265610         3.50414628E-11
   4.96718454         2.62691813E-11
   5.05171299         1.39906246E-11
   5.13624144        -1.16587729E-12
   5.22076988        -1.81947391E-11
   5.30529833        -3.57638467E-11
   5.38982677        -5.23128138E-11
   5.47435522        -6.61930233E-11
   5.55888367        -7.58363927E-11
   5.64341211        -7.99341565E-11
   5.72794056        -7.76030074E-11
   5.81246901        -6.85166923E-11
   5.89699745        -5.29835134E-11
   5.98152590        -3.19574471E-11
   6.06605434        -6.97881856E-12
   6.15058279         1.99501249E-11
   6.23511124         4.65409516E-11
   6.31963968         7.04263800E-11
   6.40416813         8.93762148E-11
   6.48869658         1.01499462E-10
   6.57322502         1.05414039E-10
   6.65775347         1.00370420E-10
   6.74228191         8.63226851E-11
   6.82681036         6.39454878E-11
   6.91133881         3.46002775E-11
   6.99586725         2.56555844E-13
   7.08039570        -3.66268092E-11
   7.16492414        -7.32545552E-11
   7.24945259        -1.06679394E-10
   7.33398104        -1.34012940E-10
   7.41850948        -1.52658927E-10
   7.50303793        -1.60559122E-10
   7.58756638        -1.56437752E-10
   7.67209482        -1.40023868E-10
   7.75662327        -1.12226020E-10
   7.84115171        -7.52308701E-11
   7.92567968        -3.24981986E-11
   8.01020813         1.13683099E-11
   8.09473705         5.08863819E-11
   8.17926502         8.00925645E-11
   8.26379395         9.30505534E-11
   8.34832191         8.44352158E-11
   8.43285084         5.01417519E-11
   8.51737881        -1.21410529E-11
   8.60190773        -1.02453344E-10
   8.68643570        -2.18242771E-10
   8.77096462        -3.54242385E-10
   8.85549259        -5.02580144E-10
   8.94002151        -6.53125776E-10
   9.02454948        -7.94059651E-10
   9.10907841        -9.12630305E-10
   9.19360638        -9.96038696E-10
   9.27813530        -1.03238551E-09
   9.36266327        -1.01159747E-09
   9.44719219        -9.26259569E-10
   9.53172016        -7.72280295E-10
   9.61624908        -5.49330359E-10
   9.70077705        -2.61018873E-10
   9.78530502         8.52090343E-11
   9.86983395         4.78443285E-10
   9.95436192         9.04918529E-10
   10.0388908         1.34880718E-09
   10.1234188         1.79312731E-09
   10.2079477         2.22069696E-09
   10.2924757         2.61505728E-09
   10.3770046         2.96131430E-09
   10.4615326         3.24684857E-09
   10.5460615         3.46187945E-09
   10.6305895         3.59989083E-09
   10.7151184         3.65795261E-09
   10.7996464         3.63698693E-09
   10.8841753         3.54202156E-09
   10.9687033         3.38251627E-09
   11.0532322         3.17278692E-09
   11.1377602         2.93256641E-09
   11.2222891         2.68769895E-09
   11.3068171         2.47092569E-09
   11.3913460         2.32273201E-09
   11.4758739         2.29211050E-09
   11.5604029         2.43720732E-09
   11.6449308         2.82565127E-09
   11.7294598         3.53445007E-09
   11.8139877         4.64939998E-09
   11.8985167         6.26377750E-09
   11.9830446         8.47621973E-09
   12.0675735         1.13879564E-08
   12.1521015         1.50988928E-08
   12.2366304         1.97030232E-08
   12.3211584         2.52829473E-08
   12.4056873         3.19035713E-08
   12.4902153         3.96055420E-08
   12.5747442         4.83980216E-08
   12.6592722         5.82518602E-08
   12.7438011         6.90929838E-08
   12.8283291         8.07970082E-08
   12.9128580         9.31850579E-08
   12.9973860         1.06022171E-07
   13.0819149         1.19017770E-07
   13.1664429         1.31830205E-07
   13.2509708         1.44074860E-07
   13.3354998         1.55336338E-07
   13.4200277         1.65185668E-07
   13.5045567         1.73202665E-07
   13.5890846         1.79002342E-07
   13.6736135         1.82267044E-07
   13.7581415         1.82782131E-07
   13.8426704         1.80476462E-07
   13.9271984         1.75465189E-07
   14.0117273         1.68095511E-07
   14.0962553         1.58993672E-07
   14.1807842         1.49112950E-07
   14.2653122         1.39780440E-07
   14.3498411         1.32742912E-07
   14.4343691         1.30210495E-07
   14.5188980         1.34896283E-07
   14.6034260         1.50052827E-07
   14.6879549         1.79502820E-07
   14.7724829         2.27665481E-07
   14.8570118         2.99575049E-07
   14.9415398         4.00893782E-07
   15.0260687         5.37917856E-07
   15.1105967         7.17572789E-07
   15.1951256         9.47401247E-07
   15.2796535         1.23554241E-06
   15.3641825         1.59069930E-06
   15.4487104         2.02209526E-06
   15.5332394         2.53941312E-06
   15.6177673         3.15274247E-06
   15.7022963         3.87248974E-06
   15.7868242         4.70928671E-06
   15.8713531         5.67389816E-06
   15.9558811         6.77710023E-06
   16.0404091         8.02957675E-06
   16.1249390         9.44178282E-06
   16.2094669         1.10238216E-05
   16.2939949         1.27853054E-05
   16.3785229         1.47352530E-05
   16.4630527         1.68819261E-05
   16.5475807         1.92327443E-05
   16.6321087         2.17941888E-05
   16.7166367         2.45716492E-05
   16.8011646         2.75693892E-05
   16.8856945         3.07904520E-05
   16.9702225         3.42366075E-05
   17.0547504         3.79083722E-05
   17.1392784         4.18048076E-05
   17.2238083         4.59237272E-05
   17.3083363         5.02615403E-05
   17.3928642         5.48133721E-05
   17.4773922         5.95730162E-05
   17.5619221         6.45330001E-05
   17.6464500         6.96847055E-05
   17.7309780         7.50182880E-05
   17.8155060         8.05229356E-05
   17.9000359         8.61868466E-05
   17.9845638         9.19973754E-05
   18.0690918         9.79411052E-05
   18.1536198         1.04004001E-04
   18.2381496         1.10171561E-04
   18.3226776         1.16429015E-04
   18.4072056         1.22761325E-04
   18.4917336         1.29153399E-04
   18.5762634         1.35590337E-04
   18.6607914         1.42057659E-04
   18.7453194         1.48541149E-04
   18.8298473         1.55027432E-04
   18.9143772         1.61503835E-04
   18.9989052         1.67958686E-04
   19.0834332         1.74381435E-04
   19.1679611         1.80762785E-04
   19.2524910         1.87094731E-04
   19.3370190         1.93370899E-04
   19.4215469         1.99586269E-04
   19.5060749         2.05737437E-04
   19.5906048         2.11822713E-04
   19.6751328         2.17841982E-04
   19.7596607         2.23796655E-04
   19.8441887         2.29689686E-04
   19.9287186         2.35525396E-04
   20.0132465         2.41309419E-04
   20.0977745         2.47048622E-04
   20.1823025         2.52750469E-04
   20.2668324         2.58423534E-04
   20.3513603         2.64076632E-04
   20.4358883         2.69718876E-04
   20.5204163         2.75359314E-04
   20.6049442         2.81006796E-04
   20.6894741         2.86669616E-04
   20.7740021         2.92355166E-04
   20.8585300         2.98070139E-04
   20.9430580         3.03819688E-04
   21.0275879         3.09607887E-04
   21.1121159         3.15437326E-04
   21.1966438         3.21308908E-04
   21.2811718         3.27222195E-04
   21.3657017         3.33174947E-04
   21.4502296         3.39163642E-04
   21.5347576         3.45183449E-04
   21.6192856         3.51228169E-04
   21.7038155         3.57290643E-04
   21.7883434         3.63363157E-04
   21.8728714         3.69437126E-04
   21.9573994         3.75504111E-04
   22.0419292         3.81555612E-04
   22.1264572         3.87583394E-04
   22.2109852         3.93580063E-04
   22.2955132         3.99539131E-04
   22.3800430         4.05455328E-04
   22.4645710         4.11324814E-04
   22.5490990         4.17145464E-04
   22.6336269         4.22916870E-04
   22.7181568         4.28640837E-04
   22.8026848         4.34320740E-04
   22.8872128         4.39962023E-04
   22.9717407         4.45572223E-04
   23.0562706         4.51160508E-04
   23.1407986         4.56737471E-04
   23.2253265         4.62315424E-04
   23.3098545         4.67907317E-04
   23.3943844         4.73527034E-04
   23.4789124         4.79188719E-04
   23.5634403         4.84906224E-04
   23.6479683         4.90693143E-04
   23.7324982         4.96561988E-04
   23.8170261         5.02523500E-04
   23.9015541         5.08587051E-04
   23.9860821         5.14759391E-04
   24.0706100         5.21044538E-04
   24.1551399         5.27443888E-04
   24.2396679         5.33954881E-04
   24.3241959         5.40572102E-04
   24.4087238         5.47286007E-04
   24.4932537         5.54083381E-04
   24.5777817         5.60947577E-04
   24.6623096         5.67858107E-04
   24.7468376         5.74790931E-04
   24.8313675         5.81719331E-04
   24.9158955         5.88613679E-04
   25.0004234         5.95442427E-04
   25.0849514         6.02172047E-04
   25.1694813         6.08768605E-04
   25.2540092         6.15197816E-04
   25.3385372         6.21426152E-04
   25.4230652         6.27421599E-04
   25.5075951         6.33154646E-04
   25.5921230         6.38599158E-04
   25.6766510         6.43733598E-04
   25.7611790         6.48541201E-04
   25.8457088         6.53011666E-04
   25.9302368         6.57141150E-04
   26.0147648         6.60933438E-04
   26.0992928         6.64400752E-04
   26.1838226         6.67563349E-04
   26.2683506         6.70450623E-04
   26.3528786         6.73100527E-04
   26.4374065         6.75560441E-04
   26.5219364         6.77885779E-04
   26.6064644         6.80140743E-04
   26.6909924         6.82396465E-04
   26.7755203         6.84731349E-04
   26.8600502         6.87229040E-04
   26.9445782         6.89977780E-04
   27.0291061         6.93068781E-04
   27.1136341         6.96594652E-04
   27.1981640         7.00647768E-04
   27.2826920         7.05318234E-04
   27.3672199         7.10692198E-04
   27.4517479         7.16849347E-04
   27.5362759         7.23861682E-04
   27.6208057         7.31790438E-04
   27.7053337         7.40685151E-04
   27.7898617         7.50580570E-04
   27.8743896         7.61495903E-04
   27.9589195         7.73432432E-04
   28.0434475         7.86372111E-04
   28.1279755         8.00275942E-04
   28.2125034         8.15083913E-04
   28.2970333         8.30712961E-04
   28.3815613         8.47057498E-04
   28.4660892         8.63988185E-04
   28.5506172         8.81352753E-04
   28.6351471         8.98976054E-04
   28.7196751         9.16661287E-04
   28.8042030         9.34190874E-04
   28.8887310         9.51327209E-04
   28.9732609         9.67815751E-04
   29.0577888         9.83386533E-04
   29.1423168         9.97756259E-04
   29.2268448         1.01063156E-03
   29.3113747         1.02171092E-03
   29.3959026         1.03068911E-03
   29.4804306         1.03725970E-03
   29.5649586         1.04111817E-03
   29.6494884         1.04196649E-03
   29.7340164         1.03951525E-03
   29.8185444         1.03348831E-03
   29.9030724         1.02362561E-03
   29.9876022         1.00968720E-03
   30.0721302         9.91455745E-04
   30.1566582         9.68739449E-04
   30.2411861         9.41376318E-04
   30.3257160         9.09234979E-04
   30.4102440         8.72217875E-04
   30.4947720         8.30262725E-04
   30.5792999         7.83344381E-04
   30.6638298         7.31476466E-04
   30.7483578         6.74711075E-04
   30.8328857         6.13140524E-04
   30.9174137         5.46895957E-04
   31.0019417         4.76148416E-04
   31.0864716         4.01107041E-04
   31.1709995         3.22018488E-04
   31.2555275         2.39164947E-04
   31.3400555         1.52862747E-04
   31.4245853         6.34598618E-05
   31.5091133        -2.86663981E-05
   31.5936413        -1.23112448E-04
   31.6781693        -2.19451118E-04
   31.7626991        -3.17235274E-04
   31.8472271        -4.16000927E-04
   31.9317551        -5.15270978E-04
   32.0162849        -6.14558929E-04
   32.1008110        -7.13372661E-04
   32.1853409        -8.11217818E-04
   32.2698708        -9.07602429E-04
   32.3543968        -1.00204034E-03
   32.4389267        -1.09405397E-03
   32.5234528        -1.18318002E-03
   32.6079826        -1.26897066E-03
   32.6925125        -1.35099865E-03
   32.7770386        -1.42885908E-03
   32.8615685        -1.50217349E-03
   32.9460983        -1.57059159E-03
   33.0306244        -1.63379463E-03
   33.1151543        -1.69149635E-03
   33.1996803        -1.74344599E-03
   33.2842102        -1.78942888E-03
   33.3687401        -1.82926806E-03
   33.4532661        -1.86282606E-03
   33.5377960        -1.89000368E-03
   33.6223259        -1.91074063E-03
   33.7068520        -1.92501803E-03
   33.7913818        -1.93285313E-03
   33.8759079        -1.93430390E-03
   33.9604378        -1.92946382E-03
   34.0449677        -1.91846234E-03
   34.1294937        -1.90146302E-03
   34.2140236        -1.87866192E-03
   34.2985535        -1.85028650E-03
   34.3830795        -1.81658962E-03
   34.4676094        -1.77785184E-03
   34.5521355        -1.73437572E-03
   34.6366653        -1.68648444E-03
   34.7211952        -1.63451803E-03
   34.8057213        -1.57883263E-03
   34.8902512        -1.51979434E-03
   34.9747772        -1.45777944E-03
   35.0593071        -1.39316986E-03
   35.1438370        -1.32635143E-03
   35.2283630        -1.25771004E-03
   35.3128929        -1.18763046E-03
   35.3974228        -1.11649325E-03
   35.4819489        -1.04467187E-03
   35.5664787        -9.72532027E-04
   35.6510048        -9.00428102E-04
   35.7355347        -8.28703109E-04
   35.8200645        -7.57684931E-04
   35.9045906        -6.87687250E-04
   35.9891205        -6.19006751E-04
   36.0736504        -5.51922363E-04
   36.1581764        -4.86694684E-04
   36.2427063        -4.23565129E-04
   36.3272324        -3.62755003E-04
   36.4117622        -3.04465502E-04
   36.4962921        -2.48877070E-04
   36.5808182        -1.96149020E-04
   36.6653481        -1.46420018E-04
   36.7498779        -9.98074465E-05
   36.8344040        -5.64075890E-05
   36.9189339        -1.62961533E-05
   37.0034599         2.04721964E-05
   37.0879898         5.38628919E-05
   37.1725197         8.38614942E-05
   37.2570457         1.10473171E-04
   37.3415756         1.33722133E-04
   37.4261055         1.53651257E-04
   37.5106316         1.70321073E-04
   37.5951614         1.83809374E-04
   37.6796875         1.94210545E-04
   37.7642174         2.01634044E-04
   37.8487473         2.06204204E-04
   37.9332733         2.08058773E-04
   38.0178032         2.07348188E-04
   38.1023293         2.04233933E-04
   38.1868591         1.98887850E-04
   38.2713890         1.91490573E-04
   38.3559151         1.82230360E-04
   38.4404449         1.71301566E-04
   38.5249748         1.58903378E-04
   38.6095009         1.45238388E-04
   38.6940308         1.30511005E-04
   38.7785568         1.14926144E-04
   38.8630867         9.86876184E-05
   38.9476166         8.19967972E-05
   39.0321426         6.50511574E-05
   39.1166725         4.80428389E-05
   39.2012024         3.11573931E-05
   39.2857285         1.45724471E-05
   39.3702583        -1.54343559E-06
   39.4547844        -1.70318817E-05
   39.5393143        -3.17457598E-05
   39.6238441        -4.55499867E-05
   39.7083702        -5.83223627E-05
   39.7929001        -6.99542361E-05
   39.8774300        -8.03510047E-05
   39.9619560        -8.94325203E-05
   40.0464859        -9.71333648E-05
   40.1310120        -1.03403021E-04
   40.2155418        -1.08205713E-04
   40.3000717        -1.11520480E-04
   40.3845978        -1.13340735E-04
   40.4691277        -1.13673974E-04
   40.5536575        -1.12541216E-04
   40.6381836        -1.09976419E-04
   40.7227135        -1.06025676E-04
   40.8072395        -1.00746489E-04
   40.8917694        -9.42068073E-05
   40.9762993        -8.64840258E-05
   41.0608253        -7.76639426E-05
   41.1453552        -6.78396318E-05
   41.2298851        -5.71103155E-05
   41.3144112        -4.55801455E-05
   41.3989410        -3.33569624E-05
   41.4834671        -2.05511078E-05
   41.5679970        -7.27422139E-06
   41.6525269         6.36193681E-06
   41.7370529         2.02466817E-05
   41.8215828         3.42714557E-05
   41.9061089         4.83308577E-05
   41.9906387         6.23235828E-05
   42.0751686         7.61532574E-05
   42.1596947         8.97292994E-05
   42.2442245         1.02967468E-04
   42.3287544         1.15790295E-04
   42.4132805         1.28127780E-04
   42.4978104         1.39917363E-04
   42.5823364         1.51104367E-04
   42.6668663         1.61641947E-04
   42.7513962         1.71490974E-04
   42.8359222         1.80620162E-04
   42.9204521         1.89005528E-04
   43.0049820         1.96630295E-04
   43.0895081         2.03484393E-04
   43.1740379         2.09564067E-04
   43.2585640         2.14871470E-04
   43.3430939         2.19413982E-04
   43.4276237         2.23203650E-04
   43.5121498         2.26256758E-04
   43.5966797         2.28593228E-04
   43.6812096         2.30235921E-04
   43.7657356         2.31210419E-04
   43.8502655         2.31544109E-04
   43.9347916         2.31266182E-04
   44.0193214         2.30406804E-04
   44.1038513         2.28997073E-04
   44.1883774         2.27068507E-04
   44.2729073         2.24652860E-04
   44.3574371         2.21781971E-04
   44.4419632         2.18487388E-04
   44.5264931         2.14800602E-04
   44.6110191         2.10752623E-04
   44.6955490         2.06374214E-04
   44.7800789         2.01695628E-04
   44.8646049         1.96746885E-04
   44.9491348         1.91557614E-04
   45.0336647         1.86157296E-04
   45.1181908         1.80575167E-04
   45.2027206         1.74840417E-04
   45.2872467         1.68982428E-04
   45.3717766         1.63030447E-04
   45.4563065         1.57014190E-04
   45.5408325         1.50963679E-04
   45.6253624         1.44909209E-04
   45.7098885         1.38881689E-04
   45.7944183         1.32912435E-04
   45.8789482         1.27033345E-04
   45.9634743         1.21276644E-04
   46.0480042         1.15675044E-04
   46.1325340         1.10261368E-04
   46.2170601         1.05068568E-04
   46.3015900         1.00129408E-04
   46.3861160         9.54761636E-05
   46.4706459         9.11405077E-05
   46.5551758         8.71529774E-05
   46.6397018         8.35427272E-05
   46.7242317         8.03372241E-05
   46.8087616         7.75618464E-05
   46.8932877         7.52394844E-05
   46.9778175         7.33903144E-05
   47.0623436         7.20314565E-05
   47.1468735         7.11766843E-05
   47.2314034         7.08361185E-05
   47.3159294         7.10161912E-05
   47.4004593         7.17193034E-05
   47.4849892         7.29438616E-05
   47.5695152         7.46840669E-05
   47.6540451         7.69300314E-05
   47.7385712         7.96676322E-05
   47.8231010         8.28787088E-05
   47.9076309         8.65410548E-05
   47.9921570         9.06286514E-05
   48.0766869         9.51116162E-05
   48.1612167         9.99566983E-05
   48.2457428         1.05127256E-04
   48.3302727         1.10583533E-04
   48.4147987         1.16282943E-04
   48.4993286         1.22180281E-04
   48.5838585         1.28228028E-04
   48.6683846         1.34376620E-04
   48.7529144         1.40574397E-04
   48.8374405         1.46768463E-04
   48.9219704         1.52904322E-04
   49.0065002         1.58926530E-04
   49.0910263         1.64778787E-04
   49.1755562         1.70404324E-04
   49.2600861         1.75746056E-04
   49.3446121         1.80747171E-04
   49.4291420         1.85351135E-04
   49.5136681         1.89502505E-04
   49.5981979         1.93147032E-04
   49.6827278         1.96232286E-04
   49.7672539         1.98708280E-04
   49.8517838         2.00527997E-04
   49.9363136         2.01647883E-04
   50.0208397         2.02028517E-04
   50.1053696         2.01635470E-04
   50.1898956         2.00439565E-04
   50.2744255         1.98417969E-04
   50.3589554         1.95554239E-04
   50.4434814         1.91839441E-04
   50.5280113         1.87272060E-04
   50.6125412         1.81858806E-04
   50.6970673         1.75614783E-04
   50.7815971         1.68563434E-04
   50.8661232         1.60737050E-04
   50.9506531         1.52176377E-04
   51.0351830         1.42930352E-04
   51.1197090         1.33056164E-04
   51.2042389         1.22618352E-04
   51.2887688         1.11688503E-04
   51.3732948         1.00344536E-04
   51.4578247         8.86696216E-05
   51.5423508         7.67516613E-05
   51.6268806         6.46819753E-05
   51.7114105         5.25544965E-05
   51.7959366         4.04645070E-05
   51.8804665         2.85076349E-05
   51.9649963         1.67786893E-05
   52.0495224         5.37060851E-06
   52.1340523        -5.62664445E-06
   52.2185783        -1.61270527E-05
   52.3031082        -2.60494526E-05
   52.3876381        -3.53183750E-05
   52.4721642        -4.38649076E-05
   52.5566940        -5.16271903E-05
   52.6412201        -5.85510825E-05
   52.7257500        -6.45905093E-05
   52.8102798        -6.97077485E-05
   52.8948059        -7.38738599E-05
   52.9793358        -7.70685365E-05
   53.0638657        -7.92801729E-05
   53.1483917        -8.05059317E-05
   53.2329216        -8.07513497E-05
   53.3174477        -8.00303023E-05
   53.4019775        -7.83644500E-05
   53.4865074        -7.57830494E-05
   53.5710335        -7.23223930E-05
   53.6555634        -6.80253215E-05
   53.7400932        -6.29406786E-05
   53.8246193        -5.71227538E-05
   53.9091492        -5.06305405E-05
   53.9936752        -4.35271832E-05
   54.0782051        -3.58793259E-05
   54.1627350        -2.77562594E-05
   54.2472610        -1.92293755E-05
   54.3317909        -1.03713910E-05
   54.4163208        -1.25561110E-06
   54.5008469         8.04471074E-06
   54.5853767         1.74571014E-05
   54.6699028         2.69105240E-05
   54.7544327         3.63359140E-05
   54.8389626         4.56668567E-05
   54.9234886         5.48400785E-05
   55.0080185         6.37959893E-05
   55.0925484         7.24789643E-05
   55.1770744         8.08379482E-05
   55.2616043         8.88265786E-05
   55.3461304         9.64034843E-05
   55.4306602         1.03532606E-04
   55.5151901         1.10183079E-04
   55.5997162         1.16329429E-04
   55.6842461         1.21951562E-04
   55.7687759         1.27034582E-04
   55.8533020         1.31568755E-04
   55.9378319         1.35549213E-04
   56.0223579         1.38975665E-04
   56.1068878         1.41852172E-04
   56.1914177         1.44186692E-04
   56.2759438         1.45990663E-04
   56.3604736         1.47278595E-04
   56.4449997         1.48067702E-04
   56.5295296         1.48377323E-04
   56.6140594         1.48228486E-04
   56.6985855         1.47643470E-04
   56.7831154         1.46645369E-04
   56.8676453         1.45257698E-04
   56.9521713         1.43504047E-04
   57.0367012         1.41407727E-04
   57.1212273         1.38991483E-04
   57.2057571         1.36277347E-04
   57.2902870         1.33286347E-04
   57.3748131         1.30038461E-04
   57.4593430         1.26552623E-04
   57.5438728         1.22846541E-04
   57.6283989         1.18936921E-04
   57.7129288         1.14839415E-04
   57.7974548         1.10568799E-04
   57.8819847         1.06139254E-04
   57.9665146         1.01564387E-04
   58.0510406         9.68574313E-05
   58.1355705         9.20316234E-05
   58.2201004         8.71002485E-05
   58.3046265         8.20770219E-05
   58.3891563         7.69761173E-05
   58.4736824         7.18123774E-05
   58.5582123         6.66014603E-05
   58.6427422         6.13599041E-05
   58.7272682         5.61052366E-05
   58.8117981         5.08558842E-05
   58.8963280         4.56310809E-05
   58.9808540         4.04509665E-05
   59.0653839         3.53363357E-05
   59.1499100         3.03084271E-05
   59.2344398         2.53888538E-05
   59.3189697         2.05993474E-05
   59.4034958         1.59614647E-05
   59.4880257         1.14964632E-05
   59.5725517         7.22496952E-06
   59.6570816         3.16681644E-06
   59.7416115        -6.59185616E-07
   59.8261375        -4.23548227E-06
   59.9106674        -7.54591838E-06
   59.9951973        -1.05757963E-05
   60.0797234        -1.33121730E-05
   60.1642532        -1.57437553E-05
   60.2487793        -1.78611008E-05
   60.3333092        -1.96564888E-05
   60.4178391        -2.11241204E-05
   60.5023651        -2.22599210E-05
   60.5868950        -2.30615587E-05
   60.6714249        -2.35284497E-05
   60.7559509        -2.36615797E-05
   60.8404808        -2.34635754E-05
   60.9250069        -2.29386060E-05
   61.0095367        -2.20922993E-05
   61.0940666        -2.09318023E-05
   61.1785927        -1.94656986E-05
   61.2631226        -1.77040420E-05
   61.3476524        -1.56583901E-05
   61.4321785        -1.33418680E-05
   61.5167084        -1.07691631E-05
   61.6012344        -7.95659071E-06
   61.6857643        -4.92219078E-06
   61.7702942        -1.68573661E-06
   61.8548203         1.73126841E-06
   61.9393501         5.30554507E-06
   62.0238800         9.01209023E-06
   62.1084061         1.28242873E-05
   62.1929359         1.67140024E-05
   62.2774620         2.06517761E-05
   62.3619919         2.46069831E-05
   62.4465218         2.85481256E-05
   62.5310478         3.24432513E-05
   62.6155777         3.62600658E-05
   62.7001076         3.99665041E-05
   62.7846336         4.35310903E-05
   62.8691635         4.69233710E-05
   62.9536896         5.01143368E-05
   63.0382195         5.30768266E-05
   63.1227493         5.57861313E-05
   63.2072754         5.82202374E-05
   63.2918053         6.03603658E-05
   63.3763313         6.21912695E-05
   63.4608612         6.37016128E-05
   63.5453911         6.48842470E-05
   63.6299171         6.57363780E-05
   63.7144470         6.62598686E-05
   63.7989769         6.64612016E-05
   63.8835030         6.63515821E-05
   63.9680328         6.59467987E-05
   64.0525589         6.52671515E-05
   64.1370926         6.43372769E-05
   64.2216187         6.31856674E-05
   64.3061447         6.18445629E-05
   64.3906708         6.03493208E-05
   64.4752045         5.87380164E-05
   64.5597305         5.70508782E-05
   64.6442566         5.53297723E-05
   64.7287903         5.36174484E-05
   64.8133163         5.19571076E-05
   64.8978424         5.03916817E-05
   64.9823761         4.89631529E-05
   65.0669022         4.77120484E-05
   65.1514282         4.66767524E-05
   65.2359619         4.58930190E-05
   65.3204880         4.53934699E-05
   65.4050140         4.52069944E-05
   65.4895477         4.53584762E-05
   65.5740738         4.58683462E-05
   65.6585999         4.67523096E-05
   65.7431259         4.80210329E-05
   65.8276596         4.96801076E-05
   65.9121857         5.17298577E-05
   65.9967117         5.41653208E-05
   66.0812454         5.69762524E-05
   66.1657715         6.01472857E-05
   66.2502975         6.36581244E-05
   66.3348312         6.74836483E-05
   66.4193573         7.15943388E-05
   66.5038834         7.59565010E-05
   66.5884171         8.05326272E-05
   66.6729431         8.52820303E-05
   66.7574692         9.01609455E-05
   66.8419952         9.51233815E-05
   66.9265289         1.00121288E-04
   67.0110550         1.05105260E-04
   67.0955811         1.10024972E-04
   67.1801147         1.14829840E-04
   67.2646408         1.19469223E-04
   67.3491669         1.23893289E-04
   67.4337006         1.28053201E-04
   67.5182266         1.31901848E-04
   67.6027527         1.35393959E-04
   67.6872864         1.38486925E-04
   67.7718124         1.41140787E-04
   67.8563385         1.43318903E-04
   67.9408722         1.44988051E-04
   68.0253983         1.46118793E-04
   68.1099243         1.46685692E-04
   68.1944504         1.46667458E-04
   68.2789841         1.46047241E-04
   68.3635101         1.44812511E-04
   68.4480362         1.42955352E-04
   68.5325699         1.40472373E-04
   68.6170959         1.37364812E-04
   68.7016220         1.33638299E-04
   68.7861557         1.29302993E-04
   68.8706818         1.24373473E-04
   68.9552078         1.18868433E-04
   69.0397415         1.12810681E-04
   69.1242676         1.06227038E-04
   69.2087936         9.91479174E-05
   69.2933273         9.16072604E-05
   69.3778534         8.36422987E-05
   69.4623795         7.52930646E-05
   69.5469055         6.66024571E-05
   69.6314392         5.76156817E-05
   69.7159653         4.83799813E-05
   69.8004913         3.89443958E-05
   69.8850250         2.93592984E-05
   69.9695511         1.96761775E-05
   70.0540771         9.94726179E-06
   70.1386108         2.25136986E-07
   70.2231369        -9.43741543E-06
   70.3076630        -1.89878901E-05
   70.3921967        -2.83742320E-05
   70.4767227        -3.75451891E-05
   70.5612488        -4.64504883E-05
   70.6457748        -5.50411860E-05
   70.7303085        -6.32697993E-05
   70.8148346        -7.10906534E-05
   70.8993607        -7.84599615E-05
   70.9838943        -8.53361562E-05
   71.0684204        -9.16800127E-05
   71.1529465        -9.74548457E-05
   71.2374802        -1.02626786E-04
   71.3220062        -1.07164851E-04
   71.4065323        -1.11041169E-04
   71.4910660        -1.14231087E-04
   71.5755920        -1.16713403E-04
   71.6601181        -1.18470343E-04
   71.7446518        -1.19487733E-04
   71.8291779        -1.19755183E-04
   71.9137039        -1.19265977E-04
   71.9982300        -1.18017146E-04
   72.0827637        -1.16009651E-04
   72.1672897        -1.13248127E-04
   72.2518158        -1.09741020E-04
   72.3363495        -1.05500520E-04
   72.4208755        -1.00542406E-04
   72.5054016        -9.48860034E-05
   72.5899353        -8.85539921E-05
   72.6744614        -8.15724852E-05
   72.7589874        -7.39705647E-05
   72.8435211        -6.57803903E-05
   72.9280472        -5.70369411E-05
   73.0125732        -4.77777394E-05
   73.0971069        -3.80428173E-05
   73.1816330        -2.78745283E-05
   73.2661591        -1.73172266E-05
   73.3506851        -6.41724137E-06
   73.4352188         4.77742196E-06
   73.5197449         1.62171054E-05
   73.6042709         2.78508960E-05
   73.6888046         3.96266805E-05
   73.7733307         5.14913299E-05
   73.8578568         6.33909731E-05
   73.9423904         7.52712585E-05
   74.0269165         8.70774093E-05
   74.1114426         9.87546373E-05
   74.1959763         1.10248337E-04
   74.2805023         1.21504359E-04
   74.3650284         1.32469198E-04
   74.4495544         1.43090365E-04
   74.5340881         1.53316607E-04
   74.6186142         1.63098273E-04
   74.7031403         1.72387270E-04
   74.7876740         1.81137802E-04
   74.8722000         1.89306142E-04
   74.9567261         1.96851237E-04
   75.0412598         2.03734686E-04
   75.1257858         2.09921054E-04
   75.2103119         2.15378153E-04
   75.2948456         2.20076967E-04
   75.3793716         2.23992174E-04
   75.4638977         2.27102108E-04
   75.5484314         2.29388927E-04
   75.6329575         2.30838777E-04
   75.7174835         2.31441998E-04
   75.8020096         2.31193131E-04
   75.8865433         2.30091027E-04
   75.9710693         2.28139106E-04
   76.0555954         2.25345051E-04
   76.1401291         2.21721406E-04
   76.2246552         2.17285138E-04
   76.3091812         2.12057668E-04
   76.3937149         2.06065233E-04
   76.4782410         1.99338596E-04
   76.5627670         1.91912695E-04
   76.6473007         1.83827156E-04
   76.7318268         1.75125635E-04
   76.8163528         1.65855832E-04
   76.9008865         1.56069320E-04
   76.9854126         1.45821017E-04
   77.0699387         1.35169117E-04
   77.1544647         1.24174709E-04
   77.2389984         1.12901085E-04
   77.3235245         1.01413556E-04
   77.4080505         8.97788341E-05
   77.4925842         7.80644477E-05
   77.5771103         6.63381579E-05
   77.6616364         5.46674055E-05
   77.7461700         4.31187182E-05
   77.8306961         3.17569720E-05
   77.9152222         2.06449131E-05
   77.9997559         9.84248345E-06
   78.0842819        -5.93733489E-07
   78.1688080        -1.06109719E-05
   78.2533340        -2.01608382E-05
   78.3378677        -2.91996475E-05
   78.4223938        -3.76888092E-05
   78.5069199        -4.55951013E-05
   78.5914536        -5.28908349E-05
   78.6759796        -5.95539277E-05
   78.7605057        -6.55681069E-05
   78.8450394        -7.09225424E-05
   78.9295654        -7.56120571E-05
   79.0140915        -7.96367312E-05
   79.0986252        -8.30016506E-05
   79.1831512        -8.57165651E-05
   79.2676773        -8.77955972E-05
   79.3522110        -8.92566895E-05
   79.4367371        -9.01212406E-05
   79.5212631        -9.04135886E-05
   79.6057892        -9.01605672E-05
   79.6903229        -8.93909310E-05
   79.7748489        -8.81351298E-05
   79.8593750        -8.64244794E-05
   79.9439087        -8.42910740E-05
   80.0284348        -8.17671535E-05
   80.1129608        -7.88849138E-05
   80.1974945        -7.56760637E-05
   80.2820206        -7.21715260E-05
   80.3665466        -6.84012193E-05
   80.4510803        -6.43938038E-05
   80.5356064        -6.01764550E-05
   80.6201324        -5.57747080E-05
   80.7046585        -5.12124025E-05
   80.7891922        -4.65114063E-05
   80.8737183        -4.16916737E-05
   80.9582443        -3.67711727E-05
   81.0427780        -3.17658014E-05
   81.1273041        -2.66894658E-05
   81.2118301        -2.15540604E-05
   81.2963638        -1.63696368E-05
   81.3808899        -1.11444369E-05
   81.4654160        -5.88509374E-06
   81.5499496        -5.96736129E-07
   81.6344757         4.71663634E-06
   81.7190018         1.00520610E-05
   81.8035355         1.54072568E-05
   81.8880615         2.07804060E-05
   81.9725876         2.61696860E-05
   82.0571136         3.15731995E-05
   82.1416473         3.69884074E-05
   82.2261734         4.24119535E-05
   82.3106995         4.78394431E-05
   82.3952332         5.32649829E-05
   82.4797592         5.86811366E-05
   82.5642853         6.40786675E-05
   82.6488190         6.94463306E-05
   82.7333450         7.47708473E-05
   82.8178711         8.00368944E-05
   82.9024048         8.52269295E-05
   82.9869308         9.03215259E-05
   83.0714569         9.52992559E-05
   83.1559906         1.00136989E-04
   83.2405167         1.04810082E-04
   83.3250427         1.09292690E-04
   83.4095688         1.13558039E-04
   83.4941025         1.17578747E-04
   83.5786285         1.21327350E-04
   83.6631546         1.24776532E-04
   83.7476883         1.27899562E-04
   83.8322144         1.30670815E-04
   83.9167404         1.33066089E-04
   84.0012741         1.35063005E-04
   84.0858002         1.36641305E-04
   84.1703262         1.37783340E-04
   84.2548599         1.38474235E-04
   84.3393860         1.38702191E-04
   84.4239120         1.38458709E-04
   84.5084381         1.37738622E-04
   84.5929718         1.36540504E-04
   84.6774979         1.34866394E-04
   84.7620239         1.32722096E-04
   84.8465576         1.30116896E-04
   84.9310837         1.27063802E-04
   85.0156097         1.23579041E-04
   85.1001434         1.19682358E-04
   85.1846695         1.15396426E-04
   85.2691956         1.10746965E-04
   85.3537292         1.05762221E-04
   85.4382553         1.00472855E-04
   85.5227814         9.49117166E-05
   85.6073151         8.91134041E-05
   85.6918411         8.31140569E-05
   85.7763672         7.69510298E-05
   85.8608932         7.06625142E-05
   85.9454269         6.42873929E-05
   86.0299530         5.78647923E-05
   86.1144791         5.14338317E-05
   86.1990128         4.50333100E-05
   86.2835388         3.87014989E-05
   86.3680649         3.24758294E-05
   86.4525986         2.63927195E-05
   86.5371246         2.04873359E-05
   86.6216507         1.47933097E-05
   86.7061844         9.34264608E-06
   86.7907104         4.16551711E-06
   86.8752365        -7.09863002E-07
   86.9597702        -5.25740779E-06
   87.0442963        -9.45328884E-06
   87.1288223        -1.32760442E-05
   87.2133484        -1.67066410E-05
   87.2978821        -1.97286427E-05
   87.3824081        -2.23282586E-05
   87.4669342        -2.44944076E-05
   87.5514679        -2.62189005E-05
   87.6359940        -2.74963895E-05
   87.7205200        -2.83244899E-05
   87.8050537        -2.87038583E-05
   87.8895798        -2.86381692E-05
   87.9741058        -2.81342382E-05
   88.0586395        -2.72019879E-05
   88.1431656        -2.58544023E-05
   88.2276917        -2.41076104E-05
   88.3122177        -2.19807407E-05
   88.3967514        -1.94958538E-05
   88.4812775        -1.66779027E-05
   88.5658035        -1.35544560E-05
   88.6503372        -1.01555488E-05
   88.7348633        -6.51354412E-06
   88.8193893        -2.66272968E-06
   88.9039230         1.36087499E-06
   88.9884491         5.51985659E-06
   89.0729752         9.77582204E-06
   89.1575089         1.40897655E-05
   89.2420349         1.84223827E-05
   89.3265610         2.27346081E-05
   89.4110947         2.69879129E-05
   89.4956207         3.11448312E-05
   89.5801468         3.51693125E-05
   89.6646729         3.90270325E-05
   89.7492065         4.26859879E-05
   89.8337326         4.61166383E-05
   89.9182587         4.92922736E-05
   90.0027924         5.21893198E-05
   90.0873184         5.47875170E-05
   90.1718445         5.70701632E-05
   90.2563782         5.90241289E-05
   90.3409042         6.06399699E-05
   90.4254303         6.19119819E-05
   90.5099640         6.28381313E-05
   90.5944901         6.34199387E-05
   90.6790161         6.36624973E-05
   90.7635498         6.35741308E-05
   90.8480759         6.31663934E-05
   90.9326019         6.24537279E-05
   91.0171280         6.14533928E-05
   91.1016617         6.01851098E-05
   91.1861877         5.86709648E-05
   91.2707138         5.69350450E-05
   91.3552475         5.50032892E-05
   91.4397736         5.29031313E-05
   91.5242996         5.06633987E-05
   91.6088333         4.83138538E-05
   91.6933594         4.58851246E-05
   91.7778854         4.34081448E-05
   91.8624191         4.09141503E-05
   91.9469452         3.84340965E-05
   92.0314713         3.59984770E-05
   92.1159973         3.36369194E-05
   92.2005310         3.13779710E-05
   92.2850571         2.92486184E-05
   92.3695831         2.72740417E-05
   92.4541168         2.54774259E-05
   92.5386429         2.38795728E-05
   92.6231689         2.24986343E-05
   92.7077026         2.13500934E-05
   92.7922287         2.04464559E-05
   92.8767548         1.97972004E-05
   92.9612885         1.94086642E-05
   93.0458145         1.92841781E-05
   93.1303406         1.94239201E-05
   93.2148743         1.98250873E-05
   93.2994003         2.04820826E-05
   93.3839264         2.13865696E-05
   93.4684525         2.25277508E-05
   93.5529861         2.38926550E-05
   93.6375122         2.54663246E-05
   93.7220383         2.72322432E-05
   93.8065720         2.91724737E-05
   93.8910980         3.12682423E-05
   93.9756241         3.35001350E-05
   94.0601578         3.58483994E-05
   94.1446838         3.82934377E-05
   94.2292099         4.08159285E-05
   94.3137436         4.33973328E-05
   94.3982697         4.60200281E-05
   94.4827957         4.86674762E-05
   94.5673294         5.13246159E-05
   94.6518555         5.39778375E-05
   94.7363815         5.66151284E-05
   94.8209076         5.92262440E-05
   94.9054413         6.18025515E-05
   94.9899673         6.43371895E-05
   95.0744934         6.68248831E-05
   95.1590271         6.92619578E-05
   95.2435532         7.16460199E-05
   95.3280792         7.39760217E-05
   95.4126129         7.62519630E-05
   95.4971390         7.84746589E-05
   95.5816650         8.06455646E-05
   95.6661987         8.27665644E-05
   95.7507248         8.48396667E-05
   95.8352509         8.68667776E-05
   95.9197769         8.88494251E-05
   96.0043106         9.07885624E-05
   96.0888367         9.26843277E-05
   96.1733627         9.45357679E-05
   96.2578964         9.63406637E-05
   96.3424225         9.80954137E-05
   96.4269485         9.97947791E-05
   96.5114822         1.01431877E-04
   96.5960083         1.02998056E-04
   96.6805344         1.04482846E-04
   96.7650681         1.05874155E-04
   96.8495941         1.07158041E-04
   96.9341202         1.08319073E-04
   97.0186539         1.09340457E-04
   97.1031799         1.10204077E-04
   97.1877060         1.10890927E-04
   97.2722321         1.11381312E-04
   97.3567657         1.11655070E-04
   97.4412918         1.11692032E-04
   97.5258179         1.11472255E-04
   97.6103516         1.10976427E-04
   97.6948776         1.10186149E-04
   97.7794037         1.09084482E-04
   97.8639374         1.07655920E-04
   97.9484634         1.05887004E-04
   98.0329895         1.03766572E-04
   98.1175232         1.01285856E-04
   98.2020493         9.84389044E-05
   98.2865753         9.52225892E-05
   98.3711014         9.16369027E-05
   98.4556351         8.76849954E-05
   98.5401611         8.33731974E-05
   98.6246872         7.87111130E-05
   98.7092209         7.37114897E-05
   98.7937469         6.83902836E-05
   98.8782730         6.27665504E-05
   98.9628067         5.68621545E-05
   99.0473328         5.07019067E-05
   99.1318588         4.43131794E-05
   99.2163925         3.77258621E-05
   99.3009186         3.09720635E-05
   99.3854446         2.40860827E-05
   99.4699783         1.71039901E-05
   99.5545044         1.00635270E-05
   99.6390305         3.00395936E-06
   99.7235565        -4.03434342E-06
   99.8080902        -1.10100063E-05
   99.8926163        -1.78809660E-05
   99.9771423        -2.46046948E-05
   100.061676        -3.11385229E-05
   100.146202        -3.74398769E-05
   100.230728        -4.34665671E-05
   100.315262        -4.91770625E-05
   100.399788        -5.45309122E-05
   100.484314        -5.94888843E-05
   100.568848        -6.40133730E-05
   100.653374        -6.80687590E-05
   100.737900        -7.16215436E-05
   100.822433        -7.46408041E-05
   100.906960        -7.70984843E-05
   100.991486        -7.89695769E-05
   101.076012        -8.02324575E-05
   101.160545        -8.08690966E-05
   101.245071        -8.08652476E-05
   101.329597        -8.02107315E-05
   101.414131        -7.88993711E-05
   101.498657        -7.69293110E-05
   101.583183        -7.43029887E-05
   101.667717        -7.10270688E-05
   101.752243        -6.71125963E-05
   101.836769        -6.25748216E-05
   101.921303        -5.74331279E-05
   102.005829        -5.17109802E-05
   102.090355        -4.54356159E-05
   102.174881        -3.86380343E-05
   102.259415        -3.13526471E-05
   102.343941        -2.36170818E-05
   102.428467        -1.54720510E-05
   102.513000        -6.96084453E-06
   102.597527         1.87069838E-06
   102.682053         1.09747170E-05
   102.766586         2.03014606E-05
   102.851112         2.97996994E-05
   102.935638         3.94170784E-05
   103.020172         4.91004248E-05
   103.104698         5.87961440E-05
   103.189224         6.84504630E-05
   103.273758         7.80098708E-05
   103.358284         8.74215402E-05
   103.442810         9.66334119E-05
   103.527336         1.05594831E-04
   103.611870         1.14256538E-04
   103.696396         1.22571262E-04
   103.780922         1.30493790E-04
   103.865456         1.37981304E-04
   103.949982         1.44993712E-04
   104.034508         1.51493587E-04
   104.119041         1.57446673E-04
   104.203568         1.62821991E-04
   104.288094         1.67591890E-04
   104.372627         1.71732259E-04
   104.457153         1.75222696E-04
   104.541679         1.78046612E-04
   104.626213         1.80191200E-04
   104.710739         1.81647658E-04
   104.795265         1.82411080E-04
   104.879791         1.82480610E-04
   104.964325         1.81859330E-04
   105.048851         1.80554271E-04
   105.133377         1.78576389E-04
   105.217911         1.75940309E-04
   105.302437         1.72664659E-04
   105.386963         1.68771352E-04
   105.471497         1.64286073E-04
   105.556023         1.59237694E-04
   105.640549         1.53658344E-04
   105.725082         1.47583065E-04
   105.809608         1.41049808E-04
   105.894135         1.34099013E-04
   105.978661         1.26773535E-04
   106.063194         1.19118347E-04
   106.147720         1.11180190E-04
   106.232246         1.03007340E-04
   106.316780         9.46492655E-05
   106.401306         8.61562876E-05
   106.485832         7.75792068E-05
   106.570366         6.89690132E-05
   106.654892         6.03764020E-05
   106.739418         5.18514353E-05
   106.823952         4.34432113E-05
   106.908478         3.51994568E-05
   106.993004         2.71662593E-05
   107.077538         1.93876058E-05
   107.162064         1.19052738E-05
   107.246590         4.75841807E-06
   107.331116        -2.01664807E-06
   107.415649        -8.38656160E-06
   107.500175        -1.43211500E-05
   107.584702        -1.97936261E-05
   107.669235        -2.47805456E-05
   107.753761        -2.92620553E-05
   107.838287        -3.32217787E-05
   107.922821        -3.66470158E-05
   108.007347        -3.95286297E-05
   108.091873        -4.18610944E-05
   108.176407        -4.36423761E-05
   108.260933        -4.48739884E-05
   108.345459        -4.55608497E-05
   108.429993        -4.57111782E-05
   108.514519        -4.53364955E-05
   108.599045        -4.44513680E-05
   108.683571        -4.30733271E-05
   108.768105        -4.12228037E-05
   108.852631        -3.89228517E-05
   108.937157        -3.61990787E-05
   109.021690        -3.30793373E-05
   109.106216        -2.95937352E-05
   109.190742        -2.57741576E-05
   109.275276        -2.16542976E-05
   109.359802        -1.72692817E-05
   109.444328        -1.26554687E-05
   109.528862        -7.85015527E-06
   109.613388        -2.89138802E-06
   109.697914         2.18239802E-06
   109.782440         7.33263187E-06
   109.866974         1.25209517E-05
   109.951500         1.77094153E-05
   110.036026         2.28609551E-05
   110.120560         2.79395681E-05
   110.205086         3.29106988E-05
   110.289612         3.77414653E-05
   110.374146         4.24010723E-05
   110.458672         4.68608559E-05
   110.543198         5.10947284E-05
   110.627731         5.50792647E-05
   110.712257         5.87938121E-05
   110.796783         6.22207444E-05
   110.881317         6.53455063E-05
   110.965843         6.81565143E-05
   111.050369         7.06454521E-05
   111.134895         7.28068990E-05
   111.219429         7.46384248E-05
   111.303955         7.61404881E-05
   111.388481         7.73162392E-05
   111.473015         7.81712224E-05
   111.557541         7.87134413E-05
   111.642067         7.89529295E-05
   111.726601         7.89014812E-05
   111.811127         7.85725642E-05
   111.895653         7.79808324E-05
   111.980186         7.71421182E-05
   112.064713         7.60729090E-05
   112.149239         7.47902741E-05
   112.233772         7.33116103E-05
   112.318298         7.16543655E-05
   112.402824         6.98359072E-05
   112.487350         6.78733923E-05
   112.571884         6.57835262E-05
   112.656410         6.35826073E-05
   112.740936         6.12863805E-05
   112.825470         5.89100891E-05
   112.909996         5.64684087E-05
   112.994522         5.39755383E-05
   113.079056         5.14452659E-05
   113.163582         4.88909827E-05
   113.248108         4.63258657E-05
   113.332642         4.37629351E-05
   113.417168         4.12152367E-05
   113.501694         3.86958964E-05
   113.586220         3.62182509E-05
   113.670753         3.37960009E-05
   113.755280         3.14431381E-05
   113.839806         2.91742090E-05
   113.924339         2.70042092E-05
   114.008865         2.49486584E-05
   114.093391         2.30234691E-05
   114.177925         2.12450232E-05
   114.262451         1.96299570E-05
   114.346977         1.81950563E-05
   114.431511         1.69570849E-05
   114.516037         1.59325427E-05
   114.600563         1.51375443E-05
   114.685097         1.45873300E-05
   114.769623         1.42962135E-05
   114.854149         1.42772005E-05
   114.938675         1.45416388E-05
   115.023209         1.50990454E-05
   115.107735         1.59567498E-05
   115.192261         1.71196371E-05
   115.276794         1.85900062E-05
   115.361320         2.03673262E-05
   115.445847         2.24481355E-05
   115.530380         2.48260021E-05
   115.614906         2.74913273E-05
   115.699432         3.04316454E-05
   115.783966         3.36314479E-05
   115.868492         3.70724483E-05
   115.953018         4.07337175E-05
   116.037552         4.45919140E-05
   116.122078         4.86214376E-05
   116.206604         5.27949269E-05
   116.291130         5.70832817E-05
   116.375664         6.14561795E-05
   116.460190         6.58822755E-05
   116.544716         7.03296246E-05
   116.629250         7.47659215E-05
   116.713776         7.91588172E-05
   116.798302         8.34762759E-05
   116.882835         8.76868071E-05
   116.967361         9.17596408E-05
   117.051888         9.56652366E-05
   117.136421         9.93751382E-05
   117.220947         1.02862541E-04
   117.305473         1.06101987E-04
   117.389999         1.09069908E-04
   117.474533         1.11744535E-04
   117.559059         1.14105977E-04
   117.643585         1.16136216E-04
   117.728119         1.17819262E-04
   117.812645         1.19140990E-04
   117.897171         1.20089317E-04
   117.981705         1.20653982E-04
   118.066231         1.20826800E-04
   118.150757         1.20601304E-04
   118.235291         1.19973112E-04
   118.319817         1.18939584E-04
   118.404343         1.17500080E-04
   118.488876         1.15655901E-04
   118.573402         1.13410271E-04
   118.657928         1.10768422E-04
   118.742455         1.07737644E-04
   118.826988         1.04327206E-04
   118.911514         1.00548554E-04
   118.996040         9.64152205E-05
   119.080574         9.19429149E-05
   119.165100         8.71494049E-05
   119.249626         8.20546484E-05
   119.334160         7.66806916E-05
   119.418686         7.10515815E-05
   119.503212         6.51934242E-05
   119.587746         5.91341777E-05
   119.672272         5.29035824E-05
   119.756798         4.65330522E-05
   119.841324         4.00554927E-05
   119.925858         3.35051263E-05
   120.010384         2.69173597E-05
   120.094910         2.03284490E-05
   120.179443         1.37753550E-05
   120.263969         7.29550720E-06
   120.348495         9.26475195E-07
   120.433029        -5.29423005E-06
   120.517555        -1.13294745E-05
   120.602081        -1.71427218E-05
   120.686615        -2.26983466E-05
   120.771141        -2.79618143E-05
   120.855667        -3.29000395E-05
   120.940201        -3.74814699E-05
   121.024727        -4.16764560E-05
   121.109253        -4.54573492E-05
   121.193779        -4.87987236E-05
   121.278313        -5.16775981E-05
   121.362839        -5.40735455E-05
   121.447365        -5.59689288E-05
   121.531898        -5.73489451E-05
   121.616425        -5.82018984E-05
   121.700951        -5.85192938E-05
   121.785484        -5.82958055E-05
   121.870010        -5.75296363E-05
   121.954536        -5.62223868E-05
   122.039070        -5.43791975E-05
   122.123596        -5.20088433E-05
   122.208122        -4.91236060E-05
   122.292656        -4.57393799E-05
   122.377182        -4.18754935E-05
   122.461708        -3.75547352E-05
   122.546234        -3.28032074E-05
   122.630768        -2.76500668E-05
   122.715294        -2.21274258E-05
   122.799820        -1.62702145E-05
   122.884354        -1.01157284E-05
   122.968880        -3.70354132E-06
   123.053406         2.92494360E-06
   123.137939         9.72664657E-06
   123.222466         1.66573391E-05
   123.306992         2.36718515E-05
   123.391525         3.07245682E-05
   123.476051         3.77697543E-05
   123.560577         4.47619786E-05
   123.645103         5.16565124E-05
   123.729637         5.84097688E-05
   123.814163         6.49796420E-05
   123.898689         7.13259215E-05
   123.983223         7.74106520E-05
   124.067749         8.31985381E-05
   124.152275         8.86571725E-05
   124.236809         9.37573641E-05
   124.321335         9.84734652E-05
   124.405861         1.02783451E-04
   124.490395         1.06669184E-04
   124.574921         1.10116460E-04
   124.659447         1.13115275E-04
   124.743980         1.15659648E-04
   124.828506         1.17747724E-04
   124.913033         1.19381744E-04
   124.997559         1.20567973E-04
   125.082092         1.21316494E-04
   125.166618         1.21641104E-04
   125.251144         1.21559046E-04
   125.335678         1.21090816E-04
   125.420204         1.20259887E-04
   125.504730         1.19092256E-04
   125.589264         1.17616248E-04
   125.673790         1.15862000E-04
   125.758316         1.13861170E-04
   125.842850         1.11646397E-04
   125.927376         1.09251021E-04
   126.011902         1.06708416E-04
   126.096436         1.04051804E-04
   126.180962         1.01313577E-04
   126.265488         9.85252191E-05
   126.350014         9.57165976E-05
   126.434547         9.29157177E-05
   126.519073         9.01486055E-05
   126.603600         8.74386751E-05
   126.688133         8.48068084E-05
   126.772659         8.22709553E-05
   126.857185         7.98461624E-05
   126.941719         7.75442968E-05
   127.026245         7.53741333E-05
   127.110771         7.33412890E-05
   127.195305         7.14483613E-05
   127.279831         6.96948919E-05
   127.364357         6.80776720E-05
   127.448883         6.65907573E-05
   127.533417         6.52258532E-05
   127.617943         6.39723658E-05
   127.702469         6.28179405E-05
   127.787003         6.17485348E-05
   127.871529         6.07487418E-05
   127.956055         5.98022998E-05
   128.040588         5.88921939E-05
   128.125107         5.80011183E-05
   128.209641         5.71117525E-05
   128.294174         5.62070090E-05
   128.378693         5.52704041E-05
   128.463226         5.42864000E-05
   128.547760         5.32404301E-05
   128.632278         5.21194270E-05
   128.716812         5.09119018E-05
   128.801346         4.96081448E-05
   128.885864         4.82004216E-05
   128.970398         4.66831843E-05
   129.054932         4.50531152E-05
   129.139450         4.33093119E-05
   129.223984         4.14532151E-05
   129.308517         3.94888084E-05
   129.393036         3.74224837E-05
   129.477570         3.52630523E-05
   129.562103         3.30217335E-05
   129.646622         3.07119772E-05
   129.731155         2.83493355E-05
   129.815689         2.59513527E-05
   129.900208         2.35372809E-05
   129.984741         2.11279530E-05
   130.069275         1.87454607E-05
   130.153793         1.64129524E-05
   130.238327         1.41542232E-05
   130.322861         1.19936049E-05
   130.407379         9.95545543E-06
   130.491913         8.06396656E-06
   130.576431         6.34275966E-06
   130.660965         4.81461848E-06
   130.745499         3.50108598E-06
   130.830017         2.42216447E-06
   130.914551         1.59611443E-06
   130.999084         1.03905779E-06
   131.083603         7.64691833E-07
   131.168137         7.84204303E-07
   131.252670         1.10589531E-06
   131.337189         1.73514195E-06
   131.421722         2.67423115E-06
   131.506256         3.92217453E-06
   131.590775         5.47483205E-06
   131.675308         7.32485023E-06
   131.759842         9.46161072E-06
   131.844360         1.18714952E-05
   131.928894         1.45378917E-05
   132.013428         1.74414745E-05
   132.097946         2.05602901E-05
   132.182480         2.38702087E-05
   132.267014         2.73450551E-05
   132.351532         3.09569768E-05
   132.436066         3.46768284E-05
   132.520599         3.84744562E-05
   132.605118         4.23191232E-05
   132.689651         4.61798772E-05
   132.774185         5.00259448E-05
   132.858704         5.38269887E-05
   132.943237         5.75535523E-05
   133.027771         6.11774449E-05
   133.112289         6.46718399E-05
   133.196823         6.80115991E-05
   133.281342         7.11736648E-05
   133.365875         7.41369222E-05
   133.450409         7.68826067E-05
   133.534927         7.93942017E-05
   133.619461         8.16576576E-05
   133.703995         8.36612016E-05
   133.788513         8.53955935E-05
   133.873047         8.68537827E-05
   133.957581         8.80311127E-05
   134.042099         8.89251096E-05
   134.126633         8.95353442E-05
   134.211166         8.98635772E-05
   134.295685         8.99133884E-05
   134.380219         8.96902784E-05
   134.464752         8.92014286E-05
   134.549271         8.84557885E-05
   134.633804         8.74637190E-05
   134.718338         8.62372253E-05
   134.802856         8.47895353E-05
   134.887390         8.31351717E-05
   134.971924         8.12899380E-05
   135.056442         7.92705250E-05
   135.140976         7.70947518E-05
   135.225510         7.47810845E-05
   135.310028         7.23489138E-05
   135.394562         6.98180374E-05
   135.479095         6.72088136E-05
   135.563614         6.45418913E-05
   135.648148         6.18380654E-05
   135.732666         5.91181852E-05
   135.817200         5.64028996E-05
   135.901733         5.37125998E-05
   135.986252         5.10671089E-05
   136.070786         4.84855736E-05
   136.155319         4.59863331E-05
   136.239838         4.35866314E-05
   136.324371         4.13025118E-05
   136.408905         3.91486683E-05
   136.493423         3.71382921E-05
   136.577957         3.52830175E-05
   136.662491         3.35926925E-05
   136.747009         3.20755535E-05
   136.831543         3.07379305E-05
   136.916077         2.95844893E-05
   137.000595         2.86181203E-05
   137.085129         2.78400221E-05
   137.169662         2.72498437E-05
   137.254181         2.68456861E-05
   137.338715         2.66242550E-05
   137.423248         2.65809522E-05
   137.507767         2.67100168E-05
   137.592300         2.70046221E-05
   137.676834         2.74569720E-05
   137.761353         2.80584300E-05
   137.845886         2.87995354E-05
   137.930420         2.96702638E-05
   138.014938         3.06599686E-05
   138.099472         3.17575395E-05
   138.183990         3.29514405E-05
   138.268524         3.42298372E-05
   138.353058         3.55806769E-05
   138.437576         3.69917652E-05
   138.522110         3.84507621E-05
   138.606644         3.99453747E-05
   138.691162         4.14634269E-05
   138.775696         4.29929169E-05
   138.860229         4.45220649E-05
   138.944748         4.60394331E-05
   139.029282         4.75340385E-05
   139.113815         4.89954400E-05
   139.198334         5.04137352E-05
   139.282867         5.17798144E-05
   139.367401         5.30852158E-05
   139.451920         5.43224778E-05
   139.536453         5.54849139E-05
   139.620987         5.65668997E-05
   139.705505         5.75638223E-05
   139.790039         5.84720910E-05
   139.874573         5.92891483E-05
   139.959091         6.00133753E-05
   140.043625         6.06441426E-05
   140.128159         6.11816868E-05
   140.212677         6.16269463E-05
   140.297211         6.19814600E-05
   140.381744         6.22472362E-05
   140.466263         6.24264867E-05
   140.550797         6.25216489E-05
   140.635330         6.25349130E-05
   140.719849         6.24683671E-05
   140.804382         6.23235392E-05
   140.888901         6.21014260E-05
   140.973434         6.18023623E-05
   141.057968         6.14258461E-05
   141.142487         6.09706258E-05
   141.227020         6.04344932E-05
   141.311554         5.98145052E-05
   141.396072         5.91069911E-05
   141.480606         5.83075562E-05
   141.565140         5.74114092E-05
   141.649658         5.64133443E-05
   141.734192         5.53081518E-05
   141.818726         5.40906440E-05
   141.903244         5.27561169E-05
   141.987778         5.13004379E-05
   142.072311         4.97203473E-05
   142.156830         4.80137605E-05
   142.241364         4.61800300E-05
   142.325897         4.42201381E-05
   142.410416         4.21368095E-05
   142.494949         3.99349447E-05
   142.579483         3.76214703E-05
   142.664001         3.52056268E-05
   142.748535         3.26990921E-05
   142.833069         3.01156433E-05
   142.917587         2.74715530E-05
   143.002121         2.47851895E-05
   143.086655         2.20770271E-05
   143.171173         1.93693413E-05
   143.255707         1.66861446E-05
   143.340225         1.40526763E-05
   143.424759         1.14952836E-05
   143.509293         9.04102671E-06
   143.593811         6.71730731E-06
   143.678345         4.55147347E-06
   143.762878         2.57047100E-06
   143.847397         8.00489602E-07
   143.931931        -7.33544653E-07
   144.016464        -2.00814497E-06
   144.100983        -3.00183751E-06
   144.185516        -3.69524105E-06
   144.270050        -4.07161906E-06
   144.354568        -4.11691963E-06
   144.439102        -3.82011149E-06
   144.523636        -3.17345621E-06
   144.608154        -2.17238858E-06
   144.692688        -8.15922590E-07
   144.777222         8.93570700E-07
   144.861740         2.95025575E-06
   144.946274         5.34487845E-06
   145.030807         8.06498156E-06
   145.115326         1.10949404E-05
   145.199860         1.44162541E-05
   145.284393         1.80077532E-05
   145.368912         2.18459027E-05
   145.453445         2.59049739E-05
   145.537979         3.01574855E-05
   145.622498         3.45744265E-05
   145.707031         3.91256253E-05
   145.791550         4.37801100E-05
   145.876083         4.85062519E-05
   145.960617         5.32722806E-05
   146.045135         5.80465239E-05
   146.129669         6.27975242E-05
   146.214203         6.74945550E-05
   146.298721         7.21077304E-05
   146.383255         7.66083103E-05
   146.467789         8.09687263E-05
   146.552307         8.51630684E-05
   146.636841         8.91669843E-05
   146.721375         9.29579692E-05
   146.805893         9.65153522E-05
   146.890427         9.98204632E-05
   146.974960         1.02856611E-04
   147.059479         1.05609142E-04
   147.144012         1.08065375E-04
   147.228546         1.10214722E-04
   147.313065         1.12048445E-04
   147.397598         1.13559741E-04
   147.482132         1.14743634E-04
   147.566650         1.15596842E-04
   147.651184         1.16117772E-04
   147.735718         1.16306372E-04
   147.820236         1.16164061E-04
   147.904770         1.15693590E-04
   147.989304         1.14898976E-04
   148.073822         1.13785492E-04
   148.158356         1.12359419E-04
   148.242874         1.10628120E-04
   148.327408         1.08599910E-04
   148.411942         1.06283936E-04
   148.496460         1.03690283E-04
   148.580994         1.00829799E-04
   148.665527         9.77142627E-05
   148.750046         9.43561026E-05
   148.834579         9.07687354E-05
   148.919113         8.69663127E-05
   149.003632         8.29639030E-05
   149.088165         7.87774989E-05
   149.172699         7.44240388E-05
   149.257217         6.99214434E-05
   149.341751         6.52886301E-05
   149.426285         6.05456225E-05
   149.510803         5.57133935E-05
   149.595337         5.08140038E-05
   149.679871         4.58705181E-05
   149.764389         4.09069544E-05
   149.848923         3.59482437E-05
   149.933456         3.10200958E-05
   150.017975         2.61489713E-05
   150.102509         2.13618732E-05
   150.187042         1.66862483E-05
   150.271561         1.21498251E-05
   150.356094         7.78037793E-06
   150.440628         3.60563945E-06
   150.525146        -3.47099899E-07
   150.609680        -4.05106448E-06
   150.694214        -7.48023513E-06
   150.778732        -1.06096877E-05
   150.863266        -1.34157654E-05
   150.947784        -1.58763632E-05
   151.032318        -1.79711205E-05
   151.116852        -1.96818164E-05
   151.201370        -2.09924056E-05
   151.285904        -2.18893965E-05
   151.370438        -2.23620227E-05
   151.454956        -2.24023661E-05
   151.539490        -2.20057009E-05
   151.624023        -2.11704610E-05
   151.708542        -1.98984362E-05
   151.793076        -1.81948799E-05
   151.877609        -1.60685468E-05
   151.962128        -1.35316404E-05
   152.046661        -1.05999279E-05
   152.131195        -7.29255362E-06
   152.215714        -3.63203458E-06
   152.300247         3.56026504E-07
   152.384781         4.64295772E-06
   152.469299         9.19731065E-06
   152.553833         1.39852127E-05
   152.638367         1.89704515E-05
   152.722885         2.41150174E-05
   152.807419         2.93793382E-05
   152.891953         3.47227142E-05
   152.976471         4.01036050E-05
   153.061005         4.54802321E-05
   153.145538         5.08108424E-05
   153.230057         5.60541666E-05
   153.314590         6.11699797E-05
   153.399109         6.61192826E-05
   153.483643         7.08649677E-05
   153.568176         7.53719578E-05
   153.652695         7.96077802E-05
   153.737228         8.35427418E-05
   153.821762         8.71503071E-05
   153.906281         9.04072949E-05
   153.990814         9.32941039E-05
   154.075348         9.57949305E-05
   154.159866         9.78977405E-05
   154.244400         9.95945084E-05
   154.328934         1.00880949E-04
   154.413452         1.01756894E-04
   154.497986         1.02225837E-04
   154.582520         1.02294965E-04
   154.667038         1.01974991E-04
   154.751572         1.01279977E-04
   154.836105         1.00227051E-04
   154.920624         9.88361353E-05
   155.005157         9.71296395E-05
   155.089691         9.51322581E-05
   155.174210         9.28704685E-05
   155.258743         9.03722539E-05
   155.343277         8.76667982E-05
   155.427795         8.47839547E-05
   155.512329         8.17541077E-05
   155.596863         7.86075689E-05
   155.681381         7.53744462E-05
   155.765915         7.20841781E-05
   155.850433         6.87652573E-05
   155.934967         6.54449614E-05
   156.019501         6.21491054E-05
