  -4.50000000         0.00000000    
  -4.41547155         0.00000000    
  -4.33094311         0.00000000    
  -4.24641466         0.00000000    
  -4.16188622         0.00000000    
  -4.07735777         0.00000000    
  -3.99282932         0.00000000    
  -3.90830088         0.00000000    
  -3.82377243         0.00000000    
  -3.73924398         0.00000000    
  -3.65471554         0.00000000    
  -3.57018733         0.00000000    
  -3.48565888         0.00000000    
  -3.40113044         0.00000000    
  -3.31660199         0.00000000    
  -3.23207355         0.00000000    
  -3.14754510         0.00000000    
  -3.06301665         0.00000000    
  -2.97848821         0.00000000    
  -2.89395976         0.00000000    
  -2.80943131         0.00000000    
  -2.72490287         0.00000000    
  -2.64037442         0.00000000    
  -2.55584598         0.00000000    
  -2.47131753         0.00000000    
  -2.38678908         0.00000000    
  -2.30226064         0.00000000    
  -2.21773219         0.00000000    
  -2.13320374         0.00000000    
  -2.04867530         0.00000000    
  -1.96414697         0.00000000    
  -1.87961853         0.00000000    
  -1.79509008         0.00000000    
  -1.71056163         0.00000000    
  -1.62603319         0.00000000    
  -1.54150474         0.00000000    
  -1.45697629         0.00000000    
  -1.37244797         0.00000000    
  -1.28791952         0.00000000    
  -1.20339108         0.00000000    
  -1.11886263         0.00000000    
  -1.03433418         0.00000000    
 -0.949805737         0.00000000    
 -0.865277290         0.00000000    
 -0.780748844         0.00000000    
 -0.696220458         0.00000000    
 -0.611692011         0.00000000    
 -0.527163565         0.00000000    
 -0.442635119         0.00000000    
 -0.358106703         0.00000000    
 -0.273578256         0.00000000    
 -0.189049825         0.00000000    
 -0.104521386         0.00000000    
  -1.99929532E-02     0.00000000    
   6.45354837E-02     0.00000000    
  0.149063915         0.00000000    
  0.233592346         0.00000000    
  0.318120778         0.00000000    
  0.402649224         0.00000000    
  0.487177670         0.00000000    
  0.571706116         0.00000000    
  0.656234503         0.00000000    
  0.740762949         0.00000000    
  0.825291395         0.00000000    
  0.909819841         0.00000000    
  0.994348288         0.00000000    
   1.07887673         0.00000000    
   1.16340518         0.00000000    
   1.24793363         0.00000000    
   1.33246195         0.00000000    
   1.41699040         0.00000000    
   1.50151885         0.00000000    
   1.58604729         0.00000000    
   1.67057574         0.00000000    
   1.75510418         0.00000000    
   1.83963263         0.00000000    
   1.92416108         0.00000000    
   2.00868940         0.00000000    
   2.09321785         0.00000000    
   2.17774630         0.00000000    
   2.26227474         0.00000000    
   2.34680319         0.00000000    
   2.43133163         0.00000000    
   2.51586008         0.00000000    
   2.60038853         0.00000000    
   2.68491697         0.00000000    
   2.76944542         0.00000000    
   2.85397387         0.00000000    
   2.93850231         0.00000000    
   3.02303076         0.00000000    
   3.10755920         0.00000000    
   3.19208765         0.00000000    
   3.27661610         0.00000000    
   3.36114454         0.00000000    
   3.44567299         0.00000000    
   3.53020120         0.00000000    
   3.61472964         0.00000000    
   3.69925809         0.00000000    
   3.78378654         0.00000000    
   3.86831498         0.00000000    
   3.95284343         0.00000000    
   4.03737211         0.00000000    
   4.12190056         0.00000000    
   4.20642900         0.00000000    
   4.29095745         0.00000000    
   4.37548542         0.00000000    
   4.46001387         0.00000000    
   4.54454231         0.00000000    
   4.62907076         0.00000000    
   4.71359921         0.00000000    
   4.79812765         0.00000000    
   4.88265610         0.00000000    
   4.96718454         0.00000000    
   5.05171299         0.00000000    
   5.13624144         0.00000000    
   5.22076988         0.00000000    
   5.30529833         0.00000000    
   5.38982677         0.00000000    
   5.47435522         0.00000000    
   5.55888367         0.00000000    
   5.64341211         0.00000000    
   5.72794056         0.00000000    
   5.81246901         0.00000000    
   5.89699745         0.00000000    
   5.98152590         0.00000000    
   6.06605434         0.00000000    
   6.15058279         0.00000000    
   6.23511124         0.00000000    
   6.31963968         0.00000000    
   6.40416813         0.00000000    
   6.48869658         0.00000000    
   6.57322502         0.00000000    
   6.65775347         0.00000000    
   6.74228191         0.00000000    
   6.82681036         0.00000000    
   6.91133881         0.00000000    
   6.99586725         0.00000000    
   7.08039570         0.00000000    
   7.16492414         0.00000000    
   7.24945259         0.00000000    
   7.33398104         0.00000000    
   7.41850948         0.00000000    
   7.50303793         0.00000000    
   7.58756638         0.00000000    
   7.67209482         0.00000000    
   7.75662327         0.00000000    
   7.84115171         0.00000000    
   7.92567968         0.00000000    
   8.01020813         0.00000000    
   8.09473705         0.00000000    
   8.17926502         0.00000000    
   8.26379395         0.00000000    
   8.34832191         0.00000000    
   8.43285084         0.00000000    
   8.51737881         0.00000000    
   8.60190773         0.00000000    
   8.68643570         0.00000000    
   8.77096462         0.00000000    
   8.85549259         0.00000000    
   8.94002151         0.00000000    
   9.02454948         0.00000000    
   9.10907841         0.00000000    
   9.19360638         0.00000000    
   9.27813530         0.00000000    
   9.36266327         0.00000000    
   9.44719219         0.00000000    
   9.53172016         0.00000000    
   9.61624908         0.00000000    
   9.70077705         0.00000000    
   9.78530502         0.00000000    
   9.86983395         0.00000000    
   9.95436192         0.00000000    
   10.0388908         0.00000000    
   10.1234188         0.00000000    
   10.2079477         0.00000000    
   10.2924757         0.00000000    
   10.3770046         0.00000000    
   10.4615326         0.00000000    
   10.5460615         0.00000000    
   10.6305895         0.00000000    
   10.7151184         0.00000000    
   10.7996464         0.00000000    
   10.8841753         0.00000000    
   10.9687033         0.00000000    
   11.0532322         0.00000000    
   11.1377602         0.00000000    
   11.2222891         0.00000000    
   11.3068171         0.00000000    
   11.3913460         0.00000000    
   11.4758739         0.00000000    
   11.5604029         0.00000000    
   11.6449308         0.00000000    
   11.7294598         0.00000000    
   11.8139877         0.00000000    
   11.8985167         0.00000000    
   11.9830446         0.00000000    
   12.0675735         0.00000000    
   12.1521015         0.00000000    
   12.2366304         0.00000000    
   12.3211584         0.00000000    
   12.4056873         0.00000000    
   12.4902153         0.00000000    
   12.5747442         0.00000000    
   12.6592722         0.00000000    
   12.7438011         0.00000000    
   12.8283291         0.00000000    
   12.9128580         0.00000000    
   12.9973860         0.00000000    
   13.0819149         0.00000000    
   13.1664429         0.00000000    
   13.2509708         0.00000000    
   13.3354998         0.00000000    
   13.4200277         0.00000000    
   13.5045567         0.00000000    
   13.5890846         0.00000000    
   13.6736135         0.00000000    
   13.7581415         0.00000000    
   13.8426704         0.00000000    
   13.9271984         0.00000000    
   14.0117273         0.00000000    
   14.0962553         0.00000000    
   14.1807842         0.00000000    
   14.2653122         0.00000000    
   14.3498411         0.00000000    
   14.4343691         0.00000000    
   14.5188980         0.00000000    
   14.6034260         0.00000000    
   14.6879549         0.00000000    
   14.7724829         0.00000000    
   14.8570118         0.00000000    
   14.9415398         0.00000000    
   15.0260687         0.00000000    
   15.1105967         0.00000000    
   15.1951256         0.00000000    
   15.2796535         0.00000000    
   15.3641825         0.00000000    
   15.4487104         0.00000000    
   15.5332394         0.00000000    
   15.6177673         0.00000000    
   15.7022963         0.00000000    
   15.7868242         0.00000000    
   15.8713531         0.00000000    
   15.9558811         0.00000000    
   16.0404091         0.00000000    
   16.1249390         0.00000000    
   16.2094669         0.00000000    
   16.2939949         0.00000000    
   16.3785229         0.00000000    
   16.4630527         0.00000000    
   16.5475807         0.00000000    
   16.6321087         0.00000000    
   16.7166367         0.00000000    
   16.8011646         0.00000000    
   16.8856945         0.00000000    
   16.9702225         0.00000000    
   17.0547504         0.00000000    
   17.1392784         0.00000000    
   17.2238083         0.00000000    
   17.3083363         0.00000000    
   17.3928642         0.00000000    
   17.4773922         0.00000000    
   17.5619221         0.00000000    
   17.6464500         0.00000000    
   17.7309780         0.00000000    
   17.8155060         0.00000000    
   17.9000359         0.00000000    
   17.9845638         0.00000000    
   18.0690918         0.00000000    
   18.1536198         0.00000000    
   18.2381496         0.00000000    
   18.3226776         0.00000000    
   18.4072056         0.00000000    
   18.4917336         0.00000000    
   18.5762634         0.00000000    
   18.6607914         0.00000000    
   18.7453194         0.00000000    
   18.8298473         0.00000000    
   18.9143772         0.00000000    
   18.9989052         0.00000000    
   19.0834332         0.00000000    
   19.1679611         0.00000000    
   19.2524910         0.00000000    
   19.3370190         0.00000000    
   19.4215469         0.00000000    
   19.5060749         0.00000000    
   19.5906048         0.00000000    
   19.6751328         0.00000000    
   19.7596607         0.00000000    
   19.8441887         0.00000000    
   19.9287186         0.00000000    
   20.0132465         0.00000000    
   20.0977745         0.00000000    
   20.1823025         0.00000000    
   20.2668324         0.00000000    
   20.3513603         0.00000000    
   20.4358883         0.00000000    
   20.5204163         0.00000000    
   20.6049442         0.00000000    
   20.6894741         0.00000000    
   20.7740021         0.00000000    
   20.8585300         0.00000000    
   20.9430580         0.00000000    
   21.0275879         0.00000000    
   21.1121159         0.00000000    
   21.1966438         0.00000000    
   21.2811718         0.00000000    
   21.3657017         0.00000000    
   21.4502296         0.00000000    
   21.5347576         0.00000000    
   21.6192856         0.00000000    
   21.7038155         0.00000000    
   21.7883434         0.00000000    
   21.8728714         0.00000000    
   21.9573994         0.00000000    
   22.0419292         0.00000000    
   22.1264572         0.00000000    
   22.2109852         0.00000000    
   22.2955132         0.00000000    
   22.3800430         0.00000000    
   22.4645710         0.00000000    
   22.5490990         0.00000000    
   22.6336269         0.00000000    
   22.7181568         0.00000000    
   22.8026848         0.00000000    
   22.8872128         0.00000000    
   22.9717407         0.00000000    
   23.0562706         0.00000000    
   23.1407986         0.00000000    
   23.2253265         0.00000000    
   23.3098545         0.00000000    
   23.3943844         0.00000000    
   23.4789124         0.00000000    
   23.5634403         0.00000000    
   23.6479683         0.00000000    
   23.7324982         0.00000000    
   23.8170261         0.00000000    
   23.9015541         0.00000000    
   23.9860821         0.00000000    
   24.0706100         0.00000000    
   24.1551399         0.00000000    
   24.2396679         0.00000000    
   24.3241959         0.00000000    
   24.4087238         0.00000000    
   24.4932537         0.00000000    
   24.5777817         0.00000000    
   24.6623096         0.00000000    
   24.7468376         0.00000000    
   24.8313675         0.00000000    
   24.9158955         0.00000000    
   25.0004234         0.00000000    
   25.0849514         0.00000000    
   25.1694813         0.00000000    
   25.2540092         0.00000000    
   25.3385372         0.00000000    
   25.4230652         0.00000000    
   25.5075951         0.00000000    
   25.5921230         0.00000000    
   25.6766510         0.00000000    
   25.7611790         0.00000000    
   25.8457088         0.00000000    
   25.9302368         0.00000000    
   26.0147648         0.00000000    
   26.0992928         0.00000000    
   26.1838226         0.00000000    
   26.2683506         0.00000000    
   26.3528786         0.00000000    
   26.4374065         0.00000000    
   26.5219364         0.00000000    
   26.6064644         0.00000000    
   26.6909924         0.00000000    
   26.7755203         0.00000000    
   26.8600502         0.00000000    
   26.9445782         0.00000000    
   27.0291061         0.00000000    
   27.1136341         0.00000000    
   27.1981640         0.00000000    
   27.2826920         0.00000000    
   27.3672199         0.00000000    
   27.4517479         0.00000000    
   27.5362759         0.00000000    
   27.6208057         0.00000000    
   27.7053337         0.00000000    
   27.7898617         0.00000000    
   27.8743896         0.00000000    
   27.9589195         0.00000000    
   28.0434475         0.00000000    
   28.1279755         0.00000000    
   28.2125034         0.00000000    
   28.2970333         0.00000000    
   28.3815613         0.00000000    
   28.4660892         0.00000000    
   28.5506172         0.00000000    
   28.6351471         0.00000000    
   28.7196751         0.00000000    
   28.8042030         0.00000000    
   28.8887310         0.00000000    
   28.9732609         0.00000000    
   29.0577888         0.00000000    
   29.1423168         0.00000000    
   29.2268448         0.00000000    
   29.3113747         0.00000000    
   29.3959026         0.00000000    
   29.4804306         0.00000000    
   29.5649586         0.00000000    
   29.6494884         0.00000000    
   29.7340164         0.00000000    
   29.8185444         0.00000000    
   29.9030724         0.00000000    
   29.9876022         0.00000000    
   30.0721302         0.00000000    
   30.1566582         0.00000000    
   30.2411861         0.00000000    
   30.3257160         0.00000000    
   30.4102440         0.00000000    
   30.4947720         0.00000000    
   30.5792999         0.00000000    
   30.6638298         0.00000000    
   30.7483578         0.00000000    
   30.8328857         0.00000000    
   30.9174137         0.00000000    
   31.0019417         0.00000000    
   31.0864716         0.00000000    
   31.1709995         0.00000000    
   31.2555275         0.00000000    
   31.3400555         0.00000000    
   31.4245853         0.00000000    
   31.5091133         0.00000000    
   31.5936413         0.00000000    
   31.6781693         0.00000000    
   31.7626991         0.00000000    
   31.8472271         0.00000000    
   31.9317551         0.00000000    
   32.0162849         0.00000000    
   32.1008110         0.00000000    
   32.1853409         0.00000000    
   32.2698708         0.00000000    
   32.3543968         0.00000000    
   32.4389267         0.00000000    
   32.5234528         0.00000000    
   32.6079826         0.00000000    
   32.6925125         0.00000000    
   32.7770386         0.00000000    
   32.8615685         0.00000000    
   32.9460983         0.00000000    
   33.0306244         0.00000000    
   33.1151543         0.00000000    
   33.1996803         0.00000000    
   33.2842102         0.00000000    
   33.3687401         0.00000000    
   33.4532661         0.00000000    
   33.5377960         0.00000000    
   33.6223259         0.00000000    
   33.7068520         0.00000000    
   33.7913818         0.00000000    
   33.8759079         0.00000000    
   33.9604378         0.00000000    
   34.0449677         0.00000000    
   34.1294937         0.00000000    
   34.2140236         0.00000000    
   34.2985535         0.00000000    
   34.3830795         0.00000000    
   34.4676094         0.00000000    
   34.5521355         0.00000000    
   34.6366653         0.00000000    
   34.7211952         0.00000000    
   34.8057213         0.00000000    
   34.8902512         0.00000000    
   34.9747772         0.00000000    
   35.0593071         0.00000000    
   35.1438370         0.00000000    
   35.2283630         0.00000000    
   35.3128929         0.00000000    
   35.3974228         0.00000000    
   35.4819489         1.16863230E-35
   35.5664787         3.65141807E-35
   35.6510048         6.65558014E-35
   35.7355347         9.65974192E-35
   35.8200645         1.26639037E-34
   35.9045906         1.56689586E-34
   35.9891205         1.76634006E-34
   36.0736504         1.29210201E-34
   36.1581764         9.34727336E-35
   36.2427063         1.81892403E-34
   36.3272324         4.29233553E-34
   36.4117622         7.50281585E-34
   36.4962921         6.23472928E-34
   36.5808182        -9.99274431E-35
   36.6653481        -1.23951802E-33
   36.7498779        -2.63390448E-33
   36.8344040        -4.09138266E-33
   36.9189339        -4.88256199E-33
   37.0034599        -4.88042810E-33
   37.0879898        -4.60417040E-33
   37.1725197        -3.59031717E-33
   37.2570457        -2.70022807E-33
   37.3415756        -2.65391139E-33
   37.4261055        -3.42170904E-33
   37.5106316        -4.20756742E-33
   37.5951614        -5.84421518E-33
   37.6796875        -8.88471250E-33
   37.7642174        -1.22941905E-32
   37.8487473        -1.25915002E-32
   37.9332733        -1.23018952E-32
   38.0178032        -1.20183880E-32
   38.1023293        -1.28719629E-32
   38.1868591        -1.52385460E-32
   38.2713890        -1.92545519E-32
   38.3559151        -2.27734927E-32
   38.4404449        -1.99654982E-32
   38.5249748        -9.18496829E-33
   38.6095009         9.20486794E-33
   38.6940308         2.00392352E-31
   38.7785568         5.84949593E-31
   38.8630867         1.09602924E-30
   38.9476166         1.52574766E-30
   39.0321426         1.85440309E-30
   39.1166725         2.19280102E-30
   39.2012024         5.92528522E-30
   39.2857285         1.03374801E-29
   39.3702583         1.51664410E-29
   39.4547844         2.03031144E-29
   39.5393143         2.55072599E-29
   39.6238441         3.54461147E-29
   39.7083702         5.70322986E-29
   39.7929001         8.71112919E-29
   39.8774300         1.11052046E-28
   39.9619560         1.26364128E-28
   40.0464859         1.30029124E-28
   40.1310120         1.22666402E-28
   40.2155418         9.89153888E-29
   40.3000717         4.87916446E-29
   40.3845978        -3.13464839E-29
   40.4691277        -1.39025432E-28
   40.5536575        -2.70136303E-28
   40.6381836        -4.15177629E-28
   40.7227135        -5.64294874E-28
   40.8072395        -7.03948484E-28
   40.8917694        -8.16503489E-28
   40.9762993        -8.97933733E-28
   41.0608253        -9.50849717E-28
   41.1453552        -9.68715992E-28
   41.2298851        -9.51029888E-28
   41.3144112        -8.94261081E-28
   41.3989410        -7.97003448E-28
   41.4834671        -6.57581383E-28
   41.5679970        -4.71780951E-28
   41.6525269        -2.35020196E-28
   41.7370529         5.48403376E-29
   41.8215828         4.00136911E-28
   41.9061089         8.01778840E-28
   41.9906387         1.25613995E-27
   42.0751686         1.75145995E-27
   42.1596947         2.26845697E-27
   42.2442245         2.78192607E-27
   42.3287544         3.25752214E-27
   42.4132805         3.65891483E-27
   42.4978104         3.94157279E-27
   42.5823364         4.05853105E-27
   42.6668663         3.97172823E-27
   42.7513962         3.64457436E-27
   42.8359222         3.05277557E-27
   42.9204521         2.18833578E-27
   43.0049820         1.05490232E-27
   43.0895081        -3.31108187E-28
   43.1740379        -1.93929667E-27
   43.2585640        -3.72456979E-27
   43.3430939        -5.62865391E-27
   43.4276237        -7.58258110E-27
   43.5121498        -9.50640792E-27
   43.5966797        -1.13083188E-26
   43.6812096        -1.28849443E-26
   43.7657356        -1.41250183E-26
   43.8502655        -1.49109502E-26
   43.9347916        -1.51189691E-26
   44.0193214        -1.46287491E-26
   44.1038513        -1.33321992E-26
   44.1883774        -1.11411565E-26
   44.2729073        -7.99952105E-27
   44.3574371        -3.88705818E-27
   44.4419632         1.16470459E-27
   44.5264931         7.06797493E-27
   44.6110191         1.36740887E-26
   44.6955490         2.07701899E-26
   44.7800789         2.80811587E-26
   44.8646049         3.52747073E-26
   44.9491348         4.19698315E-26
   45.0336647         4.77502375E-26
   45.1181908         5.21776577E-26
   45.2027206         5.48090511E-26
   45.2872467         5.52171449E-26
   45.3717766         5.30112433E-26
   45.4563065         4.78613220E-26
   45.5408325         3.95224121E-26
   45.6253624         2.78581021E-26
   45.7098885         1.28667905E-26
   45.7944183        -5.29548497E-27
   45.8789482        -2.62956675E-26
   45.9634743        -4.96079957E-26
   46.0480042        -7.45057801E-26
   46.1325340        -1.00060941E-25
   46.2170601        -1.25158490E-25
   46.3015900        -1.48516131E-25
   46.3861160        -1.68719993E-25
   46.4706459        -1.84273581E-25
   46.5551758        -1.93658314E-25
   46.6397018        -1.95404556E-25
   46.7242317        -1.88171774E-25
   46.8087616        -1.70833856E-25
   46.8932877        -1.42567725E-25
   46.9778175        -1.02939359E-25
   47.0623436        -5.19854221E-26
   47.1468735         9.71584895E-27
   47.2314034         8.09875235E-26
   47.3159294         1.60017057E-25
   47.4004593         2.44341999E-25
   47.4849892         3.30864213E-25
   47.5695152         4.15895111E-25
   47.6540451         4.95234945E-25
   47.7385712         5.64290399E-25
   47.8231010         6.18225854E-25
   47.9076309         6.52152050E-25
   47.9921570         6.61345780E-25
   48.0766869         6.41498040E-25
   48.1612167         5.88978442E-25
   48.2457428         5.01111663E-25
   48.3302727         3.76448935E-25
   48.4147987         2.15023687E-25
   48.4993286         1.85770010E-26
   48.5838585        -2.09264781E-25
   48.6683846        -4.62872715E-25
   48.7529144        -7.34575097E-25
   48.8374405        -1.01470547E-24
   48.9219704        -1.29175096E-24
   49.0065002        -1.55260547E-24
   49.0910263        -1.78293826E-24
   49.1755562        -1.96766542E-24
   49.2600861        -2.09153177E-24
   49.3446121        -2.13978008E-24
   49.4291420        -2.09889835E-24
   49.5136681        -1.95742009E-24
   49.5981979        -1.70674218E-24
   49.6827278        -1.34193839E-24
   49.7672539        -8.62517144E-25
   49.8517838        -2.73093711E-25
   49.9363136         4.16078669E-25
   50.0208397         1.18875550E-24
   50.1053696         2.02256935E-24
   50.1898956         2.88915731E-24
   50.2744255         3.75457953E-24
   50.3589554         4.58005305E-24
   50.4434814         5.32300422E-24
   50.5280113         5.93844313E-24
   50.6125412         6.38064306E-24
   50.6970673         6.60508463E-24
   50.7815971         6.57062167E-24
   50.8661232         6.24179723E-24
   50.9506531         5.59122245E-24
   51.0351830         4.60192659E-24
   51.1197090         3.26956813E-24
   51.2042389         1.60438846E-24
   51.2887688        -3.67221013E-25
   51.3732948        -2.60165301E-24
   51.4578247        -5.03764050E-24
   51.5423508        -7.59653409E-24
   51.6268806        -1.01833952E-23
   51.7114105        -1.26889555E-23
   51.7959366        -1.49924845E-23
   51.8804665        -1.69655519E-23
   51.9649963        -1.84766354E-23
   52.0495224        -1.93964851E-23
   52.1340523        -1.96041244E-23
   52.2185783        -1.89932699E-23
   52.3031082        -1.74789662E-23
   52.3876381        -1.50041881E-23
   52.4721642        -1.15460388E-23
   52.5566940        -7.12134479E-24
   52.6412201        -1.79116529E-24
   52.7257500         4.33597475E-24
   52.8102798         1.11025467E-23
   52.8948059         1.83024187E-23
   52.9793358         2.56834115E-23
   53.0638657         3.29522125E-23
   53.1483917         3.97817664E-23
   53.2329216         4.58209951E-23
   53.3174477         5.07069188E-23
   53.4019775         5.40788511E-23
   53.4865074         5.55942465E-23
   53.5710335         5.49459291E-23
   53.6555634         5.18798319E-23
   53.7400932         4.62128413E-23
   53.8246193         3.78497860E-23
   53.9091492         2.67987693E-23
   53.9936752         1.31840122E-23
   54.0782051        -2.74474883E-24
   54.1627350        -2.06070427E-23
   54.2472610        -3.98914685E-23
   54.3317909        -5.99611091E-23
   54.4163208        -8.00650147E-23
   54.5008469        -9.93561159E-23
   54.5853767        -1.16915371E-22
   54.6699028        -1.31782092E-22
   54.7544327        -1.42989887E-22
   54.8389626        -1.49607155E-22
   54.9234886        -1.50781220E-22
   55.0080185        -1.45784461E-22
   55.0925484        -1.34060650E-22
   55.1770744        -1.15269756E-22
   55.2616043        -8.93292521E-23
   55.3461304        -5.64486713E-23
   55.4306602        -1.71566992E-23
   55.5151901         2.76825112E-23
   55.5997162         7.68652876E-23
   55.6842461         1.28858308E-22
   55.7687759         1.81823780E-22
   55.8533020         2.33660752E-22
   55.9378319         2.82062127E-22
   56.0223579         3.24587889E-22
   56.1068878         3.58752558E-22
   56.1914177         3.82124424E-22
   56.2759438         3.92435102E-22
   56.3604736         3.87694893E-22
   56.4449997         3.66309341E-22
   56.5295296         3.27194083E-22
   56.6140594         2.69880170E-22
   56.6985855         1.94606369E-22
   56.7831154         1.02392744E-22
   56.8676453        -4.91128194E-24
   56.9521713        -1.24607661E-22
   57.0367012        -2.53164271E-22
   57.1212273        -3.86266411E-22
   57.2057571        -5.18907655E-22
   57.2902870        -6.45520057E-22
   57.3748131        -7.60143339E-22
   57.4593430        -8.56630040E-22
   57.5438728        -9.28882328E-22
   57.6283989        -9.71114078E-22
   57.7129288        -9.78128755E-22
   57.7974548        -9.45605270E-22
   57.8819847        -8.70379494E-22
   57.9665146        -7.50708159E-22
   58.0510406        -5.86503770E-22
   58.1355705        -3.79525450E-22
   58.2201004        -1.33514632E-22
   58.3046265         1.45738127E-22
   58.3891563         4.50405044E-22
   58.4736824         7.70719174E-22
   58.5582123         1.09516704E-21
   58.6427422         1.41077421E-21
   58.7272682         1.70348335E-21
   58.8117981         1.95862515E-21
   58.8963280         2.16146050E-21
   58.9808540         2.29779041E-21
   59.0653839         2.35460960E-21
   59.1499100         2.32078021E-21
   59.2344398         2.18770854E-21
   59.3189697         1.94997692E-21
   59.4034958         1.60592633E-21
   59.4880257         1.15813495E-21
   59.5725517         6.13775184E-22
   59.6570816        -1.51823065E-23
   59.7416115        -7.11944619E-22
   59.8261375        -1.45507158E-21
   59.9106674        -2.21886433E-21
   59.9951973        -2.97397623E-21
   60.0797234        -3.68823800E-21
   60.1642532        -4.32769749E-21
   60.2487793        -4.85784069E-21
   60.3333092        -5.24496890E-21
   60.4178391        -5.45769204E-21
   60.5023651        -5.46848659E-21
   60.5868950        -5.25525372E-21
   60.6714249        -4.80282349E-21
   60.7559509        -4.10432884E-21
   60.8404808        -3.16237671E-21
   60.9250069        -1.98995159E-21
   61.0095367        -6.10979915E-22
   61.0940666         9.39501582E-22
   61.1785927         2.61562265E-21
   61.2631226         4.36144024E-21
   61.3476524         6.11219668E-21
   61.4321785         7.79608195E-21
   61.5167084         9.33646755E-21
   61.6012344         1.06545887E-20
   61.6857643         1.16725985E-20
   61.7702942         1.23168712E-20
   61.8548203         1.25215297E-20
   61.9393501         1.22319826E-20
   62.0238800         1.14083506E-20
   62.1084061         1.00286877E-20
   62.1929359         8.09174248E-21
   62.2774620         5.61917078E-21
   62.3619919         2.65702388E-21
   62.4465218        -7.23627889E-22
   62.5310478        -4.42704237E-21
   62.6155777        -8.33420818E-21
   62.7001076        -1.23053642E-20
   62.7846336        -1.61836271E-20
   62.8691635        -1.97997328E-20
   62.9536896        -2.29777203E-20
   63.0382195        -2.55415311E-20
   63.1227493        -2.73222700E-20
   63.2072754        -2.81658779E-20
   63.2918053        -2.79410431E-20
   63.3763313        -2.65469077E-20
   63.4608612        -2.39203282E-20
   63.5453911        -2.00423520E-20
   63.6299171        -1.49434459E-20
   63.7144470        -8.70729895E-21
   63.7989769        -1.47277297E-21
   63.8835030         6.56622311E-21
   63.9680328         1.51631157E-20
   64.0525589         2.40234737E-20
   64.1370926         3.28122451E-20
   64.2216187         4.11634250E-20
   64.3061447         4.86918640E-20
   64.3906708         5.50072070E-20
   64.4752045         5.97292257E-20
   64.5597305         6.25044296E-20
   64.6442566         6.30231558E-20
   64.7287903         6.10365588E-20
   64.8133163         5.63727400E-20
   64.8978424         4.89514694E-20
   64.9823761         3.87964800E-20
   65.0669022         2.60447509E-20
   65.1514282         1.09521379E-20
   65.2359619        -6.10535144E-21
   65.3204880        -2.46350058E-20
   65.4050140        -4.40359486E-20
   65.4895477        -6.36129421E-20
   65.5740738        -8.25952702E-20
   65.6585999        -1.00160599E-19
   65.7431259        -1.15463182E-19
   65.8276596        -1.27665712E-19
   65.9121857        -1.35973927E-19
   65.9967117        -1.39672807E-19
   66.0812454        -1.38162866E-19
   66.1657715        -1.30995488E-19
   66.2502975        -1.17905278E-19
   66.3348312        -9.88383057E-20
   66.4193573        -7.39742969E-20
   66.5038834        -4.37416921E-20
   66.5884171        -8.82402916E-21
   66.6729431         2.98434002E-20
   66.7574692         7.10871199E-20
   66.8419952         1.13520044E-19
   66.9265289         1.55576853E-19
   67.0110550         1.95559714E-19
   67.0955811         2.31693445E-19
   67.1801147         2.62189448E-19
   67.2646408         2.85314963E-19
   67.3491669         2.99467480E-19
   67.4337006         3.03250229E-19
   67.5182266         2.95546385E-19
   67.6027527         2.75588792E-19
   67.6872864         2.43022407E-19
   67.7718124         1.97955526E-19
   67.8563385         1.40997537E-19
   67.9408722         7.32799822E-20
   68.0253983        -3.54116868E-21
   68.1099243        -8.73039700E-20
   68.1944504        -1.75380281E-19
   68.2789841        -2.64738095E-19
   68.3635101        -3.52024494E-19
   68.4480362        -4.33669805E-19
   68.5325699        -5.06007939E-19
   68.6170959        -5.65412122E-19
   68.7016220        -6.08441023E-19
   68.7861557        -6.31988270E-19
   68.8706818        -6.33434751E-19
   68.9552078        -6.10791664E-19
   69.0397415        -5.62833489E-19
   69.1242676        -4.89210227E-19
   69.2087936        -3.90536240E-19
   69.2933273        -2.68448000E-19
   69.3778534        -1.25626466E-19
   69.4623795         3.42195249E-20
   69.5469055         2.06410979E-19
   69.6314392         3.85400560E-19
   69.7159653         5.64915762E-19
   69.8004913         7.38143202E-19
   69.8850250         8.97948292E-19
   69.9695511         1.03712650E-18
   70.0540771         1.14867646E-18
   70.1386108         1.22608939E-18
   70.2231369         1.26364091E-18
   70.3076630         1.25667512E-18
   70.3921967         1.20187285E-18
   70.4767227         1.09748535E-18
   70.5612488         9.43528115E-19
   70.6457748         7.41918712E-19
   70.7303085         4.96553885E-19
   70.8148346         2.13313052E-19
   70.8993607        -1.00013943E-19
   70.9838943        -4.33879858E-19
   71.0684204        -7.77212906E-19
   71.1529465        -1.11772770E-18
   71.2374802        -1.44230737E-18
   71.3220062        -1.73744759E-18
   71.4065323        -1.98974822E-18
   71.4910660        -2.18644019E-18
   71.5755920        -2.31592766E-18
   71.6601181        -2.36832190E-18
   71.7446518        -2.33595557E-18
   71.8291779        -2.21383931E-18
   71.9137039        -2.00005861E-18
   71.9982300        -1.69606922E-18
   72.0827637        -1.30689284E-18
   72.1672897        -8.41181730E-19
   72.2518158        -3.11148123E-19
   72.3363495         2.67650081E-19
   72.4208755         8.76671139E-19
   72.5054016         1.49489156E-18
   72.5899353         2.09944561E-18
   72.6744614         2.66637990E-18
   72.7589874         3.17150208E-18
   72.8435211         3.59130844E-18
   72.9280472         3.90394425E-18
   73.0125732         4.09016328E-18
   73.0971069         4.13426814E-18
   73.1816330         4.02496532E-18
   73.2661591         3.75610763E-18
   73.3506851         3.32729865E-18
   73.4352188         2.74430444E-18
   73.5197449         2.01925437E-18
   73.6042709         1.17060667E-18
   73.6888046         2.22867169E-19
   73.7733307        -7.93958196E-19
   73.8578568        -1.84515291E-18
   73.9423904        -2.89233193E-18
   74.0269165        -3.89468479E-18
   74.1114426        -4.81041922E-18
   74.1959763        -5.59831785E-18
   74.2805023        -6.21940890E-18
   74.3650284        -6.63863520E-18
   74.4495544        -6.82649371E-18
   74.5340881        -6.76058892E-18
   74.6186142        -6.42696258E-18
   74.7031403        -5.82124551E-18
   74.7876740        -4.94945546E-18
   74.8722000        -3.82846733E-18
   74.9567261        -2.48608471E-18
   75.0412598        -9.60683221E-19
   75.1257858         6.99588934E-19
   75.2103119         2.43804434E-18
   75.2948456         4.19111820E-18
   75.3793716         5.89040153E-18
   75.4638977         7.46501634E-18
   75.5484314         8.84423662E-18
   75.6329575         9.96028028E-18
   75.7174835         1.07511841E-17
   75.8020096         1.11636386E-17
   75.8865433         1.11556630E-17
   75.9710693         1.06990369E-17
   76.0555954         9.78132472E-18
   76.1401291         8.40746292E-18
   76.2246552         6.60070276E-18
   76.3091812         4.40297611E-18
   76.3937149         1.87450521E-18
   76.4782410        -9.07335138E-19
   76.5627670        -3.84983092E-18
   76.6473007        -6.84758309E-18
   76.7318268        -9.78569637E-18
   76.8163528        -1.25436629E-17
   76.9008865        -1.49996515E-17
   76.9854126        -1.70351577E-17
   77.0699387        -1.85398406E-17
   77.1544647        -1.94163410E-17
   77.2389984        -1.95849320E-17
   77.3235245        -1.89877755E-17
   77.4080505        -1.75926444E-17
   77.4925842        -1.53958727E-17
   77.5771103        -1.24244116E-17
   77.6616364        -8.73684872E-18
   77.7461700        -4.42330821E-18
   77.8306961         3.95958796E-19
   77.9152222         5.57301771E-18
   77.9997559         1.09361648E-17
   78.0842819         1.62947682E-17
   78.1688080         2.14452166E-17
   78.2533340         2.61777584E-17
   78.3378677         3.02839359E-17
   78.4223938         3.35644680E-17
   78.5069199         3.58372659E-17
   78.5914536         3.69452875E-17
   78.6759796         3.67639364E-17
   78.7605057         3.52076888E-17
   78.8450394         3.22357248E-17
   78.9295654         2.78561409E-17
   79.0140915         2.21287126E-17
   79.0986252         1.51658420E-17
   79.1831512         7.13168158E-18
   79.2676773        -1.76066944E-18
   79.3522110        -1.12539759E-17
   79.4367371        -2.10534771E-17
   79.5212631        -3.08352220E-17
   79.6057892        -4.02558695E-17
   79.6903229        -4.89638446E-17
   79.7748489        -5.66111956E-17
   79.8593750        -6.28660508E-17
   79.9439087        -6.74250005E-17
   80.0284348        -7.00253189E-17
   80.1129608        -7.04560616E-17
   80.1974945        -6.85680979E-17
   80.2820206        -6.42823296E-17
   80.3665466        -5.75958912E-17
   80.4510803        -4.85859058E-17
   80.5356064        -3.74107255E-17
   80.6201324        -2.43083798E-17
   80.7046585        -9.59215099E-18
   80.7891922         6.35630605E-18
   80.8737183         2.30970648E-17
   80.9582443         4.01436641E-17
   81.0427780         5.69772528E-17
   81.1273041         7.30624349E-17
   81.2118301         8.78636011E-17
   81.2963638         1.00862645E-16
   81.3808899         1.11575838E-16
   81.4654160         1.19570519E-16
   81.5499496         1.24480372E-16
   81.6344757         1.26018915E-16
   81.7190018         1.23990695E-16
   81.8035355         1.18299864E-16
   81.8880615         1.08955582E-16
   81.9725876         9.60741032E-17
   82.0571136         7.98774635E-17
   82.1416473         6.06890901E-17
   82.2261734         3.89258623E-17
   82.3106995         1.50868248E-17
   82.3952332        -1.02595302E-17
   82.4797592        -3.64915029E-17
   82.5642853        -6.29512239E-17
   82.6488190        -8.89626065E-17
   82.7333450        -1.13850426E-16
   82.8178711        -1.36958187E-16
   82.9024048        -1.57665879E-16
   82.9869308        -1.75405608E-16
   83.0714569        -1.89675850E-16
   83.1559906        -2.00052797E-16
   83.2405167        -2.06199451E-16
   83.3250427        -2.07871639E-16
   83.4095688        -2.04920855E-16
   83.4941025        -1.97295255E-16
   83.5786285        -1.85037113E-16
   83.6631546        -1.68277865E-16
   83.7476883        -1.47232405E-16
   83.8322144        -1.22191067E-16
   83.9167404        -9.35111404E-17
   84.0012741        -6.16080613E-17
   84.0858002        -2.69466707E-17
   84.1703262         9.96618387E-18
   84.2548599         4.85888638E-17
   84.3393860         8.83498179E-17
   84.4239120         1.28651520E-16
   84.5084381         1.68872641E-16
   84.5929718         2.08368901E-16
   84.6774979         2.46472320E-16
   84.7620239         2.82491232E-16
   84.8465576         3.15708635E-16
   84.9310837         3.45381814E-16
   85.0156097         3.70744600E-16
   85.1001434         3.91009520E-16
   85.1846695         4.05375198E-16
   85.2691956         4.13035976E-16
   85.3537292         4.13196515E-16
   85.4382553         4.05090807E-16
   85.5227814         3.88005464E-16
   85.6073151         3.61308495E-16
   85.6918411         3.24481858E-16
   85.7763672         2.77157121E-16
   85.8608932         2.19154079E-16
   85.9454269         1.50520428E-16
   86.0299530         7.15703136E-17
   86.1144791        -1.70792332E-17
   86.1990128        -1.14476331E-16
   86.2835388        -2.19309496E-16
   86.3680649        -3.29890613E-16
   86.4525986        -4.44151096E-16
   86.5371246        -5.59647744E-16
   86.6216507        -6.73586699E-16
   86.7061844        -7.82860461E-16
   86.7907104        -8.84101015E-16
   86.8752365        -9.73752570E-16
   86.9597702        -1.04815764E-15
   87.0442963        -1.10365757E-15
   87.1288223        -1.13670869E-15
   87.2133484        -1.14400556E-15
   87.2978821        -1.12261300E-15
   87.3824081        -1.07010087E-15
   87.4669342        -9.84675272E-16
   87.5514679        -8.65306307E-16
   87.6359940        -7.11842730E-16
   87.7205200        -5.25107276E-16
   87.8050537        -3.06975143E-16
   87.8895798        -6.04207593E-17
   87.9741058         2.10463812E-16
   88.0586395         5.00484028E-16
   88.1431656         8.03400427E-16
   88.2276917         1.11201789E-15
   88.3122177         1.41831951E-15
   88.3967514         1.71363532E-15
   88.4812775         1.98884776E-15
   88.5658035         2.23462898E-15
   88.6503372         2.44170567E-15
   88.7348633         2.60113717E-15
   88.8193893         2.70461982E-15
   88.9039230         2.74477723E-15
   88.9884491         2.71545824E-15
   89.0729752         2.61201265E-15
   89.1575089         2.43154212E-15
   89.2420349         2.17311639E-15
   89.3265610         1.83794333E-15
   89.4110947         1.42948679E-15
   89.4956207         9.53520659E-16
   89.5801468         4.18119286E-16
   89.6646729        -1.66417291E-16
   89.7492065        -7.87724018E-16
   89.8337326        -1.43158860E-15
   89.9182587        -2.08224458E-15
   90.0027924        -2.72272833E-15
   90.0873184        -3.33528646E-15
   90.1718445        -3.90183906E-15
   90.2563782        -4.40447476E-15
   90.3409042        -4.82595751E-15
   90.4254303        -5.15025551E-15
   90.5099640        -5.36305348E-15
   90.5944901        -5.45224944E-15
   90.6790161        -5.40839642E-15
   90.7635498        -5.22510654E-15
   90.8480759        -4.89937960E-15
   90.9326019        -4.43184790E-15
   91.0171280        -3.82693128E-15
   91.1016617        -3.09289147E-15
   91.1861877        -2.24179043E-15
   91.2707138        -1.28932391E-15
   91.3552475        -2.54553094E-16
   91.4397736         8.40442607E-16
   91.5242996         1.97106028E-15
   91.6088333         3.11070097E-15
   91.6933594         4.23139248E-15
   91.7778854         5.30448030E-15
   91.8624191         6.30135338E-15
   91.9469452         7.19416507E-15
   92.0314713         7.95660145E-15
   92.1159973         8.56459069E-15
   92.2005310         8.99700185E-15
   92.2850571         9.23626325E-15
   92.3695831         9.26892653E-15
   92.4541168         9.08611904E-15
   92.5386429         8.68390036E-15
   92.6231689         8.06350378E-15
   92.7077026         7.23144130E-15
   92.7922287         6.19949174E-15
   92.8767548         4.98454580E-15
   92.9612885         3.60833452E-15
   93.0458145         2.09701429E-15
   93.1303406         4.80663087E-16
   93.2148743        -1.20734583E-15
   93.2994003        -2.93106836E-15
   93.3839264        -4.65274690E-15
   93.4684525        -6.33368293E-15
   93.5529861        -7.93506310E-15
   93.6375122        -9.41889033E-15
   93.7220383        -1.07488312E-14
   93.8065720        -1.18911059E-14
   93.8910980        -1.28152722E-14
   93.9756241        -1.34949577E-14
   94.0601578        -1.39085580E-14
   94.1446838        -1.40397795E-14
   94.2292099        -1.38781021E-14
   94.3137436        -1.34191017E-14
   94.3982697        -1.26646884E-14
   94.4827957        -1.16231411E-14
   94.5673294        -1.03090805E-14
   94.6518555        -8.74322485E-15
   94.7363815        -6.95209788E-15
   94.8209076        -4.96753441E-15
   94.9054413        -2.82609451E-15
   94.9899673        -5.68378113E-16
   95.0744934         1.76178925E-15
   95.1590271         4.11819753E-15
   95.2435532         6.45330304E-15
   95.3280792         8.71909204E-15
   95.4126129         1.08682196E-14
   95.4971390         1.28549760E-14
   95.5816650         1.46363583E-14
   95.6661987         1.61730116E-14
   95.7507248         1.74301728E-14
   95.8352509         1.83785126E-14
   95.9197769         1.89948307E-14
   96.0043106         1.92626913E-14
   96.0888367         1.91728550E-14
   96.1733627         1.87235667E-14
   96.2578964         1.79206625E-14
   96.3424225         1.67774780E-14
   96.4269485         1.53145556E-14
   96.5114822         1.35592187E-14
   96.5960083         1.15448346E-14
   96.6805344         9.31003897E-15
   96.7650681         6.89764340E-15
   96.8495941         4.35358630E-15
   96.9341202         1.72562497E-15
   97.0186539        -9.37957805E-16
   97.1031799        -3.58971377E-15
   97.1877060        -6.18438109E-15
   97.2722321        -8.68008363E-15
   97.3567657        -1.10395244E-14
   97.4412918        -1.32310053E-14
   97.5258179        -1.52290205E-14
   97.6103516        -1.70151064E-14
   97.6948776        -1.85777246E-14
   97.7794037        -1.99123453E-14
   97.8639374        -2.10209674E-14
   97.9484634        -2.19114498E-14
   98.0329895        -2.25962827E-14
   98.1175232        -2.30913311E-14
   98.2020493        -2.34141235E-14
   98.2865753        -2.35820562E-14
   98.3711014        -2.36104149E-14
   98.4556351        -2.35104244E-14
   98.5401611        -2.32871837E-14
   98.6246872        -2.29380215E-14
   98.7092209        -2.24509759E-14
   98.7937469        -2.18036547E-14
   98.8782730        -2.09625323E-14
   98.9628067        -1.98831938E-14
   99.0473328        -1.85106870E-14
   99.1318588        -1.67810068E-14
   99.2163925        -1.46233056E-14
   99.3009186        -1.19626734E-14
   99.3854446        -8.72394554E-15
   99.4699783        -4.83591565E-15
   99.5545044        -2.36286776E-16
   99.6390305         5.12288195E-15
   99.7235565         1.12697810E-14
   99.8080902         1.82069901E-14
   99.8926163         2.59062215E-14
   99.9771423         3.43031335E-14
   100.061676         4.32933718E-14
   100.146202         5.27292037E-14
   100.230728         6.24176207E-14
   100.315262         7.21202205E-14
   100.399788         8.15543447E-14
   100.484314         9.03970909E-14
   100.568848         9.82901369E-14
   100.653374         1.04848320E-13
   100.737900         1.09668778E-13
   100.822433         1.12343369E-13
   100.906960         1.12472131E-13
   100.991486         1.09678834E-13
   101.076012         1.03627583E-13
   101.160545         9.40394545E-14
   101.245071         8.07107744E-14
   101.329597         6.35292396E-14
   101.414131         4.24900492E-14
   101.498657         1.77099529E-14
   101.583183        -1.05613751E-14
   101.667717        -4.19334367E-14
   101.752243        -7.58702115E-14
   101.836769        -1.11690605E-13
   101.921303        -1.48573590E-13
   102.005829        -1.85568425E-13
   102.090355        -2.21610911E-13
   102.174881        -2.55544636E-13
   102.259415        -2.86147787E-13
   102.343941        -3.12165766E-13
   102.428467        -3.32346048E-13
   102.513000        -3.45479559E-13
   102.597527        -3.50443009E-13
   102.682053        -3.46242349E-13
   102.766586        -3.32057976E-13
   102.851112        -3.07287209E-13
   102.935638        -2.71585217E-13
   103.020172        -2.24899878E-13
   103.104698        -1.67502866E-13
   103.189224        -1.00010759E-13
   103.273758        -2.33996325E-14
   103.358284         6.09922404E-14
   103.442810         1.51472083E-13
   103.527336         2.46011816E-13
   103.611870         3.42280078E-13
   103.696396         4.37686183E-13
   103.780922         5.29435382E-13
   103.865456         6.14596048E-13
   103.949982         6.90175781E-13
   104.034508         7.53206091E-13
   104.119041         8.00833358E-13
   104.203568         8.30412507E-13
   104.288094         8.39603289E-13
   104.372627         8.26462867E-13
   104.457153         7.89536242E-13
   104.541679         7.27935615E-13
   104.626213         6.41410373E-13
   104.710739         5.30404442E-13
   104.795265         3.96093640E-13
   104.879791         2.40406490E-13
   104.964325         6.60243412E-14
   105.048851        -1.23642863E-13
   105.133377        -3.24501710E-13
   105.217911        -5.31844588E-13
   105.302437        -7.40442646E-13
   105.386963        -9.44657438E-13
   105.471497        -1.13857383E-12
   105.556023        -1.31614988E-12
   105.640549        -1.47137641E-12
   105.725082        -1.59845151E-12
   105.809608        -1.69195289E-12
   105.894135        -1.74701518E-12
   105.978661        -1.75949945E-12
   106.063194        -1.72615253E-12
   106.147720        -1.64475226E-12
   106.232246        -1.51422906E-12
   106.316780        -1.33476476E-12
   106.401306        -1.10786087E-12
   106.485832        -8.36374644E-13
   106.570366        -5.24519826E-13
   106.654892        -1.77831111E-13
   106.739418         1.96911498E-13
   106.823952         5.91791644E-13
   106.908478         9.97902932E-13
   106.993004         1.40553313E-12
   107.077538         1.80437024E-12
   107.162064         2.18373757E-12
   107.246590         2.53284980E-12
   107.331116         2.84108262E-12
   107.415649         3.09824800E-12
   107.500175         3.29486980E-12
   107.584702         3.42245633E-12
   107.669235         3.47375232E-12
   107.753761         3.44297637E-12
   107.838287         3.32602847E-12
   107.922821         3.12066172E-12
   108.007347         2.82661958E-12
   108.091873         2.44572787E-12
   108.176407         1.98194152E-12
   108.260933         1.44134390E-12
   108.345459         8.32095514E-13
   108.429993         1.64336196E-13
   108.514519        -5.49966268E-13
   108.599045        -1.29719434E-12
   108.683571        -2.06232947E-12
   108.768105        -2.82920085E-12
   108.852631        -3.58080471E-12
   108.937157        -4.29961188E-12
   109.021690        -4.96791931E-12
   109.106216        -5.56820041E-12
   109.190742        -6.08346143E-12
   109.275276        -6.49761668E-12
   109.359802        -6.79581565E-12
   109.444328        -6.96479376E-12
   109.528862        -6.99318338E-12
   109.613388        -6.87181301E-12
   109.697914        -6.59396149E-12
   109.782440        -6.15558906E-12
   109.866974        -5.55553607E-12
   109.951500        -4.79567167E-12
   110.036026        -3.88100793E-12
   110.120560        -2.81977133E-12
   110.205086        -1.62342882E-12
   110.289612        -3.06665527E-13
   110.374146         1.11268297E-12
   110.458672         2.61373388E-12
   110.543198         4.17273551E-12
   110.627731         5.76325966E-12
   110.712257         7.35648348E-12
   110.796783         8.92148508E-12
   110.881317         1.04256100E-11
   110.965843         1.18348968E-11
   111.050369         1.31145355E-11
   111.134895         1.42294093E-11
   111.219429         1.51446269E-11
   111.303955         1.58261772E-11
   111.388481         1.62415862E-11
   111.473015         1.63606351E-11
   111.557541         1.61560747E-11
   111.642067         1.56044119E-11
   111.726601         1.46866842E-11
   111.811127         1.33892420E-11
   111.895653         1.17045202E-11
   111.980186         9.63176674E-12
   112.064713         7.17773410E-12
   112.149239         4.35728753E-12
   112.233772         1.19394056E-12
   112.318298        -2.27977272E-12
   112.402824        -6.02199931E-12
   112.487350        -9.98149393E-12
   112.571884        -1.40977195E-11
   112.656410        -1.83011228E-11
   112.740936        -2.25136715E-11
   112.825470        -2.66496235E-11
   112.909996        -3.06165614E-11
   112.994522        -3.43165947E-11
   113.079056        -3.76479611E-11
   113.163582        -4.05067820E-11
   113.248108        -4.27890119E-11
   113.332642        -4.43927152E-11
   113.417168        -4.52204003E-11
   113.501694        -4.51815842E-11
   113.586220        -4.41954008E-11
   113.670753        -4.21932628E-11
   113.755280        -3.91215255E-11
   113.839806        -3.49440615E-11
   113.924339        -2.96446964E-11
   114.008865        -2.32293820E-11
   114.093391        -1.57282121E-11
   114.177925        -7.19692405E-12
   114.262451         2.28190925E-12
   114.346977         1.25982315E-11
   114.431511         2.36143483E-11
   114.516037         3.51654018E-11
   114.600563         4.70605152E-11
   114.685097         5.90844804E-11
   114.769623         7.10002057E-11
   114.854149         8.25518195E-11
   114.938675         9.34684344E-11
   115.023209         1.03468546E-10
   115.107735         1.12264920E-10
   115.192261         1.19570145E-10
   115.276794         1.25102498E-10
   115.361320         1.28592303E-10
   115.445847         1.29788263E-10
   115.530380         1.28464295E-10
   115.614906         1.24425914E-10
   115.699432         1.17516913E-10
   115.783966         1.07625422E-10
   115.868492         9.46897144E-11
   115.953018         7.87033633E-11
   116.037552         5.97197847E-11
   116.122078         3.78557498E-11
   116.206604         1.32941678E-11
   116.291130        -1.37144454E-11
   116.375664        -4.28515314E-11
   116.460190        -7.37314237E-11
   116.544716        -1.05903467E-10
   116.629250        -1.38855802E-10
   116.713776        -1.72020079E-10
   116.798302        -2.04778194E-10
   116.882835        -2.36469733E-10
   116.967361        -2.66401345E-10
   117.051888        -2.93856689E-10
   117.136421        -3.18108234E-10
   117.220947        -3.38429534E-10
   117.305473        -3.54108409E-10
   117.389999        -3.64461239E-10
   117.474533        -3.68847175E-10
   117.559059        -3.66683128E-10
   117.643585        -3.57458230E-10
   117.728119        -3.40748763E-10
   117.812645        -3.16232263E-10
   117.897171        -2.83700896E-10
   117.981705        -2.43073728E-10
   118.066231        -1.94408545E-10
   118.150757        -1.37910877E-10
   118.235291        -7.39423800E-11
   118.319817        -3.02659178E-12
   118.404343         7.41474590E-11
   118.488876         1.56724148E-10
   118.573402         2.43682713E-10
   118.657928         3.33841954E-10
   118.742455         4.25867341E-10
   118.826988         5.18281917E-10
   118.911514         6.09480022E-10
   118.996040         6.97744251E-10
   119.080574         7.81265941E-10
   119.165100         8.58168259E-10
   119.249626         9.26532739E-10
   119.334160         9.84428650E-10
   119.418686         1.02994457E-09
   119.503212         1.06122244E-09
   119.587746         1.07649434E-09
   119.672272         1.07411791E-09
   119.756798         1.05261744E-09
   119.841324         1.01072040E-09
   119.925858         9.47397383E-10
   120.010384         8.61899330E-10
   120.094910         7.53793250E-10
   120.179443         6.22997209E-10
   120.263969         4.69809747E-10
   120.348495         2.94937796E-10
   120.433029         9.95182062E-11
   120.517555        -1.14865104E-10
   120.602081        -3.46170842E-10
   120.686615        -5.91895810E-10
   120.771141        -8.49079473E-10
   120.855667        -1.11431575E-09
   120.940201        -1.38377221E-09
   121.024727        -1.65322078E-09
   121.109253        -1.91807570E-09
   121.193779        -2.17344054E-09
   121.278313        -2.41416620E-09
   121.362839        -2.63491562E-09
   121.447365        -2.83023849E-09
   121.531898        -2.99465408E-09
   121.616425        -3.12274095E-09
   121.700951        -3.20923221E-09
   121.785484        -3.24911809E-09
   121.870010        -3.23774740E-09
   121.954536        -3.17094084E-09
   122.039070        -3.04509262E-09
   122.123596        -2.85728263E-09
   122.208122        -2.60537725E-09
   122.292656        -2.28813057E-09
   122.377182        -1.90527505E-09
   122.461708        -1.45760748E-09
   122.546234        -9.47057766E-10
   122.630768        -3.76750103E-10
   122.715294         2.48952414E-10
   122.799820         9.24422761E-10
   122.884354         1.64276026E-09
   122.968880         2.39580200E-09
   123.053406         3.17415827E-09
   123.137939         3.96726518E-09
   123.222466         4.76346607E-09
   123.306992         5.55011193E-09
   123.391525         6.31368824E-09
   123.476051         7.03996639E-09
   123.560577         7.71417152E-09
   123.645103         8.32117930E-09
   123.729637         8.84572771E-09
   123.814163         9.27264754E-09
   123.898689         9.58710888E-09
   123.983223         9.77488490E-09
   124.067749         9.82260762E-09
   124.152275         9.71806102E-09
   124.236809         9.45043865E-09
   124.321335         9.01063668E-09
   124.405861         8.39150882E-09
   124.490395         7.58812124E-09
   124.574921         6.59801325E-09
   124.659447         5.42140022E-09
   124.743980         4.06137923E-09
   124.828506         2.52408983E-09
   124.913033         8.18850265E-10
   124.997559        -1.04174724E-09
   125.082092        -3.04178727E-09
   125.166618        -5.16202592E-09
   125.251144        -7.37993266E-09
   125.335678        -9.66978941E-09
   125.420204        -1.20028316E-08
   125.504730        -1.43474690E-08
   125.589264        -1.66695280E-08
   125.673790        -1.89325782E-08
   125.758316        -2.10983071E-08
   125.842850        -2.31269350E-08
   125.927376        -2.49776946E-08
   126.011902        -2.66093725E-08
   126.096436        -2.79808337E-08
   126.180962        -2.90516393E-08
   126.265488        -2.97827238E-08
   126.350014        -3.01369809E-08
   126.434547        -3.00799741E-08
   126.519073        -2.95806313E-08
   126.603600        -2.86119040E-08
   126.688133        -2.71514367E-08
   126.772659        -2.51822154E-08
   126.857185        -2.26931949E-08
   126.941719        -1.96798737E-08
   127.026245        -1.61448011E-08
   127.110771        -1.20980443E-08
   127.195305        -7.55757501E-09
   127.279831        -2.54956878E-09
   127.364357         2.89138802E-09
   127.448883         8.72219452E-09
   127.533417         1.48912322E-08
   127.617943         2.13384990E-08
   127.702469         2.79958279E-08
   127.787003         3.47872806E-08
   127.871529         4.16296295E-08
   127.956055         4.84330016E-08
   128.040588         5.51016015E-08
   128.125107         6.15346707E-08
   128.209641         6.76273899E-08
   128.294174         7.32721261E-08
   128.378693         7.83595624E-08
   128.463226         8.27801259E-08
   128.547760         8.64253735E-08
   128.632278         8.91895127E-08
   128.716812         9.09709499E-08
   128.801346         9.16739680E-08
   128.885864         9.12102394E-08
   128.970398         8.95006949E-08
   129.054932         8.64769731E-08
   129.139450         8.20831332E-08
   129.223984         7.62771819E-08
   129.308517         6.90326658E-08
   129.393036         6.03399570E-08
   129.477570         5.02076070E-08
   129.562103         3.86634902E-08
   129.646622         2.57558330E-08
   129.731155         1.15540315E-08
   129.815689        -3.85069443E-09
   129.900208        -2.03448618E-08
   129.984741        -3.77924998E-08
   130.069275        -5.60351232E-08
   130.153793        -7.48920144E-08
   130.238327        -9.41606686E-08
   130.322861        -1.13617567E-07
   130.407379        -1.33019057E-07
   130.491913        -1.52102714E-07
   130.576431        -1.70588748E-07
   130.660965        -1.88181630E-07
   130.745499        -2.04572203E-07
   130.830017        -2.19439599E-07
   130.914551        -2.32453786E-07
   130.999084        -2.43277867E-07
   131.083603        -2.51570924E-07
   131.168137        -2.56990774E-07
   131.252670        -2.59196753E-07
   131.337189        -2.57852690E-07
   131.421722        -2.52630201E-07
   131.506256        -2.43211360E-07
   131.590775        -2.29291928E-07
   131.675308        -2.10584275E-07
   131.759842        -1.86820259E-07
   131.844360        -1.57754002E-07
   131.928894        -1.23164568E-07
   132.013428        -8.28583282E-08
   132.097946        -3.66713806E-08
   132.182480         1.55286006E-08
   132.267014         7.38404822E-08
   132.351532         1.38328119E-07
   132.436066         2.09019348E-07
   132.520599         2.85904889E-07
   132.605118         3.68937890E-07
   132.689651         4.58033668E-07
   132.774185         5.53069867E-07
   132.858704         6.53887014E-07
   132.943237         7.60288799E-07
   133.027771         8.72044495E-07
   133.112289         9.88888701E-07
   133.196823         1.11052475E-06
   133.281342         1.23662585E-06
   133.365875         1.36683809E-06
   133.450409         1.50078267E-06
   133.534927         1.63805896E-06
   133.619461         1.77824791E-06
   133.703995         1.92091488E-06
   133.788513         2.06561367E-06
   133.873047         2.21189021E-06
   133.957581         2.35928542E-06
   134.042099         2.50733910E-06
   134.126633         2.65559470E-06
   134.211166         2.80360223E-06
   134.295685         2.95092218E-06
   134.380219         3.09712891E-06
   134.464752         3.24181474E-06
   134.549271         3.38459267E-06
   134.633804         3.52510006E-06
   134.718338         3.66300151E-06
   134.802856         3.79799098E-06
   134.887390         3.92979564E-06
   134.971924         4.05817627E-06
   135.056442         4.18293257E-06
   135.140976         4.30389991E-06
   135.225510         4.42095597E-06
   135.310028         4.53401572E-06
   135.394562         4.64303957E-06
   135.479095         4.74802800E-06
   135.563614         4.84902421E-06
   135.648148         4.94611231E-06
   135.732666         5.03941919E-06
   135.817200         5.12911038E-06
   135.901733         5.21539278E-06
   135.986252         5.29850877E-06
   136.070786         5.37873848E-06
   136.155319         5.45639477E-06
   136.239838         5.53182417E-06
   136.324371         5.60540002E-06
   136.408905         5.67752159E-06
   136.493423         5.74861451E-06
   136.577957         5.81911945E-06
   136.662491         5.88949479E-06
   136.747009         5.96021255E-06
   136.831543         6.03174885E-06
   136.916077         6.10458801E-06
   137.000595         6.17921251E-06
   137.085129         6.25609664E-06
   137.169662         6.33571062E-06
   137.254181         6.41850738E-06
   137.338715         6.50492075E-06
   137.423248         6.59535817E-06
   137.507767         6.69020301E-06
   137.592300         6.78980177E-06
   137.676834         6.89445642E-06
   137.761353         7.00443479E-06
   137.845886         7.11994744E-06
   137.930420         7.24115580E-06
   138.014938         7.36816037E-06
   138.099472         7.50100253E-06
   138.183990         7.63965545E-06
   138.268524         7.78401954E-06
   138.353058         7.93392610E-06
   138.437576         8.08912864E-06
   138.522110         8.24930157E-06
   138.606644         8.41403471E-06
   138.691162         8.58284511E-06
   138.775696         8.75515798E-06
   138.860229         8.93032211E-06
   138.944748         9.10760264E-06
   139.029282         9.28617919E-06
   139.113815         9.46516320E-06
   139.198334         9.64358424E-06
   139.282867         9.82040092E-06
   139.367401         9.99451368E-06
   139.451920         1.01647520E-05
   139.536453         1.03298980E-05
   139.620987         1.04886894E-05
   139.705505         1.06398184E-05
   139.790039         1.07819569E-05
   139.874573         1.09137436E-05
   139.959091         1.10338260E-05
   140.043625         1.11408381E-05
   140.128159         1.12334355E-05
   140.212677         1.13102933E-05
   140.297211         1.13701290E-05
   140.381744         1.14117047E-05
   140.466263         1.14338482E-05
   140.550797         1.14354571E-05
   140.635330         1.14155246E-05
   140.719849         1.13731312E-05
   140.804382         1.13074766E-05
   140.888901         1.12178786E-05
   140.973434         1.11037889E-05
   141.057968         1.09647981E-05
   141.142487         1.08006470E-05
   141.227020         1.06112366E-05
   141.311554         1.03966313E-05
   141.396072         1.01570668E-05
   141.480606         9.89295131E-06
   141.565140         9.60486977E-06
   141.649658         9.29358339E-06
   141.734192         8.96003348E-06
   141.818726         8.60532964E-06
   141.903244         8.23076152E-06
   141.987778         7.83777432E-06
   142.072311         7.42797329E-06
   142.156830         7.00311966E-06
   142.241364         6.56510429E-06
   142.325897         6.11595078E-06
   142.410416         5.65779737E-06
   142.494949         5.19287960E-06
   142.579483         4.72351167E-06
   142.664001         4.25207918E-06
   142.748535         3.78101413E-06
   142.833069         3.31277852E-06
   142.917587         2.84984003E-06
   143.002121         2.39465953E-06
   143.086655         1.94966833E-06
   143.171173         1.51724237E-06
   143.255707         1.09968983E-06
   143.340225         6.99225723E-07
   143.424759         3.17955056E-07
   143.509293        -4.21459738E-08
   143.593811        -3.79251105E-07
   143.678345        -6.91696073E-07
   143.762878        -9.77997161E-07
   143.847397        -1.23686209E-06
   143.931931        -1.46720720E-06
   144.016464        -1.66816301E-06
   144.100983        -1.83908321E-06
   144.185516        -1.97955342E-06
   144.270050        -2.08939468E-06
   144.354568        -2.16866374E-06
   144.439102        -2.21765617E-06
   144.523636        -2.23689881E-06
   144.608154        -2.22715039E-06
   144.692688        -2.18939203E-06
   144.777222        -2.12481814E-06
   144.861740        -2.03482500E-06
   144.946274        -1.92099719E-06
   145.030807        -1.78509526E-06
   145.115326        -1.62903621E-06
   145.199860        -1.45487365E-06
   145.284393        -1.26477960E-06
   145.368912        -1.06102527E-06
   145.453445        -8.45955640E-07
   145.537979        -6.21969605E-07
   145.622498        -3.91496684E-07
   145.707031        -1.56972931E-07
   145.791550         7.91824135E-08
   145.876083         3.14587794E-07
   145.960617         5.46922536E-07
   146.045135         7.73948216E-07
   146.129669         9.93528147E-07
   146.214203         1.20364825E-06
   146.298721         1.40243048E-06
   146.383255         1.58815430E-06
   146.467789         1.75926641E-06
   146.552307         1.91439426E-06
   146.636841         2.05235642E-06
   146.721375         2.17216916E-06
   146.805893         2.27305395E-06
   146.890427         2.35444122E-06
   146.974960         2.41596604E-06
   147.059479         2.45747447E-06
   147.144012         2.47901517E-06
   147.228546         2.48083484E-06
   147.313065         2.46337277E-06
   147.397598         2.42725082E-06
   147.482132         2.37326367E-06
   147.566650         2.30236333E-06
   147.651184         2.21564960E-06
   147.735718         2.11435372E-06
   147.820236         1.99982333E-06
   147.904770         1.87350372E-06
   147.989304         1.73692661E-06
   148.073822         1.59168712E-06
   148.158356         1.43942759E-06
   148.242874         1.28182444E-06
   148.327408         1.12056500E-06
   148.411942         9.57338102E-07
   148.496460         7.93811409E-07
   148.580994         6.31621162E-07
   148.665527         4.72358039E-07
   148.750046         3.17551866E-07
   148.834579         1.68659582E-07
   148.919113         2.70569807E-08
   149.003632        -1.05972426E-07
   149.088165        -2.29246822E-07
   149.172699        -3.41692186E-07
   149.257217        -4.42348920E-07
   149.341751        -5.30376383E-07
   149.426285        -6.05056982E-07
   149.510803        -6.65798439E-07
   149.595337        -7.12136398E-07
   149.679871        -7.43733665E-07
   149.764389        -7.60379635E-07
   149.848923        -7.61991885E-07
   149.933456        -7.48609295E-07
   150.017975        -7.20393700E-07
   150.102509        -6.77624996E-07
   150.187042        -6.20695857E-07
   150.271561        -5.50110713E-07
   150.356094        -4.66479094E-07
   150.440628        -3.70509071E-07
   150.525146        -2.63004409E-07
   150.609680        -1.44858006E-07
   150.694214        -1.70435737E-08
   150.778732         1.19386712E-07
   150.863266         2.63313041E-07
   150.947784         4.13552897E-07
   151.032318         5.68869496E-07
   151.116852         7.27976897E-07
   151.201370         8.89551927E-07
   151.285904         1.05223785E-06
   151.370438         1.21465655E-06
   151.454956         1.37541281E-06
   151.539490         1.53310748E-06
   151.624023         1.68634267E-06
   151.708542         1.83373334E-06
   151.793076         1.97391569E-06
   151.877609         2.10555572E-06
   151.962128         2.22736048E-06
   152.046661         2.33808760E-06
   152.131195         2.43655268E-06
   152.215714         2.52164023E-06
   152.300247         2.59231615E-06
   152.384781         2.64763025E-06
   152.469299         2.68672989E-06
   152.553833         2.70886540E-06
   152.638367         2.71339923E-06
   152.722885         2.69981069E-06
   152.807419         2.66770780E-06
   152.891953         2.61682226E-06
   152.976471         2.54702627E-06
   153.061005         2.45832598E-06
   153.145538         2.35087123E-06
   153.230057         2.22494828E-06
   153.314590         2.08098959E-06
   153.399109         1.91956701E-06
   153.483643         1.74138847E-06
   153.568176         1.54729776E-06
   153.652695         1.33826552E-06
   153.737228         1.11538498E-06
   153.821762         8.79863194E-07
   153.906281         6.33013144E-07
   153.990814         3.76241474E-07
   154.075348         1.11038382E-07
   154.159866        -1.61034095E-07
   154.244400        -4.38356579E-07
   154.328934        -7.19266097E-07
   154.413452        -1.00207080E-06
   154.497986        -1.28506542E-06
   154.582520        -1.56654721E-06
   154.667038        -1.84483054E-06
   154.751572        -2.11826591E-06
   154.836105        -2.38525240E-06
   154.920624        -2.64425557E-06
   155.005157        -2.89382274E-06
   155.089691        -3.13259557E-06
   155.174210        -3.35932668E-06
   155.258743        -3.57288991E-06
   155.343277        -3.77229298E-06
   155.427795        -3.95668849E-06
   155.512329        -4.12538111E-06
   155.596863        -4.27783743E-06
   155.681381        -4.41369002E-06
   155.765915        -4.53274242E-06
   155.850433        -4.63497054E-06
   155.934967        -4.72052261E-06
   156.019501        -4.78972015E-06
