  -4.50000000         0.00000000    
  -4.41547155         0.00000000    
  -4.33094311         0.00000000    
  -4.24641466         0.00000000    
  -4.16188622         0.00000000    
  -4.07735777         0.00000000    
  -3.99282932         0.00000000    
  -3.90830088         0.00000000    
  -3.82377243         0.00000000    
  -3.73924398         0.00000000    
  -3.65471554         0.00000000    
  -3.57018733         0.00000000    
  -3.48565888         0.00000000    
  -3.40113044         0.00000000    
  -3.31660199         0.00000000    
  -3.23207355         0.00000000    
  -3.14754510         0.00000000    
  -3.06301665         0.00000000    
  -2.97848821         0.00000000    
  -2.89395976         0.00000000    
  -2.80943131         0.00000000    
  -2.72490287         0.00000000    
  -2.64037442         0.00000000    
  -2.55584598         0.00000000    
  -2.47131753         0.00000000    
  -2.38678908         0.00000000    
  -2.30226064        -9.18925352E-34
  -2.21773219        -2.04222289E-33
  -2.13320374        -8.45780951E-34
  -2.04867530         2.22608214E-32
  -1.96414697         3.12397468E-32
  -1.87961853         7.20801792E-32
  -1.79509008         1.83797640E-31
  -1.71056163         4.09241917E-31
  -1.62603319         7.76361592E-31
  -1.54150474         1.33572110E-30
  -1.45697629         2.14455591E-30
  -1.37244797         3.11714902E-30
  -1.28791952         4.06496291E-30
  -1.20339108         4.32592228E-30
  -1.11886263         2.49346351E-30
  -1.03433418         4.24664656E-30
 -0.949805737         8.19708886E-30
 -0.865277290         1.66103145E-30
 -0.780748844        -1.74141638E-29
 -0.696220458        -5.06900970E-29
 -0.611692011        -1.14519779E-28
 -0.527163565        -2.32552430E-28
 -0.442635119        -4.35089097E-28
 -0.358106703        -7.54000177E-28
 -0.273578256        -1.23001808E-27
 -0.189049825        -1.89484024E-27
 -0.104521386        -2.77010048E-27
  -1.99929532E-02    -3.85043778E-27
   6.45354837E-02    -5.09455309E-27
  0.149063915        -6.40883041E-27
  0.233592346        -7.64494194E-27
  0.318120778        -8.59010746E-27
  0.402649224        -8.97419798E-27
  0.487177670        -8.47771636E-27
  0.571706116        -6.76824553E-27
  0.656234503        -3.54549181E-27
  0.740762949         1.39225899E-27
  0.825291395         8.06227478E-27
  0.909819841         1.61967180E-26
  0.994348288         2.51342609E-26
   1.07887673         3.37173665E-26
   1.16340518         4.02128194E-26
   1.24793363         4.22787075E-26
   1.33246195         3.70058564E-26
   1.41699040         2.10634721E-26
   1.50151885        -9.02248490E-27
   1.58604729        -5.64364589E-26
   1.67057574        -1.23478857E-25
   1.75510418        -2.10821351E-25
   1.83963263        -3.16657815E-25
   1.92416108        -4.35827654E-25
   2.00868940        -5.59032887E-25
   2.09321785        -6.72304932E-25
   2.17774630        -7.56911250E-25
   2.26227474        -7.89898356E-25
   2.34680319        -7.45452453E-25
   2.43133163        -5.97204486E-25
   2.51586008        -3.21502826E-25
   2.60038853         9.84715963E-26
   2.68491697         6.68058937E-25
   2.76944542         1.37648408E-24
   2.85397387         2.19296883E-24
   2.93850231         3.06454180E-24
   3.02303076         3.91656778E-24
   3.10755920         4.65699933E-24
   3.19208765         5.18513698E-24
   3.27661610         5.40521300E-24
   3.36114454         5.24448377E-24
   3.44567299         4.67453216E-24
   3.53020120         3.73347198E-24
   3.61472964         2.54559596E-24
   3.69925809         1.33393707E-24
   3.78378654         4.20548109E-25
   3.86831498         2.09073236E-25
   3.95284343         1.14484031E-24
   4.03737211         3.64920152E-24
   4.12190056         8.02764105E-24
   4.20642900         1.43547962E-23
   4.29095745         2.23445798E-23
   4.37548542         3.12184509E-23
   4.46001387         3.95911870E-23
   4.54454231         4.53967994E-23
   4.62907076         4.58823748E-23
   4.71359921         3.76965577E-23
   4.79812765         1.70982698E-23
   4.88265610        -1.96961623E-23
   4.96718454        -7.60192753E-23
   5.05171299        -1.54120146E-22
   5.13624144        -2.54418497E-22
   5.22076988        -3.74694869E-22
   5.30529833        -5.09283653E-22
   5.38982677        -6.48363188E-22
   5.47435522        -7.77449004E-22
   5.55888367        -8.77211307E-22
   5.64341211        -9.23737793E-22
   5.72794056        -8.89355070E-22
   5.81246901        -7.44101922E-22
   5.89699745        -4.57907881E-22
   5.98152590        -3.48451655E-24
   6.06605434         6.40127732E-22
   6.15058279         1.48349522E-21
   6.23511124         2.52241983E-21
   6.31963968         3.73358228E-21
   6.40416813         5.07057071E-21
   6.48869658         6.46080484E-21
   6.57322502         7.80382466E-21
   6.65775347         8.97156215E-21
   6.74228191         9.81107939E-21
   6.82681036         1.01502679E-20
   6.91133881         9.80680212E-21
   6.99586725         8.60053206E-21
   7.08039570         6.36905282E-21
   7.16492414         2.98610384E-21
   7.24945259        -1.61822953E-21
   7.33398104        -7.43662997E-21
   7.41850948        -1.43647474E-20
   7.50303793        -2.21842764E-20
   7.58756638        -3.05512503E-20
   7.67209482        -3.89914814E-20
   7.75662327        -4.69053865E-20
   7.84115171        -5.35837229E-20
   7.92567968        -5.82352406E-20
   8.01020813        -6.00268168E-20
   8.09473705        -5.81352099E-20
   8.17926502        -5.18088809E-20
   8.26379395        -4.04376387E-20
   8.34832191        -2.36263204E-20
   8.43285084        -1.26856154E-21
   8.51737881         2.63839386E-20
   8.60190773         5.86618460E-20
   8.68643570         9.44330067E-20
   8.77096462         1.32077441E-19
   8.85549259         1.69486038E-19
   8.94002151         2.04088450E-19
   9.02454948         2.32914260E-19
   9.10907841         2.52690959E-19
   9.19360638         2.59981703E-19
   9.27813530         2.51365015E-19
   9.36266327         2.23657540E-19
   9.44719219         1.74178052E-19
   9.53172016         1.01047472E-19
   9.61624908         3.51627653E-21
   9.70077705        -1.17694321E-19
   9.78530502        -2.60059691E-19
   9.86983395        -4.18952686E-19
   9.95436192        -5.87411765E-19
   10.0388908        -7.56014749E-19
   10.1234188        -9.12899065E-19
   10.2079477        -1.04396893E-18
   10.2924757        -1.13332667E-18
   10.3770046        -1.16395769E-18
   10.4615326        -1.11867772E-18
   10.5460615        -9.81347640E-19
   10.6305895        -7.38317633E-19
   10.7151184        -3.80061988E-19
   10.7996464         9.70858201E-20
   10.8841753         6.89194479E-19
   10.9687033         1.38311278E-18
   11.0532322         2.15512541E-18
   11.1377602         2.97000522E-18
   11.2222891         3.78065339E-18
   11.3068171         4.52844328E-18
   11.3913460         5.14439009E-18
   11.4758739         5.55127485E-18
   11.5604029         5.66674968E-18
   11.6449308         5.40745255E-18
   11.7294598         4.69412590E-18
   11.8139877         3.45759015E-18
   11.8985167         1.64552611E-18
   11.9830446        -7.70215320E-19
   12.0675735        -3.78601766E-18
   12.1521015        -7.35892216E-18
   12.2366304        -1.13994786E-17
   12.3211584        -1.57655397E-17
   12.4056873        -2.02575043E-17
   12.4902153        -2.46156923E-17
   12.5747442        -2.85205324E-17
   12.6592722        -3.15962910E-17
   12.7438011        -3.34193243E-17
   12.8283291        -3.35314073E-17
   12.9128580        -3.14589923E-17
   12.9973860        -2.67388581E-17
   13.0819149        -1.89505060E-17
   13.1664429        -7.75491420E-18
   13.2509708         7.06084266E-18
   13.3354998         2.55347016E-17
   13.4200277         4.74785591E-17
   13.5045567         7.24283580E-17
   13.5890846         9.95988720E-17
   13.6736135         1.27848744E-16
   13.7581415         1.55660648E-16
   13.8426704         1.81142469E-16
   13.9271984         2.02056070E-16
   14.0117273         2.15877676E-16
   14.0962553         2.19895087E-16
   14.1807842         2.11343085E-16
   14.2653122         1.87577696E-16
   14.3498411         1.46284350E-16
   14.4343691         8.57147249E-17
   14.5188980         4.93960126E-18
   14.6034260        -9.58953528E-17
   14.6879549        -2.15331247E-16
   14.7724829        -3.50394105E-16
   14.8570118        -4.96453475E-16
   14.9415398        -6.47163400E-16
   15.0260687        -7.94508434E-16
   15.1105967        -9.28970044E-16
   15.1951256        -1.03982770E-15
   15.2796535        -1.11559755E-15
   15.3641825        -1.14460420E-15
   15.4487104        -1.11567199E-15
   15.5332394        -1.01890768E-15
   15.6177673        -8.46541721E-16
   15.7022963        -5.93779255E-16
   15.7868242        -2.59610384E-16
   15.8713531         1.52483070E-16
   15.9558811         6.33976103E-16
   16.0404091         1.17097138E-15
   16.1249390         1.74413899E-15
   16.2094669         2.32896812E-15
   16.2939949         2.89636055E-15
   16.3785229         3.41357433E-15
   16.4630527         3.84550798E-15
   16.5475807         4.15631105E-15
   16.6321087         4.31123761E-15
   16.7166367         4.27871112E-15
   16.8011646         4.03247102E-15
   16.8856945         3.55372080E-15
   16.9702225         2.83314225E-15
   17.0547504         1.87264754E-15
   17.1392784         6.86746097E-16
   17.2238083        -6.96607625E-16
   17.3083363        -2.23577819E-15
   17.3928642        -3.87595162E-15
   17.4773922        -5.55039599E-15
   17.5619221        -7.18254547E-15
   17.6464500        -8.68886736E-15
   17.7309780        -9.98246963E-15
   17.8155060        -1.09773208E-14
   17.9000359        -1.15929393E-14
   17.9845638        -1.17593152E-14
   18.0690918        -1.14218615E-14
   18.1536198        -1.05460286E-14
   18.2381496        -9.12137001E-15
   18.3226776        -7.16468748E-15
   18.4072056        -4.72195499E-15
   18.4917336        -1.86881006E-15
   18.5762634         1.29065036E-15
   18.6607914         4.62685014E-15
   18.7453194         7.98955611E-15
   18.8298473         1.12144799E-14
   18.9143772         1.41314132E-14
   18.9989052         1.65736599E-14
   19.0834332         1.83882298E-14
   19.1679611         1.94463823E-14
   19.2524910         1.96538003E-14
   19.3370190         1.89597246E-14
   19.4215469         1.73643940E-14
   19.5060749         1.49241073E-14
   19.5906048         1.17532733E-14
   19.6751328         8.02290973E-15
   19.7596607         3.95547276E-15
   19.8441887        -1.84502186E-16
   19.9287186        -4.10329229E-15
   20.0132465        -7.49453905E-15
   20.0977745        -1.00586365E-14
   20.1823025        -1.15238638E-14
   20.2668324        -1.16685192E-14
   20.3513603        -1.03423053E-14
   20.4358883        -7.48594505E-15
   20.5204163        -3.14732456E-15
   20.6049442         2.50721562E-15
   20.6894741         9.18764864E-15
   20.7740021         1.64821397E-14
   20.8585300         2.38667135E-14
   20.9430580         3.07230166E-14
   21.0275879         3.63637478E-14
   21.1121159         4.00655529E-14
   21.1966438         4.11078676E-14
   21.2811718         3.88161285E-14
   21.3657017         3.26078208E-14
   21.4502296         2.20385115E-14
   21.5347576         6.84632252E-15
   21.6192856        -1.30085880E-14
   21.7038155        -3.73105003E-14
   21.7883434        -6.55642058E-14
   21.8728714        -9.69811660E-14
   21.9573994        -1.30478148E-13
   22.0419292        -1.64688440E-13
   22.1264572        -1.97987731E-13
   22.2109852        -2.28532796E-13
   22.2955132        -2.54314880E-13
   22.3800430        -2.73225182E-13
   22.4645710        -2.83132919E-13
   22.5490990        -2.81973744E-13
   22.6336269        -2.67846726E-13
   22.7181568        -2.39117780E-13
   22.8026848        -1.94526659E-13
   22.8872128        -1.33295054E-13
   22.9717407        -5.52303835E-14
   23.0562706         3.91783841E-14
   23.1407986         1.48676807E-13
   23.2253265         2.71179916E-13
   23.3098545         4.03731112E-13
   23.3943844         5.42491453E-13
   23.4789124         6.82763037E-13
   23.5634403         8.19055110E-13
   23.6479683         9.45192275E-13
   23.7324982         1.05447118E-12
   23.8170261         1.13986370E-12
   23.9015541         1.19426550E-12
   23.9860821         1.21078690E-12
   24.0706100         1.18307436E-12
   24.1551399         1.10565929E-12
   24.2396679         9.74314162E-13
   24.3241959         7.86405067E-13
   24.4087238         5.41223912E-13
   24.4932537         2.40279720E-13
   24.5777817        -1.12470105E-13
   24.6623096        -5.10459188E-13
   24.7468376        -9.44446669E-13
   24.8313675        -1.40256513E-12
   24.9158955        -1.87046559E-12
   25.0004234        -2.33160951E-12
   25.0849514        -2.76766262E-12
   25.1694813        -3.15902491E-12
   25.2540092        -3.48546149E-12
   25.3385372        -3.72683264E-12
   25.4230652        -3.86390095E-12
   25.5075951        -3.87918517E-12
   25.5921230        -3.75783432E-12
   25.6766510        -3.48849422E-12
   25.7611790        -3.06412187E-12
   25.8457088        -2.48271911E-12
   25.9302368        -1.74793741E-12
   26.0147648        -8.69540225E-13
   26.0992928         1.36338559E-13
   26.1838226         1.24713683E-12
   26.2683506         2.43407443E-12
   26.3528786         3.66257979E-12
   26.4374065         4.89302869E-12
   26.5219364         6.08170155E-12
   26.6064644         7.18203795E-12
   26.6909924         8.14608624E-12
   26.7755203         8.92617404E-12
   26.8600502         9.47673624E-12
   26.9445782         9.75622014E-12
   27.0291061         9.72905697E-12
   27.1136341         9.36756662E-12
   27.1981640         8.65377214E-12
   27.2826920         7.58097491E-12
   27.3672199         6.15507992E-12
   27.4517479         4.39552344E-12
   27.5362759         2.33576092E-12
   27.6208057         2.32458350E-14
   27.7053337        -2.48116501E-12
   27.7898617        -5.10437656E-12
   27.8743896        -7.76283465E-12
   27.9589195        -1.03648852E-11
   28.0434475        -1.28136364E-11
   28.1279755        -1.50103020E-11
   28.2125034        -1.68578745E-11
   28.2970333        -1.82650284E-11
   28.3815613        -1.91500791E-11
   28.4660892        -1.94448364E-11
   28.5506172        -1.90982317E-11
   28.6351471        -1.80794494E-11
   28.7196751        -1.63804855E-11
   28.8042030        -1.40179587E-11
   28.8887310        -1.10340296E-11
   28.9732609        -7.49636811E-12
   29.0577888        -3.49713509E-12
   29.1423168         8.49092823E-13
   29.2268448         5.40834565E-12
   29.3113747         1.00312120E-11
   29.3959026         1.45575722E-11
   29.4804306         1.88219492E-11
   29.5649586         2.26593379E-11
   29.6494884         2.59113165E-11
   29.7340164         2.84320761E-11
   29.8185444         3.00943818E-11
   29.9030724         3.07950575E-11
   29.9876022         3.04598742E-11
   30.0721302         2.90476029E-11
   30.1566582         2.65530636E-11
   30.2411861         2.30091033E-11
   30.3257160         1.84872725E-11
   30.4102440         1.30971987E-11
   30.4947720         6.98464463E-12
   30.5792999         3.28179676E-13
   30.6638298        -6.66541041E-12
   30.7483578        -1.37669503E-11
   30.8328857        -2.07316976E-11
   30.9174137        -2.73071444E-11
   31.0019417        -3.32413715E-11
   31.0864716        -3.82919529E-11
   31.1709995        -4.22348823E-11
   31.2555275        -4.48732336E-11
   31.3400555        -4.60455632E-11
   31.4245853        -4.56332784E-11
   31.5091133        -4.35668238E-11
   31.5936413        -3.98306908E-11
   31.6781693        -3.44663777E-11
   31.7626991        -2.75738356E-11
   31.8472271        -1.93104664E-11
   31.9317551        -9.88845117E-12
   32.0162849         4.30409858E-13
   32.1008110         1.13415345E-11
   32.1853409         2.25065192E-11
   32.2698708         3.35634610E-11
   32.3543968         4.41386198E-11
   32.4389267         5.38589902E-11
   32.5234528         6.23652033E-11
   32.6079826         6.93244975E-11
   32.6925125         7.44432363E-11
   32.7770386         7.74782183E-11
   32.8615685         7.82468534E-11
   32.9460983         7.66351982E-11
   33.0306244         7.26043531E-11
   33.1151543         6.61934049E-11
   33.1996803         5.75207972E-11
   33.2842102         4.67821476E-11
   33.3687401         3.42455127E-11
   33.4532661         2.02440096E-11
   33.5377960         5.16576105E-12
   33.6223259        -1.05585913E-11
   33.7068520        -2.64702392E-11
   33.7913818        -4.20976760E-11
   33.8759079        -5.69739325E-11
   33.9604378        -7.06534969E-11
   34.0449677        -8.27299271E-11
   34.1294937        -9.28520039E-11
   34.2140236        -1.00738994E-10
   34.2985535        -1.06193991E-10
   34.3830795        -1.09114502E-10
   34.4676094        -1.09500388E-10
   34.5521355        -1.07457938E-10
   34.6366653        -1.03200615E-10
   34.7211952        -9.70457464E-11
   34.8057213        -8.94064683E-11
   34.8902512        -8.07804448E-11
   34.9747772        -7.17341672E-11
   35.0593071        -6.28826366E-11
   35.1438370        -5.48676729E-11
   35.2283630        -4.83306103E-11
   35.3128929        -4.38858672E-11
   35.3974228        -4.20900051E-11
   35.4819489        -4.34120795E-11
   35.5664787        -4.82019702E-11
   35.6510048        -5.66629174E-11
   35.7355347        -6.88214138E-11
   35.8200645        -8.45036194E-11
   35.9045906        -1.03313531E-10
   35.9891205        -1.24615748E-10
   36.0736504        -1.47523896E-10
   36.1581764        -1.70895520E-10
   36.2427063        -1.93332850E-10
   36.3272324        -2.13192769E-10
   36.4117622        -2.28603983E-10
   36.4962921        -2.37493913E-10
   36.5808182        -2.37625392E-10
   36.6653481        -2.26642802E-10
   36.7498779        -2.02130201E-10
   36.8344040        -1.61679031E-10
   36.9189339        -1.02967739E-10
   37.0034599        -2.38498440E-11
   37.0879898         7.75433259E-11
   37.1725197         2.02693293E-10
   37.2570457         3.52580160E-10
   37.3415756         5.27555277E-10
   37.4261055         7.27216176E-10
   37.5106316         9.50277412E-10
   37.5951614         1.19444643E-09
   37.6796875         1.45630663E-09
   37.7642174         1.73121317E-09
   37.8487473         2.01320716E-09
   37.9332733         2.29495045E-09
   38.0178032         2.56769805E-09
   38.1023293         2.82130297E-09
   38.1868591         3.04426018E-09
   38.2713890         3.22380878E-09
   38.3559151         3.34607742E-09
   38.4404449         3.39629680E-09
   38.5249748         3.35906325E-09
   38.6095009         3.21867022E-09
   38.6940308         2.95949643E-09
   38.7785568         2.56645571E-09
   38.8630867         2.02549200E-09
   38.9476166         1.32412792E-09
   39.0321426         4.52043125E-10
   39.1166725        -5.98324834E-10
   39.2012024        -1.83115967E-09
   39.2857285        -3.24666849E-09
   39.3702583        -4.84049600E-09
   39.4547844        -6.60317623E-09
   39.5393143        -8.51967652E-09
   39.6238441        -1.05689759E-08
   39.7083702        -1.27238087E-08
   39.7929001        -1.49504693E-08
   39.8774300        -1.72088015E-08
   39.9619560        -1.94523277E-08
   40.0464859        -2.16285567E-08
   40.1310120        -2.36794744E-08
   40.2155418        -2.55422190E-08
   40.3000717        -2.71499498E-08
   40.3845978        -2.84329378E-08
   40.4691277        -2.93197893E-08
   40.5536575        -2.97389047E-08
   40.6381836        -2.96200398E-08
   40.7227135        -2.88960713E-08
   40.8072395        -2.75047860E-08
   40.8917694        -2.53908361E-08
   40.9762993        -2.25076473E-08
   41.0608253        -1.88194047E-08
   41.1453552        -1.43029046E-08
   41.2298851        -8.94938967E-09
   41.3144112        -2.76615864E-09
   41.3989410         4.22197655E-09
   41.4834671         1.19714985E-08
   41.5679970         2.04193285E-08
   41.6525269         2.94822957E-08
   41.7370529         3.90569745E-08
   41.8215828         4.90200733E-08
   41.9061089         5.92291443E-08
   41.9906387         6.95238924E-08
   42.0751686         7.97280535E-08
   42.1596947         8.96515076E-08
   42.2442245         9.90933771E-08
   42.3287544         1.07845139E-07
   42.4132805         1.15694633E-07
   42.4978104         1.22430180E-07
   42.5823364         1.27845283E-07
   42.6668663         1.31743661E-07
   42.7513962         1.33944411E-07
   42.8359222         1.34287433E-07
   42.9204521         1.32639016E-07
   43.0049820         1.28897057E-07
   43.0895081         1.22996710E-07
   43.1740379         1.14915188E-07
   43.2585640         1.04676595E-07
   43.3430939         9.23561174E-08
   43.4276237         7.80836373E-08
   43.5121498         6.20466594E-08
   43.5966797         4.44922392E-08
   43.6812096         2.57282320E-08
   43.7657356         6.12334983E-09
   43.8502655        -1.38938718E-08
   43.9347916        -3.38371606E-08
   44.0193214        -5.31658984E-08
   44.1038513        -7.12896338E-08
   44.1883774        -8.75738948E-08
   44.2729073        -1.01347126E-07
   44.3574371        -1.11908776E-07
   44.4419632        -1.18538409E-07
   44.5264931        -1.20505874E-07
   44.6110191        -1.17082287E-07
   44.6955490        -1.07551600E-07
   44.7800789        -9.12228657E-08
   44.8646049        -6.74427909E-08
   44.9491348        -3.56083838E-08
   45.0336647         4.82029883E-09
   45.1181908         5.43078222E-08
   45.2027206         1.13231430E-07
   45.2872467         1.81869936E-07
   45.3717766         2.60393449E-07
   45.4563065         3.48854314E-07
   45.5408325         4.47179417E-07
   45.6253624         5.55163979E-07
   45.7098885         6.72467252E-07
   45.7944183         7.98609733E-07
   45.8789482         9.32973137E-07
   45.9634743         1.07480116E-06
   46.0480042         1.22320307E-06
   46.1325340         1.37716154E-06
   46.2170601         1.53553833E-06
   46.3015900         1.69708449E-06
   46.3861160         1.86045384E-06
   46.4706459         2.02421688E-06
   46.5551758         2.18687410E-06
   46.6397018         2.34687718E-06
   46.7242317         2.50264316E-06
   46.8087616         2.65257631E-06
   46.8932877         2.79509072E-06
   46.9778175         2.92862524E-06
   47.0623436         3.05166805E-06
   47.1468735         3.16277851E-06
   47.2314034         3.26060240E-06
   47.3159294         3.34389506E-06
   47.4004593         3.41153873E-06
   47.4849892         3.46255661E-06
   47.5695152         3.49612947E-06
   47.6540451         3.51160634E-06
   47.7385712         3.50851565E-06
   47.8231010         3.48657159E-06
   47.9076309         3.44568161E-06
   47.9921570         3.38594191E-06
   48.0766869         3.30764237E-06
   48.1612167         3.21125822E-06
   48.2457428         3.09744519E-06
   48.3302727         2.96702910E-06
   48.4147987         2.82098949E-06
   48.4993286         2.66045413E-06
   48.5838585         2.48666720E-06
   48.6683846         2.30098431E-06
   48.7529144         2.10483745E-06
   48.8374405         1.89972559E-06
   48.9219704         1.68718282E-06
   49.0065002         1.46875470E-06
   49.0910263         1.24597796E-06
   49.1755562         1.02035835E-06
   49.2600861         7.93339098E-07
   49.3446121         5.66290566E-07
   49.4291420         3.40481932E-07
   49.5136681         1.17067820E-07
   49.5981979        -1.02928610E-07
   49.6827278        -3.18629333E-07
   49.7672539        -5.29308750E-07
   49.8517838        -7.34404125E-07
   49.9363136        -9.33517470E-07
   50.0208397        -1.12641487E-06
   50.1053696        -1.31302806E-06
   50.1898956        -1.49344055E-06
   50.2744255        -1.66789221E-06
   50.3589554        -1.83675058E-06
   50.4434814        -2.00050954E-06
   50.5280113        -2.15976956E-06
   50.6125412        -2.31521722E-06
   50.6970673        -2.46760715E-06
   50.7815971        -2.61773971E-06
   50.8661232        -2.76644528E-06
   50.9506531        -2.91455149E-06
   51.0351830        -3.06287575E-06
   51.1197090        -3.21219773E-06
   51.2042389        -3.36324183E-06
   51.2887688        -3.51665949E-06
   51.3732948        -3.67301800E-06
   51.4578247        -3.83278211E-06
   51.5423508        -3.99631244E-06
   51.6268806        -4.16385183E-06
   51.7114105        -4.33552168E-06
   51.7959366        -4.51132792E-06
   51.8804665        -4.69115412E-06
   51.9649963        -4.87477382E-06
   52.0495224        -5.06185552E-06
   52.1340523        -5.25196720E-06
   52.2185783        -5.44460181E-06
   52.3031082        -5.63918229E-06
   52.3876381        -5.83507290E-06
   52.4721642        -6.03160925E-06
   52.5566940        -6.22809921E-06
   52.6412201        -6.42385839E-06
   52.7257500        -6.61820650E-06
   52.8102798        -6.81050051E-06
   52.8948059        -7.00013970E-06
   52.9793358        -7.18657793E-06
   53.0638657        -7.36934226E-06
   53.1483917        -7.54802841E-06
   53.2329216        -7.72232033E-06
   53.3174477        -7.89198657E-06
   53.4019775        -8.05687614E-06
   53.4865074        -8.21692356E-06
   53.5710335        -8.37214520E-06
   53.6555634        -8.52262201E-06
   53.7400932        -8.66850132E-06
   53.8246193        -8.80997686E-06
   53.9091492        -8.94728601E-06
   53.9936752        -9.08068250E-06
   54.0782051        -9.21043738E-06
   54.1627350        -9.33681349E-06
   54.2472610        -9.46006367E-06
   54.3317909        -9.58039800E-06
   54.4163208        -9.69800658E-06
   54.5008469        -9.81300855E-06
   54.5853767        -9.92549212E-06
   54.6699028        -1.00354664E-05
   54.7544327        -1.01428905E-05
   54.8389626        -1.02476697E-05
   54.9234886        -1.03496532E-05
   55.0080185        -1.04486489E-05
   55.0925484        -1.05444315E-05
   55.1770744        -1.06367615E-05
   55.2616043        -1.07254000E-05
   55.3461304        -1.08101276E-05
   55.4306602        -1.08907589E-05
   55.5151901        -1.09671746E-05
   55.5997162        -1.10393385E-05
   55.6842461        -1.11073159E-05
   55.7687759        -1.11712934E-05
   55.8533020        -1.12316002E-05
   55.9378319        -1.12887255E-05
   56.0223579        -1.13433216E-05
   56.1068878        -1.13962315E-05
   56.1914177        -1.14484665E-05
   56.2759438        -1.15012281E-05
   56.3604736        -1.15558969E-05
   56.4449997        -1.16140145E-05
   56.5295296        -1.16772717E-05
   56.6140594        -1.17474856E-05
   56.6985855        -1.18265816E-05
   56.7831154        -1.19165443E-05
   56.8676453        -1.20193963E-05
   56.9521713        -1.21371449E-05
   57.0367012        -1.22717502E-05
   57.1212273        -1.24250710E-05
   57.2057571        -1.25988208E-05
   57.2902870        -1.27945177E-05
   57.3748131        -1.30134367E-05
   57.4593430        -1.32565692E-05
   57.5438728        -1.35245746E-05
   57.6283989        -1.38177429E-05
   57.7129288        -1.41359624E-05
   57.7974548        -1.44786909E-05
   57.8819847        -1.48449381E-05
   57.9665146        -1.52332468E-05
   58.0510406        -1.56416900E-05
   58.1355705        -1.60678810E-05
   58.2201004        -1.65089768E-05
   58.3046265        -1.69617088E-05
   58.3891563        -1.74224206E-05
   58.4736824        -1.78870851E-05
   58.5582123        -1.83513766E-05
   58.6427422        -1.88107351E-05
   58.7272682        -1.92604057E-05
   58.8117981        -1.96955207E-05
   58.8963280        -2.01111889E-05
   58.9808540        -2.05025535E-05
   59.0653839        -2.08649017E-05
   59.1499100        -2.11937258E-05
   59.2344398        -2.14848114E-05
   59.3189697        -2.17343331E-05
   59.4034958        -2.19389131E-05
   59.4880257        -2.20957099E-05
   59.5725517        -2.22024828E-05
   59.6570816        -2.22576436E-05
   59.7416115        -2.22603121E-05
   59.8261375        -2.22103572E-05
   59.9106674        -2.21084374E-05
   59.9951973        -2.19559970E-05
   60.0797234        -2.17552915E-05
   60.1642532        -2.15093678E-05
   60.2487793        -2.12220621E-05
   60.3333092        -2.08979509E-05
   60.4178391        -2.05423094E-05
   60.5023651        -2.01610710E-05
   60.5868950        -1.97607424E-05
   60.6714249        -1.93483374E-05
   60.7559509        -1.89312777E-05
   60.8404808        -1.85173158E-05
   60.9250069        -1.81144078E-05
   61.0095367        -1.77306283E-05
   61.0940666        -1.73740464E-05
   61.1785927        -1.70525964E-05
   61.2631226        -1.67739945E-05
   61.3476524        -1.65455822E-05
   61.4321785        -1.63742388E-05
   61.5167084        -1.62662600E-05
   61.6012344        -1.62272445E-05
   61.6857643        -1.62620181E-05
   61.7702942        -1.63745099E-05
   61.8548203        -1.65677011E-05
   61.9393501        -1.68435381E-05
   62.0238800        -1.72028758E-05
   62.1084061        -1.76454487E-05
   62.1929359        -1.81698197E-05
   62.2774620        -1.87733804E-05
   62.3619919        -1.94523527E-05
   62.4465218        -2.02017982E-05
   62.5310478        -2.10156650E-05
   62.6155777        -2.18868354E-05
   62.7001076        -2.28071749E-05
   62.7846336        -2.37676504E-05
   62.8691635        -2.47583976E-05
   62.9536896        -2.57688407E-05
   63.0382195        -2.67878258E-05
   63.1227493        -2.78037460E-05
   63.2072754        -2.88046995E-05
   63.2918053        -2.97786282E-05
   63.3763313        -3.07134906E-05
   63.4608612        -3.15974103E-05
   63.5453911        -3.24188732E-05
   63.6299171        -3.31668380E-05
   63.7144470        -3.38309655E-05
   63.7989769        -3.44017026E-05
   63.8835030        -3.48705071E-05
   63.9680328        -3.52299212E-05
   64.0525589        -3.54737349E-05
   64.1370926        -3.55970733E-05
   64.2216187        -3.55965276E-05
   64.3061447        -3.54701879E-05
   64.3906708        -3.52177449E-05
   64.4752045        -3.48404938E-05
   64.5597305        -3.43413740E-05
   64.6442566        -3.37249621E-05
   64.7287903        -3.29974209E-05
   64.8133163        -3.21664957E-05
   64.8978424        -3.12413904E-05
   64.9823761        -3.02327135E-05
   65.0669022        -2.91523575E-05
   65.1514282        -2.80133572E-05
   65.2359619        -2.68297681E-05
   65.3204880        -2.56164512E-05
   65.4050140        -2.43889535E-05
   65.4895477        -2.31632857E-05
   65.5740738        -2.19557223E-05
   65.6585999        -2.07826270E-05
   65.7431259        -1.96602032E-05
   65.8276596        -1.86043053E-05
   65.9121857        -1.76302365E-05
   65.9967117        -1.67525268E-05
   66.0812454        -1.59847532E-05
   66.1657715        -1.53393157E-05
   66.2502975        -1.48273075E-05
   66.3348312        -1.44583055E-05
   66.4193573        -1.42402550E-05
   66.5038834        -1.41793107E-05
   66.5884171        -1.42797562E-05
   66.6729431        -1.45438817E-05
   66.7574692        -1.49719453E-05
   66.8419952        -1.55621201E-05
   66.9265289        -1.63104614E-05
   67.0110550        -1.72109521E-05
   67.0955811        -1.82554959E-05
   67.1801147        -1.94339918E-05
   67.2646408        -2.07344419E-05
   67.3491669        -2.21430182E-05
   67.4337006        -2.36442283E-05
   67.5182266        -2.52210684E-05
   67.6027527        -2.68551812E-05
   67.6872864        -2.85270853E-05
   67.7718124        -3.02163608E-05
   67.8563385        -3.19019055E-05
   67.9408722        -3.35621480E-05
   68.0253983        -3.51753552E-05
   68.1099243        -3.67198118E-05
   68.1944504        -3.81741957E-05
   68.2789841        -3.95177376E-05
   68.3635101        -4.07305633E-05
   68.4480362        -4.17939300E-05
   68.5325699        -4.26904589E-05
   68.6170959        -4.34044159E-05
   68.7016220        -4.39219075E-05
   68.7861557        -4.42311175E-05
   68.8706818        -4.43224635E-05
   68.9552078        -4.41887605E-05
   69.0397415        -4.38253956E-05
   69.1242676        -4.32303823E-05
   69.2087936        -4.24044847E-05
   69.2933273        -4.13512207E-05
   69.3778534        -4.00768877E-05
   69.4623795        -3.85905441E-05
   69.5469055        -3.69039371E-05
   69.6314392        -3.50313931E-05
   69.7159653        -3.29897230E-05
   69.8004913        -3.07980263E-05
   69.8850250        -2.84774960E-05
   69.9695511        -2.60512097E-05
   70.0540771        -2.35438674E-05
   70.1386108        -2.09815134E-05
   70.2231369        -1.83912325E-05
   70.3076630        -1.58008497E-05
   70.3921967        -1.32385903E-05
   70.4767227        -1.07327332E-05
   70.5612488        -8.31131729E-06
   70.6457748        -6.00173871E-06
   70.7303085        -3.83046199E-06
   70.8148346        -1.82268798E-06
   70.8993607        -2.03634265E-09
   70.9838943         1.60973468E-06
   71.0684204         2.99299313E-06
   71.1529465         4.13046610E-06
   71.2374802         5.00746364E-06
   71.3220062         5.61203797E-06
   71.4065323         5.93511504E-06
   71.4910660         5.97061307E-06
   71.5755920         5.71548617E-06
   71.6601181         5.16975933E-06
   71.7446518         4.33650894E-06
   71.8291779         3.22179790E-06
   71.9137039         1.83460111E-06
   71.9982300         1.86666682E-07
   72.0827637        -1.70763576E-06
   72.1672897        -3.83150473E-06
   72.2518158        -6.16592934E-06
   72.3363495        -8.68991174E-06
   72.4208755        -1.13807391E-05
   72.5054016        -1.42142308E-05
   72.5899353        -1.71650590E-05
   72.6744614        -2.02070059E-05
   72.7589874        -2.33132614E-05
   72.8435211        -2.64567079E-05
   72.9280472        -2.96102244E-05
   73.0125732        -3.27469461E-05
   73.0971069        -3.58405123E-05
   73.1816330        -3.88653643E-05
   73.2661591        -4.17969022E-05
   73.3506851        -4.46117519E-05
   73.4352188        -4.72879365E-05
   73.5197449        -4.98050322E-05
   73.6042709        -5.21443289E-05
   73.6888046        -5.42889429E-05
   73.7733307        -5.62238747E-05
   73.8578568        -5.79361367E-05
   73.9423904        -5.94147641E-05
   74.0269165        -6.06508729E-05
   74.1114426        -6.16376274E-05
   74.1959763        -6.23702435E-05
   74.2805023        -6.28459820E-05
   74.3650284        -6.30640643E-05
   74.4495544        -6.30256618E-05
   74.5340881        -6.27337795E-05
   74.6186142        -6.21931831E-05
   74.7031403        -6.14103410E-05
   74.7876740        -6.03932967E-05
   74.8722000        -5.91516182E-05
   74.9567261        -5.76962011E-05
   75.0412598        -5.60392618E-05
   75.1257858        -5.41941881E-05
   75.2103119        -5.21754009E-05
   75.2948456        -4.99983253E-05
   75.3793716        -4.76792120E-05
   75.4638977        -4.52350578E-05
   75.5484314        -4.26835213E-05
   75.6329575        -4.00427962E-05
   75.7174835        -3.73315270E-05
   75.8020096        -3.45687295E-05
   75.8865433        -3.17736594E-05
   75.9710693        -2.89657582E-05
   76.0555954        -2.61645328E-05
   76.1401291        -2.33895025E-05
   76.2246552        -2.06601107E-05
   76.3091812        -1.79956096E-05
   76.3937149        -1.54150093E-05
   76.4782410        -1.29370055E-05
   76.5627670        -1.05798754E-05
   76.6473007        -8.36143226E-06
   76.7318268        -6.29893293E-06
   76.8163528        -4.40899703E-06
   76.9008865        -2.70756232E-06
   76.9854126        -1.20979735E-06
   77.0699387         6.99778013E-08
   77.1544647         1.11833890E-06
   77.2389984         1.92285484E-06
   77.3235245         2.47212711E-06
   77.4080505         2.75588127E-06
   77.4925842         2.76502055E-06
   77.5771103         2.49170785E-06
   77.6616364         1.92942343E-06
   77.7461700         1.07303265E-06
   77.8306961        -8.11450249E-08
   77.9152222        -1.53526810E-06
   77.9997559        -3.28992064E-06
   78.0842819        -5.34404126E-06
   78.1688080        -7.69488361E-06
   78.2533340        -1.03379289E-05
   78.3378677        -1.32668838E-05
   78.4223938        -1.64736048E-05
   78.5069199        -1.99480819E-05
   78.5914536        -2.36783981E-05
   78.6759796        -2.76507344E-05
   78.7605057        -3.18493512E-05
   78.8450394        -3.62566061E-05
   78.9295654        -4.08529522E-05
   79.0140915        -4.56170092E-05
   79.0986252        -5.05255848E-05
   79.1831512        -5.55537372E-05
   79.2676773        -6.06748945E-05
   79.3522110        -6.58609133E-05
   79.4367371        -7.10822278E-05
   79.5212631        -7.63079588E-05
   79.6057892        -8.15060630E-05
   79.6903229        -8.66435294E-05
   79.7748489        -9.16864810E-05
   79.8593750        -9.66005173E-05
   79.9439087        -1.01350714E-04
   80.0284348        -1.05902051E-04
   80.1129608        -1.10219451E-04
   80.1974945        -1.14268179E-04
   80.2820206        -1.18013952E-04
   80.3665466        -1.21423225E-04
   80.4510803        -1.24463491E-04
   80.5356064        -1.27103442E-04
   80.6201324        -1.29313266E-04
   80.7046585        -1.31064808E-04
   80.7891922        -1.32331959E-04
   80.8737183        -1.33090638E-04
   80.9582443        -1.33319176E-04
   81.0427780        -1.32998452E-04
   81.1273041        -1.32112109E-04
   81.2118301        -1.30646644E-04
   81.2963638        -1.28591520E-04
   81.3808899        -1.25939478E-04
   81.4654160        -1.22686368E-04
   81.5499496        -1.18831464E-04
   81.6344757        -1.14377348E-04
   81.7190018        -1.09330045E-04
   81.8035355        -1.03698905E-04
   81.8880615        -9.74967188E-05
   81.9725876        -9.07396025E-05
   82.0571136        -8.34469029E-05
   82.1416473        -7.56411173E-05
   82.2261734        -6.73478135E-05
   82.3106995        -5.85954003E-05
   82.3952332        -4.94150372E-05
   82.4797592        -3.98404445E-05
   82.5642853        -2.99076146E-05
   82.6488190        -1.96546898E-05
   82.7333450        -9.12167252E-06
   82.8178711         1.64981691E-06
   82.9024048         1.26168106E-05
   82.9869308         2.37352324E-05
   83.0714569         3.49602269E-05
   83.1559906         4.62463904E-05
   83.2405167         5.75480990E-05
   83.3250427         6.88197761E-05
   83.4095688         8.00161433E-05
   83.4941025         9.10926101E-05
   83.5786285         1.02005419E-04
   83.6631546         1.12711947E-04
   83.7476883         1.23171048E-04
   83.8322144         1.33343245E-04
   83.9167404         1.43190860E-04
   84.0012741         1.52678447E-04
   84.0858002         1.61772870E-04
   84.1703262         1.70443484E-04
   84.2548599         1.78662391E-04
   84.3393860         1.86404504E-04
   84.4239120         1.93647778E-04
   84.5084381         2.00373310E-04
   84.5929718         2.06565368E-04
   84.6774979         2.12211555E-04
   84.7620239         2.17302921E-04
   84.8465576         2.21833747E-04
   84.9310837         2.25801938E-04
   85.0156097         2.29208672E-04
   85.1001434         2.32058534E-04
   85.1846695         2.34359439E-04
   85.2691956         2.36122592E-04
   85.3537292         2.37362226E-04
   85.4382553         2.38095672E-04
   85.5227814         2.38342996E-04
   85.6073151         2.38127017E-04
   85.6918411         2.37472850E-04
   85.7763672         2.36408043E-04
   85.8608932         2.34961946E-04
   85.9454269         2.33165541E-04
   86.0299530         2.31051381E-04
   86.1144791         2.28652949E-04
   86.1990128         2.26004646E-04
   86.2835388         2.23141265E-04
   86.3680649         2.20097660E-04
   86.4525986         2.16908520E-04
   86.5371246         2.13607927E-04
   86.6216507         2.10229089E-04
   86.7061844         2.06804049E-04
   86.7907104         2.03363219E-04
   86.8752365         1.99935239E-04
   86.9597702         1.96546680E-04
   87.0442963         1.93221698E-04
   87.1288223         1.89981991E-04
   87.2133484         1.86846373E-04
   87.2978821         1.83830867E-04
   87.3824081         1.80948395E-04
   87.4669342         1.78208895E-04
   87.5514679         1.75619032E-04
   87.6359940         1.73182445E-04
   87.7205200         1.70899686E-04
   87.8050537         1.68768311E-04
   87.8895798         1.66783095E-04
   87.9741058         1.64936078E-04
   88.0586395         1.63216930E-04
   88.1431656         1.61613119E-04
   88.2276917         1.60110139E-04
   88.3122177         1.58691924E-04
   88.3967514         1.57341216E-04
   88.4812775         1.56039707E-04
   88.5658035         1.54768641E-04
   88.6503372         1.53509056E-04
   88.7348633         1.52242181E-04
   88.8193893         1.50949840E-04
   88.9039230         1.49614774E-04
   88.9884491         1.48221006E-04
   89.0729752         1.46754101E-04
   89.1575089         1.45201586E-04
   89.2420349         1.43553058E-04
   89.3265610         1.41800498E-04
   89.4110947         1.39938420E-04
   89.4956207         1.37964060E-04
   89.5801468         1.35877359E-04
   89.6646729         1.33681096E-04
   89.7492065         1.31380788E-04
   89.8337326         1.28984801E-04
   89.9182587         1.26504034E-04
   90.0027924         1.23951933E-04
   90.0873184         1.21344252E-04
   90.1718445         1.18698750E-04
   90.2563782         1.16035037E-04
   90.3409042         1.13374241E-04
   90.4254303         1.10738649E-04
   90.5099640         1.08151406E-04
   90.5944901         1.05636187E-04
   90.6790161         1.03216764E-04
   90.7635498         1.00916746E-04
   90.8480759         9.87591338E-05
   90.9326019         9.67660453E-05
   91.0171280         9.49583045E-05
   91.1016617         9.33552656E-05
   91.1861877         9.19744125E-05
   91.2707138         9.08311486E-05
   91.3552475         8.99386796E-05
   91.4397736         8.93076212E-05
   91.5242996         8.89460862E-05
   91.6088333         8.88594295E-05
   91.6933594         8.90502779E-05
   91.7778854         8.95184712E-05
   91.8624191         9.02610991E-05
   91.9469452         9.12724936E-05
   92.0314713         9.25444401E-05
   92.1159973         9.40662212E-05
   92.2005310         9.58247474E-05
   92.2850571         9.78048265E-05
   92.3695831         9.99893164E-05
   92.4541168         1.02359278E-04
   92.5386429         1.04894360E-04
   92.6231689         1.07572880E-04
   92.7077026         1.10372173E-04
   92.7922287         1.13268819E-04
   92.8767548         1.16238843E-04
   92.9612885         1.19257966E-04
   93.0458145         1.22301863E-04
   93.1303406         1.25346385E-04
   93.2148743         1.28367654E-04
   93.2994003         1.31342269E-04
   93.3839264         1.34247617E-04
   93.4684525         1.37061739E-04
   93.5529861         1.39763710E-04
   93.6375122         1.42333549E-04
   93.7220383         1.44752295E-04
   93.8065720         1.47002211E-04
   93.8910980         1.49066676E-04
   93.9756241         1.50930253E-04
   94.0601578         1.52578679E-04
   94.1446838         1.53998888E-04
   94.2292099         1.55178990E-04
   94.3137436         1.56108232E-04
   94.3982697         1.56776980E-04
   94.4827957         1.57176750E-04
   94.5673294         1.57300092E-04
   94.6518555         1.57140646E-04
   94.7363815         1.56693102E-04
   94.8209076         1.55953239E-04
   94.9054413         1.54917841E-04
   94.9899673         1.53584828E-04
   95.0744934         1.51953151E-04
   95.1590271         1.50022970E-04
   95.2435532         1.47795596E-04
   95.3280792         1.45273487E-04
   95.4126129         1.42460412E-04
   95.4971390         1.39361495E-04
   95.5816650         1.35983151E-04
   95.6661987         1.32333225E-04
   95.7507248         1.28421088E-04
   95.8352509         1.24257480E-04
   95.9197769         1.19854834E-04
   96.0043106         1.15226918E-04
   96.0888367         1.10389163E-04
   96.1733627         1.05358413E-04
   96.2578964         1.00153004E-04
   96.3424225         9.47926528E-05
   96.4269485         8.92983662E-05
   96.5114822         8.36922845E-05
   96.5960083         7.79976544E-05
   96.6805344         7.22385666E-05
   96.7650681         6.64398176E-05
   96.8495941         6.06266949E-05
   96.9341202         5.48247226E-05
   97.0186539         4.90595048E-05
   97.1031799         4.33564128E-05
   97.1877060         3.77403521E-05
   97.2722321         3.22354899E-05
   97.3567657         2.68650019E-05
   97.4412918         2.16508197E-05
   97.5258179         1.66133686E-05
   97.6103516         1.17713507E-05
   97.6948776         7.14151292E-06
   97.7794037         2.73847945E-06
   97.8639374        -1.42543945E-06
   97.9484634        -5.34036963E-06
   98.0329895        -8.99897077E-06
   98.1175232        -1.23965137E-05
   98.2020493        -1.55308971E-05
   98.2865753        -1.84026449E-05
   98.3711014        -2.10148446E-05
   98.4556351        -2.33730625E-05
   98.5401611        -2.54852184E-05
   98.6246872        -2.73614041E-05
   98.7092209        -2.90137086E-05
   98.7937469        -3.04559508E-05
   98.8782730        -3.17034646E-05
   98.9628067        -3.27727685E-05
   99.0473328        -3.36813027E-05
   99.1318588        -3.44471227E-05
   99.2163925        -3.50885457E-05
   99.3009186        -3.56238670E-05
   99.3854446        -3.60710401E-05
   99.4699783        -3.64473599E-05
   99.5545044        -3.67692155E-05
   99.6390305        -3.70518064E-05
   99.7235565        -3.73089206E-05
   99.8080902        -3.75527197E-05
   99.8926163        -3.77936231E-05
   99.9771423        -3.80401252E-05
   100.061676        -3.82987782E-05
   100.146202        -3.85741005E-05
   100.230728        -3.88686167E-05
   100.315262        -3.91828798E-05
   100.399788        -3.95155912E-05
   100.484314        -3.98636948E-05
   100.568848        -4.02225669E-05
   100.653374        -4.05861902E-05
   100.737900        -4.09473723E-05
   100.822433        -4.12980298E-05
   100.906960        -4.16293915E-05
   100.991486        -4.19323223E-05
   101.076012        -4.21975819E-05
   101.160545        -4.24160789E-05
   101.245071        -4.25792132E-05
   101.329597        -4.26790830E-05
   101.414131        -4.27087471E-05
   101.498657        -4.26624647E-05
   101.583183        -4.25359030E-05
   101.667717        -4.23263155E-05
   101.752243        -4.20326542E-05
   101.836769        -4.16557195E-05
   101.921303        -4.11982328E-05
   102.005829        -4.06648287E-05
   102.090355        -4.00621320E-05
   102.174881        -3.93986411E-05
   102.259415        -3.86846950E-05
   102.343941        -3.79323792E-05
   102.428467        -3.71553215E-05
   102.513000        -3.63685722E-05
   102.597527        -3.55883712E-05
   102.682053        -3.48319008E-05
   102.766586        -3.41170708E-05
   102.851112        -3.34622018E-05
   102.935638        -3.28857313E-05
   103.020172        -3.24059729E-05
   103.104698        -3.20407344E-05
   103.189224        -3.18070524E-05
   103.273758        -3.17208905E-05
   103.358284        -3.17968224E-05
   103.442810        -3.20477629E-05
   103.527336        -3.24847169E-05
   103.611870        -3.31165065E-05
   103.696396        -3.39495964E-05
   103.780922        -3.49878974E-05
   103.865456        -3.62326100E-05
   103.949982        -3.76821336E-05
   104.034508        -3.93320006E-05
   104.119041        -4.11748406E-05
   104.203568        -4.32003872E-05
   104.288094        -4.53955727E-05
   104.372627        -4.77446083E-05
   104.457153        -5.02291186E-05
   104.541679        -5.28283636E-05
   104.626213        -5.55194674E-05
   104.710739        -5.82775974E-05
   104.795265        -6.10763527E-05
   104.879791        -6.38880738E-05
   104.964325        -6.66840715E-05
   105.048851        -6.94351475E-05
   105.133377        -7.21118340E-05
   105.217911        -7.46848600E-05
   105.302437        -7.71254272E-05
   105.386963        -7.94056905E-05
   105.471497        -8.14990563E-05
   105.556023        -8.33805316E-05
   105.640549        -8.50270444E-05
   105.725082        -8.64177564E-05
   105.809608        -8.75343103E-05
   105.894135        -8.83610483E-05
   105.978661        -8.88852228E-05
   106.063194        -8.90971496E-05
   106.147720        -8.89902803E-05
   106.232246        -8.85612826E-05
   106.316780        -8.78100691E-05
   106.401306        -8.67397684E-05
   106.485832        -8.53566307E-05
   106.570366        -8.36699619E-05
   106.654892        -8.16919273E-05
   106.739418        -7.94374209E-05
   106.823952        -7.69238177E-05
   106.908478        -7.41707263E-05
   106.993004        -7.11997491E-05
   107.077538        -6.80341473E-05
   107.162064        -6.46985864E-05
   107.246590        -6.12188014E-05
   107.331116        -5.76212842E-05
   107.415649        -5.39329340E-05
   107.500175        -5.01807772E-05
   107.584702        -4.63916585E-05
   107.669235        -4.25918952E-05
   107.753761        -3.88070475E-05
   107.838287        -3.50616319E-05
   107.922821        -3.13789133E-05
   108.007347        -2.77806485E-05
   108.091873        -2.42869410E-05
   108.176407        -2.09160789E-05
   108.260933        -1.76844314E-05
   108.345459        -1.46063376E-05
   108.429993        -1.16940746E-05
   108.514519        -8.95785706E-06
   108.599045        -6.40581084E-06
   108.683571        -4.04406455E-06
   108.768105        -1.87681098E-06
   108.852631         9.35989846E-08
   108.937157         1.86649663E-06
   109.021690         3.44278737E-06
   109.106216         4.82474115E-06
   109.190742         6.01584088E-06
   109.275276         7.02058560E-06
   109.359802         7.84431268E-06
   109.444328         8.49297430E-06
   109.528862         8.97300561E-06
   109.613388         9.29110138E-06
   109.697914         9.45407828E-06
   109.782440         9.46875025E-06
   109.866974         9.34178570E-06
   109.951500         9.07962840E-06
   110.036026         8.68841926E-06
   110.120560         8.17395812E-06
   110.205086         7.54172333E-06
   110.289612         6.79685627E-06
   110.374146         5.94424182E-06
   110.458672         4.98856980E-06
   110.543198         3.93445043E-06
   110.627731         2.78654397E-06
   110.712257         1.54970098E-06
   110.796783         2.29136830E-07
   110.881317        -1.16940657E-06
   110.965843        -2.63947345E-06
   111.050369        -4.17373622E-06
   111.134895        -5.76381399E-06
   111.219429        -7.40011137E-06
   111.303955        -9.07170215E-06
   111.388481        -1.07662054E-05
   111.473015        -1.24697299E-05
   111.557541        -1.41668088E-05
   111.642067        -1.58404000E-05
   111.726601        -1.74719444E-05
   111.811127        -1.90414285E-05
   111.895653        -2.05275282E-05
   111.980186        -2.19077901E-05
   112.064713        -2.31588365E-05
   112.149239        -2.42566421E-05
   112.233772        -2.51768342E-05
   112.318298        -2.58950295E-05
   112.402824        -2.63872080E-05
   112.487350        -2.66301122E-05
   112.571884        -2.66016232E-05
   112.656410        -2.62812191E-05
   112.740936        -2.56503608E-05
   112.825470        -2.46929303E-05
   112.909996        -2.33955907E-05
   112.994522        -2.17481702E-05
   113.079056        -1.97440004E-05
   113.163582        -1.73801964E-05
   113.248108        -1.46579214E-05
   113.332642        -1.15825515E-05
   113.417168        -8.16382362E-06
   113.501694        -4.41588691E-06
   113.586220        -3.57328247E-07
   113.670753         3.98893462E-06
   113.755280         8.59576357E-06
   113.839806         1.34320198E-05
   113.924339         1.84628334E-05
   114.008865         2.36499582E-05
   114.093391         2.89521431E-05
   114.177925         3.43256033E-05
   114.262451         3.97245094E-05
   114.346977         4.51015403E-05
   114.431511         5.04084310E-05
   114.516037         5.55966217E-05
   114.600563         6.06177928E-05
   114.685097         6.54245450E-05
   114.769623         6.99709854E-05
   114.854149         7.42133197E-05
   114.938675         7.81105118E-05
   115.023209         8.16246611E-05
   115.107735         8.47216725E-05
   115.192261         8.73716563E-05
   115.276794         8.95492994E-05
   115.361320         9.12342657E-05
   115.445847         9.24113992E-05
   115.530380         9.30710230E-05
   115.614906         9.32089388E-05
   115.699432         9.28266381E-05
   115.783966         9.19311497E-05
   115.868492         9.05349953E-05
   115.953018         8.86560229E-05
   116.037552         8.63171808E-05
   116.122078         8.35461251E-05
   116.206604         8.03749208E-05
   116.291130         7.68396349E-05
   116.375664         7.29797757E-05
   116.460190         6.88378277E-05
   116.544716         6.44587126E-05
   116.629250         5.98891747E-05
   116.713776         5.51772246E-05
   116.798302         5.03715164E-05
   116.882835         4.55207737E-05
   116.967361         4.06732106E-05
   117.051888         3.58759462E-05
   117.136421         3.11745098E-05
   117.220947         2.66123025E-05
   117.305473         2.22301860E-05
   117.389999         1.80660318E-05
   117.474533         1.41543969E-05
   117.559059         1.05262079E-05
   117.643585         7.20851176E-06
   117.728119         4.22429002E-06
   117.812645         1.59234628E-06
   117.897171        -6.72793362E-07
   117.981705        -2.56087151E-06
   118.066231        -4.06587287E-06
   118.150757        -5.18593697E-06
   118.235291        -5.92322840E-06
   118.319817        -6.28375801E-06
   118.404343        -6.27717827E-06
   118.488876        -5.91653679E-06
   118.573402        -5.21802485E-06
   118.657928        -4.20067499E-06
   118.742455        -2.88607703E-06
   118.826988        -1.29805585E-06
   118.911514         5.37625908E-07
   118.996040         2.59360331E-06
   119.080574         4.84120164E-06
   119.165100         7.25075188E-06
   119.249626         9.79188007E-06
   119.334160         1.24337912E-05
   119.418686         1.51455442E-05
   119.503212         1.78963001E-05
   119.587746         2.06555869E-05
   119.672272         2.33934898E-05
   119.756798         2.60808865E-05
   119.841324         2.86896648E-05
   119.925858         3.11928816E-05
   120.010384         3.35649347E-05
   120.094910         3.57817589E-05
   120.179443         3.78209661E-05
   120.263969         3.96619544E-05
   120.348495         4.12861082E-05
   120.433029         4.26768602E-05
   120.517555         4.38198695E-05
   120.602081         4.47031016E-05
   120.686615         4.53169087E-05
   120.771141         4.56541493E-05
   120.855667         4.57102651E-05
   120.940201         4.54833353E-05
   121.024727         4.49741165E-05
   121.109253         4.41860866E-05
   121.193779         4.31254848E-05
   121.278313         4.18012387E-05
   121.362839         4.02249825E-05
   121.447365         3.84110135E-05
   121.531898         3.63761465E-05
   121.616425         3.41396808E-05
   121.700951         3.17231897E-05
   121.785484         2.91504202E-05
   121.870010         2.64470364E-05
   121.954536         2.36404321E-05
   122.039070         2.07594603E-05
   122.123596         1.78341616E-05
   122.208122         1.48954468E-05
   122.292656         1.19747765E-05
   122.377182         9.10382460E-06
   122.461708         6.31411149E-06
   122.546234         3.63663116E-06
   122.630768         1.10147971E-06
   122.715294        -1.26251348E-06
   122.799820        -3.42816838E-06
   122.884354        -5.37031747E-06
   122.968880        -7.06613673E-06
   123.053406        -8.49548633E-06
   123.137939        -9.64118590E-06
   123.222466        -1.04893215E-05
   123.306992        -1.10294413E-05
   123.391525        -1.12547468E-05
   123.476051        -1.11622785E-05
   123.560577        -1.07529559E-05
   123.645103        -1.00316956E-05
   123.729637        -9.00736450E-06
   123.814163        -7.69275084E-06
   123.898689        -6.10446841E-06
   123.983223        -4.26278621E-06
   124.067749        -2.19146159E-06
   124.152275         8.25393158E-08
   124.236809         2.52930909E-06
   124.321335         5.11634107E-06
   124.405861         7.80890059E-06
   124.490395         1.05704185E-05
   124.574921         1.33629319E-05
   124.659447         1.61475309E-05
   124.743980         1.88848408E-05
   124.828506         2.15354848E-05
   124.913033         2.40606096E-05
   124.997559         2.64223436E-05
   125.082092         2.85843053E-05
   125.166618         3.05120484E-05
   125.251144         3.21735461E-05
   125.335678         3.35396107E-05
   125.420204         3.45842818E-05
   125.504730         3.52852221E-05
   125.589264         3.56240162E-05
   125.673790         3.55864868E-05
   125.758316         3.51628914E-05
   125.842850         3.43481770E-05
   125.927376         3.31420270E-05
   126.011902         3.15490215E-05
   126.096436         2.95786067E-05
   126.180962         2.72450798E-05
   126.265488         2.45674801E-05
   126.350014         2.15694381E-05
   126.434547         1.82789645E-05
   126.519073         1.47281453E-05
   126.603600         1.09528710E-05
   126.688133         6.99238944E-06
   126.772659         2.88891033E-06
   126.857185        -1.31287118E-06
   126.941719        -5.56629857E-06
   127.026245        -9.82329584E-06
   127.110771        -1.40349393E-05
   127.195305        -1.81520554E-05
   127.279831        -2.21258178E-05
   127.364357        -2.59083827E-05
   127.448883        -2.94534475E-05
   127.533417        -3.27169037E-05
   127.617943        -3.56573582E-05
   127.702469        -3.82367216E-05
   127.787003        -4.04207094E-05
   127.871529        -4.21792938E-05
   127.956055        -4.34871472E-05
   128.040588        -4.43240024E-05
   128.125107        -4.46749400E-05
   128.209641        -4.45306578E-05
   128.294174        -4.38876014E-05
   128.378693        -4.27480700E-05
   128.463226        -4.11202454E-05
   128.547760        -3.90181121E-05
   128.632278        -3.64613188E-05
   128.716812        -3.34749857E-05
   128.801346        -3.00893716E-05
   128.885864        -2.63395686E-05
   128.970398        -2.22650269E-05
   129.054932        -1.79091148E-05
   129.139450        -1.33185522E-05
   129.223984        -8.54283826E-06
   129.308517        -3.63363574E-06
   129.393036         1.35588562E-06
   129.477570         6.37171070E-06
   129.562103         1.13596507E-05
   129.646622         1.62660308E-05
   129.731155         2.10383605E-05
   129.815689         2.56259700E-05
   129.900208         2.99806488E-05
   129.984741         3.40572260E-05
   130.069275         3.78140976E-05
   130.153793         4.12137560E-05
   130.238327         4.42231867E-05
   130.322861         4.68142571E-05
   130.407379         4.89640042E-05
   130.491913         5.06548822E-05
   130.576431         5.18749112E-05
   130.660965         5.26177319E-05
   130.745499         5.28826458E-05
   130.830017         5.26744880E-05
   130.914551         5.20035537E-05
   130.999084         5.08853082E-05
   131.083603         4.93401240E-05
   131.168137         4.73929504E-05
   131.252670         4.50729021E-05
   131.337189         4.24127647E-05
   131.421722         3.94485687E-05
   131.506256         3.62190076E-05
   131.590775         3.27648922E-05
   131.675308         2.91285924E-05
   131.759842         2.53534290E-05
   131.844360         2.14831216E-05
   131.928894         1.75611858E-05
   132.013428         1.36303934E-05
   132.097946         9.73224178E-06
   132.182480         5.90645186E-06
   132.267014         2.19050821E-06
   132.351532        -1.38074085E-06
   132.436066        -4.77543972E-06
   132.520599        -7.96503900E-06
   132.605118        -1.09245193E-05
   132.689651        -1.36325707E-05
   132.774185        -1.60717154E-05
   132.858704        -1.82283457E-05
   132.943237        -2.00927152E-05
   133.027771        -2.16588651E-05
   133.112289        -2.29244906E-05
   133.196823        -2.38907596E-05
   133.281342        -2.45621122E-05
   133.365875        -2.49459335E-05
   133.450409        -2.50523317E-05
   133.534927        -2.48937631E-05
   133.619461        -2.44847051E-05
   133.703995        -2.38412977E-05
   133.788513        -2.29810175E-05
   133.873047        -2.19223057E-05
   133.957581        -2.06842415E-05
   134.042099        -1.92862462E-05
   134.126633        -1.77477559E-05
   134.211166        -1.60880118E-05
   134.295685        -1.43257903E-05
   134.380219        -1.24792323E-05
   134.464752        -1.05656973E-05
   134.549271        -8.60163163E-06
   134.633804        -6.60249862E-06
   134.718338        -4.58273826E-06
   134.802856        -2.55575492E-06
   134.887390        -5.33937566E-07
   134.971924         1.47130208E-06
   135.056442         3.44945283E-06
   135.140976         5.39083021E-06
   135.225510         7.28649275E-06
   135.310028         9.12813266E-06
   135.394562         1.09079911E-05
   135.479095         1.26187642E-05
   135.563614         1.42535164E-05
   135.648148         1.58056246E-05
   135.732666         1.72687069E-05
   135.817200         1.86365978E-05
   135.901733         1.99033348E-05
   135.986252         2.10631333E-05
   136.070786         2.21104492E-05
   136.155319         2.30399964E-05
   136.239838         2.38467837E-05
   136.324371         2.45262345E-05
   136.408905         2.50742414E-05
   136.493423         2.54872630E-05
   136.577957         2.57624251E-05
   136.662491         2.58976397E-05
   136.747009         2.58916862E-05
   136.831543         2.57443189E-05
   136.916077         2.54563674E-05
   137.000595         2.50297908E-05
   137.085129         2.44677649E-05
   137.169662         2.37747008E-05
   137.254181         2.29563175E-05
   137.338715         2.20195798E-05
   137.423248         2.09727459E-05
   137.507767         1.98252819E-05
   137.592300         1.85878216E-05
   137.676834         1.72720684E-05
   137.761353         1.58906914E-05
   137.845886         1.44571868E-05
   137.930420         1.29857444E-05
   138.014938         1.14910599E-05
   138.099472         9.98818086E-06
   138.183990         8.49230128E-06
   138.268524         7.01855424E-06
   138.353058         5.58183001E-06
   138.437576         4.19655271E-06
   138.522110         2.87647686E-06
   138.606644         1.63449920E-06
   138.691162         4.82453117E-07
   138.775696        -5.69058045E-07
   138.860229        -1.51083350E-06
   138.944748        -2.33521382E-06
   139.029282        -3.03620050E-06
   139.113815        -3.60956619E-06
   139.198334        -4.05291303E-06
   139.282867        -4.36572009E-06
   139.367401        -4.54936571E-06
   139.451920        -4.60708679E-06
   139.536453        -4.54395149E-06
   139.620987        -4.36676282E-06
   139.705505        -4.08394726E-06
   139.790039        -3.70541943E-06
   139.874573        -3.24240636E-06
   139.959091        -2.70725468E-06
   140.043625        -2.11321026E-06
   140.128159        -1.47419655E-06
   140.212677        -8.04549074E-07
   140.297211        -1.18761754E-07
   140.381744         5.68783776E-07
   140.466263         1.24408120E-06
   140.550797         1.89376158E-06
   140.635330         2.50537187E-06
   140.719849         3.06758761E-06
   140.804382         3.57046338E-06
   140.888901         4.00562612E-06
   140.973434         4.36644996E-06
   141.057968         4.64822187E-06
   141.142487         4.84822613E-06
   141.227020         4.96585653E-06
   141.311554         5.00262377E-06
   141.396072         4.96218399E-06
   141.480606         4.85027203E-06
   141.565140         4.67463587E-06
   141.649658         4.44490388E-06
   141.734192         4.17243064E-06
   141.818726         3.87009322E-06
   141.903244         3.55206248E-06
   141.987778         3.23352924E-06
   142.072311         2.93042467E-06
   142.156830         2.65910694E-06
   142.241364         2.43602562E-06
   142.325897         2.27738860E-06
   142.410416         2.19880985E-06
   142.494949         2.21496680E-06
   142.579483         2.33926380E-06
   142.664001         2.58350565E-06
   142.748535         2.95759355E-06
   142.833069         3.46924367E-06
   142.917587         4.12374357E-06
   143.002121         4.92373965E-06
   143.086655         5.86907117E-06
   143.171173         6.95664403E-06
   143.255707         8.18036187E-06
   143.340225         9.53111248E-06
   143.424759         1.09967932E-05
   143.509293         1.25624038E-05
   143.593811         1.42102026E-05
   143.678345         1.59198862E-05
   143.762878         1.76688609E-05
   143.847397         1.94325294E-05
   143.931931         2.11846345E-05
   144.016464         2.28976405E-05
   144.100983         2.45431547E-05
   144.185516         2.60923553E-05
   144.270050         2.75164657E-05
   144.354568         2.87872153E-05
   144.439102         2.98773029E-05
   144.523636         3.07609153E-05
   144.608154         3.14141253E-05
   144.692688         3.18153543E-05
   144.777222         3.19458122E-05
   144.861740         3.17898230E-05
   144.946274         3.13351920E-05
   145.030807         3.05734866E-05
   145.115326         2.95002792E-05
   145.199860         2.81153170E-05
   145.284393         2.64226292E-05
   145.368912         2.44306266E-05
   145.453445         2.21520531E-05
   145.537979         1.96039255E-05
   145.622498         1.68074148E-05
   145.707031         1.37876241E-05
   145.791550         1.05733388E-05
   145.876083         7.19671198E-06
   145.960617         3.69288887E-06
   146.045135         9.95775054E-08
   146.129669        -3.54339932E-06
   146.214203        -7.19462059E-06
   146.298721        -1.08116001E-05
   146.383255        -1.43513380E-05
   146.467789        -1.77708989E-05
   146.552307        -2.10279850E-05
   146.636841        -2.40815389E-05
   146.721375        -2.68922940E-05
   146.805893        -2.94233359E-05
   146.890427        -3.16406476E-05
   146.974960        -3.35135883E-05
   147.059479        -3.50153641E-05
   147.144012        -3.61234306E-05
   147.228546        -3.68198707E-05
   147.313065        -3.70916423E-05
   147.397598        -3.69308545E-05
   147.482132        -3.63348954E-05
   147.566650        -3.53065370E-05
   147.651184        -3.38539285E-05
   147.735718        -3.19905375E-05
   147.820236        -2.97349998E-05
   147.904770        -2.71109056E-05
   147.989304        -2.41464859E-05
   148.073822        -2.08742676E-05
   148.158356        -1.73306344E-05
   148.242874        -1.35553182E-05
   148.327408        -9.59090085E-06
   148.411942        -5.48219259E-06
   148.496460        -1.27562919E-06
   148.580994         2.98136774E-06
   148.665527         7.24105348E-06
   148.750046         1.14560098E-05
   148.834579         1.55798043E-05
   148.919113         1.95676112E-05
   149.003632         2.33768315E-05
   149.088165         2.69676402E-05
   149.172699         3.03035085E-05
   149.257217         3.33516800E-05
   149.341751         3.60835256E-05
   149.426285         3.84749364E-05
   149.510803         4.05064966E-05
   149.595337         4.21637342E-05
   149.679871         4.34371686E-05
   149.764389         4.43223471E-05
   149.848923         4.48197425E-05
   149.933456         4.49346917E-05
   150.017975         4.46770900E-05
   150.102509         4.40611657E-05
   150.187042         4.31051158E-05
   150.271561         4.18307136E-05
   150.356094         4.02628648E-05
   150.440628         3.84291634E-05
   150.525146         3.63593281E-05
   150.609680         3.40847546E-05
   150.694214         3.16379374E-05
   150.778732         2.90520220E-05
   150.863266         2.63602378E-05
   150.947784         2.35954685E-05
   151.032318         2.07897901E-05
   151.116852         1.79740655E-05
   151.201370         1.51775921E-05
   151.285904         1.24277776E-05
   151.370438         9.74988416E-06
   151.454956         7.16683326E-06
   151.539490         4.69902761E-06
   151.624023         2.36427445E-06
   151.708542         1.77728552E-07
   151.793076        -1.84809278E-06
   151.877609        -3.70327234E-06
   151.962128        -5.38039103E-06
   152.046661        -6.87441025E-06
   152.131195        -8.18250373E-06
   152.215714        -9.30388342E-06
   152.300247        -1.02396025E-05
   152.384781        -1.09923412E-05
   152.469299        -1.15662015E-05
   152.553833        -1.19664919E-05
   152.638367        -1.21995299E-05
   152.722885        -1.22724550E-05
   152.807419        -1.21930561E-05
   152.891953        -1.19696278E-05
   152.976471        -1.16108340E-05
   153.061005        -1.11256168E-05
   153.145538        -1.05231147E-05
   153.230057        -9.81260655E-06
   153.314590        -9.00347732E-06
   153.399109        -8.10521215E-06
   153.483643        -7.12738893E-06
   153.568176        -6.07970287E-06
   153.652695        -4.97198971E-06
   153.737228        -3.81424661E-06
   153.821762        -2.61667401E-06
   153.906281        -1.38969676E-06
   153.990814        -1.43985716E-07
   154.075348         1.10952817E-06
   154.159866         2.35965581E-06
   154.244400         3.59496585E-06
   154.328934         4.80381641E-06
   154.413452         5.97440931E-06
   154.497986         7.09486221E-06
   154.582520         8.15328804E-06
   154.667038         9.13791973E-06
   154.751572         1.00372326E-05
   154.836105         1.08400782E-05
   154.920624         1.15358525E-05
   155.005157         1.21146613E-05
   155.089691         1.25674833E-05
   155.174210         1.28863658E-05
   155.258743         1.30645776E-05
   155.343277         1.30967983E-05
   155.427795         1.29792643E-05
   155.512329         1.27099092E-05
   155.596863         1.22885049E-05
   155.681381         1.17167447E-05
   155.765915         1.09983357E-05
   155.850433         1.01390315E-05
   155.934967         9.14666452E-06
   156.019501         8.03111470E-06
