  -4.50000000         0.00000000    
  -4.41547155         0.00000000    
  -4.33094311         0.00000000    
  -4.24641466         0.00000000    
  -4.16188622        -2.17360564E-25
  -4.07735777         8.04742253E-24
  -3.99282932         1.42244054E-23
  -3.90830088        -3.30446083E-22
  -3.82377243        -2.77741037E-21
  -3.73924398        -1.23837347E-20
  -3.65471554        -3.87467426E-20
  -3.57018733        -9.22913198E-20
  -3.48565888        -1.69188757E-19
  -3.40113044        -2.20703626E-19
  -3.31660199        -1.13398087E-19
  -3.23207355         3.93521741E-19
  -3.14754510         1.60495414E-18
  -3.06301665         3.72279128E-18
  -2.97848821         6.52267730E-18
  -2.89395976         8.91952494E-18
  -2.80943131         8.59142458E-18
  -2.72490287         1.96613821E-18
  -2.64037442        -1.50547996E-17
  -2.55584598        -4.53434571E-17
  -2.47131753        -8.77823124E-17
  -2.38678908        -1.34040118E-16
  -2.30226064        -1.66074574E-16
  -2.21773219        -1.56058144E-16
  -2.13320374        -7.04907899E-17
  -2.04867530         1.20394060E-16
  -1.96414697         4.28320527E-16
  -1.87961853         8.30311987E-16
  -1.79509008         1.25454272E-15
  -1.71056163         1.57519266E-15
  -1.62603319         1.62285541E-15
  -1.54150474         1.21483382E-15
  -1.45697629         2.04990470E-16
  -1.37244797        -1.45365709E-15
  -1.28791952        -3.64726331E-15
  -1.20339108        -6.05923791E-15
  -1.11886263        -8.16813946E-15
  -1.03433418        -9.30114174E-15
 -0.949805737        -8.74839599E-15
 -0.865277290        -5.92853098E-15
 -0.780748844        -5.78561196E-16
 -0.696220458         7.07281828E-15
 -0.611692011         1.61965303E-14
 -0.527163565         2.53629600E-14
 -0.442635119         3.26777383E-14
 -0.358106703         3.60537744E-14
 -0.273578256         3.35872009E-14
 -0.189049825         2.39750982E-14
 -0.104521386         6.89357722E-15
  -1.99929532E-02    -1.67461751E-14
   6.45354837E-02    -4.47272868E-14
  0.149063915        -7.36685967E-14
  0.233592346        -9.93594855E-14
  0.318120778        -1.17228357E-13
  0.402649224        -1.22861004E-13
  0.487177670        -1.12487873E-13
  0.571706116        -8.33883947E-14
  0.656234503        -3.42113287E-14
  0.740762949         3.47415917E-14
  0.825291395         1.21190886E-13
  0.909819841         2.20448985E-13
  0.994348288         3.24884352E-13
   1.07887673         4.23388511E-13
   1.16340518         5.01084038E-13
   1.24793363         5.39613710E-13
   1.33246195         5.18381724E-13
   1.41699040         4.17036550E-13
   1.50151885         2.19258693E-13
   1.58604729        -8.24156824E-14
   1.67057574        -4.81409183E-13
   1.75510418        -9.52598460E-13
   1.83963263        -1.44976186E-12
   1.92416108        -1.90624144E-12
   2.00868940        -2.23976024E-12
   2.09321785        -2.36170090E-12
   2.17774630        -2.19029178E-12
   2.26227474        -1.66619518E-12
   2.34680319        -7.68144500E-13
   2.43133163         4.74227157E-13
   2.51586008         1.97326573E-12
   2.60038853         3.58421734E-12
   2.68491697         5.11543325E-12
   2.76944542         6.34762598E-12
   2.85397387         7.06029159E-12
   2.93850231         7.06202805E-12
   3.02303076         6.22046165E-12
   3.10755920         4.48730896E-12
   3.19208765         1.91458199E-12
   3.27661610        -1.34079325E-12
   3.36114454        -5.02496525E-12
   3.44567299        -8.80689618E-12
   3.53020120        -1.23074207E-11
   3.61472964        -1.51340052E-11
   3.69925809        -1.69173356E-11
   3.78378654        -1.73460100E-11
   3.86831498        -1.61966864E-11
   3.95284343        -1.33580178E-11
   4.03737211        -8.84780443E-12
   4.12190056        -2.82334659E-12
   4.20642900         4.41491028E-12
   4.29095745         1.24270065E-11
   4.37548542         2.06455564E-11
   4.46001387         2.83985700E-11
   4.54454231         3.49451440E-11
   4.62907076         3.95258652E-11
   4.71359921         4.14277744E-11
   4.79812765         4.00611176E-11
   4.88265610         3.50416467E-11
   4.96718454         2.62691448E-11
   5.05171299         1.39903254E-11
   5.13624144        -1.16644942E-12
   5.22076988        -1.81955336E-11
   5.30529833        -3.57647731E-11
   5.38982677        -5.23137159E-11
   5.47435522        -6.61937102E-11
   5.55888367        -7.58367188E-11
   5.64341211        -7.99339692E-11
   5.72794056        -7.76022649E-11
   5.81246901        -6.85154572E-11
   5.89699745        -5.29819626E-11
   5.98152590        -3.19558234E-11
   6.06605434        -6.97744596E-12
   6.15058279         1.99509246E-11
   6.23511124         4.65409412E-11
   6.31963968         7.04254433E-11
   6.40416813         8.93743760E-11
   6.48869658         1.01496984E-10
   6.57322502         1.05411319E-10
   6.65775347         1.00367936E-10
   6.74228191         8.63209226E-11
   6.82681036         6.39448147E-11
   6.91133881         3.46009853E-11
   6.99586725         2.58556604E-13
   7.08039570        -3.66236555E-11
   7.16492414        -7.32506486E-11
   7.24945259        -1.06675287E-10
   7.33398104        -1.34009040E-10
   7.41850948        -1.52655569E-10
   7.50303793        -1.60556665E-10
   7.58756638        -1.56436267E-10
   7.67209482        -1.40023396E-10
   7.75662327        -1.12226492E-10
   7.84115171        -7.52323204E-11
   7.92567968        -3.25008631E-11
   8.01020813         1.13641544E-11
   8.09473705         5.08803902E-11
   8.17926502         8.00844183E-11
   8.26379395         9.30401381E-11
   8.34832191         8.44231143E-11
   8.43285084         5.01288247E-11
   8.51737881        -1.21531552E-11
   8.60190773        -1.02462760E-10
   8.68643570        -2.18247323E-10
   8.77096462        -3.54240276E-10
   8.85549259        -5.02570097E-10
   8.94002151        -6.53107179E-10
   9.02454948        -7.94033728E-10
   9.10907841        -9.12598941E-10
   9.19360638        -9.96005389E-10
   9.27813530        -1.03235287E-09
   9.36266327        -1.01156972E-09
   9.44719219        -9.26240085E-10
   9.53172016        -7.72271858E-10
   9.61624908        -5.49334411E-10
   9.70077705        -2.61035887E-10
   9.78530502         8.51786280E-11
   9.86983395         4.78401319E-10
   9.95436192         9.04866293E-10
   10.0388908         1.34874734E-09
   10.1234188         1.79306359E-09
   10.2079477         2.22063301E-09
   10.2924757         2.61499911E-09
   10.3770046         2.96126879E-09
   10.4615326         3.24682525E-09
   10.5460615         3.46188744E-09
   10.6305895         3.59993746E-09
   10.7151184         3.65804453E-09
   10.7996464         3.63712505E-09
   10.8841753         3.54219742E-09
   10.9687033         3.38271677E-09
   11.0532322         3.17298898E-09
   11.1377602         2.93274094E-09
   11.2222891         2.68781220E-09
   11.3068171         2.47094767E-09
   11.3913460         2.32263075E-09
   11.4758739         2.29187291E-09
   11.5604029         2.43683607E-09
   11.6449308         2.82516410E-09
   11.7294598         3.53388918E-09
   11.8139877         4.64882977E-09
   11.8985167         6.26325258E-09
   11.9830446         8.47583870E-09
   12.0675735         1.13877903E-08
   12.1521015         1.50989923E-08
   12.2366304         1.97034247E-08
   12.3211584         2.52836383E-08
   12.4056873         3.19045412E-08
   12.4902153         3.96066895E-08
   12.5747442         4.83992366E-08
   12.6592722         5.82530042E-08
   12.7438011         6.90938862E-08
   12.8283291         8.07975482E-08
   12.9128580         9.31851787E-08
   12.9973860         1.06021702E-07
   13.0819149         1.19016747E-07
   13.1664429         1.31828671E-07
   13.2509708         1.44072885E-07
   13.3354998         1.55334106E-07
   13.4200277         1.65183465E-07
   13.5045567         1.73200604E-07
   13.5890846         1.79000708E-07
   13.6736135         1.82266049E-07
   13.7581415         1.82782045E-07
   13.8426704         1.80477286E-07
   13.9271984         1.75466880E-07
   14.0117273         1.68097955E-07
   14.0962553         1.58996684E-07
   14.1807842         1.49116204E-07
   14.2653122         1.39783523E-07
   14.3498411         1.32745541E-07
   14.4343691         1.30212342E-07
   14.5188980         1.34897249E-07
   14.6034260         1.50052614E-07
   14.6879549         1.79501370E-07
   14.7724829         2.27663008E-07
   14.8570118         2.99571639E-07
   14.9415398         4.00890372E-07
   15.0260687         5.37914900E-07
   15.1105967         7.17569890E-07
   15.1951256         9.47399542E-07
   15.2796535         1.23554310E-06
   15.3641825         1.59070157E-06
   15.4487104         2.02209822E-06
   15.5332394         2.53941857E-06
   15.6177673         3.15275111E-06
   15.7022963         3.87249474E-06
   15.7868242         4.70929444E-06
   15.8713531         5.67390407E-06
   15.9558811         6.77710432E-06
   16.0404091         8.02958129E-06
   16.1249390         9.44178555E-06
   16.2094669         1.10238225E-05
   16.2939949         1.27853045E-05
   16.3785229         1.47352448E-05
   16.4630527         1.68819133E-05
   16.5475807         1.92327352E-05
   16.6321087         2.17941779E-05
   16.7166367         2.45716365E-05
   16.8011646         2.75693874E-05
   16.8856945         3.07904447E-05
   16.9702225         3.42366220E-05
   17.0547504         3.79083940E-05
   17.1392784         4.18048512E-05
   17.2238083         4.59237635E-05
   17.3083363         5.02615840E-05
   17.3928642         5.48134267E-05
   17.4773922         5.95730489E-05
   17.5619221         6.45330219E-05
   17.6464500         6.96847128E-05
   17.7309780         7.50182808E-05
   17.8155060         8.05229356E-05
   17.9000359         8.61868466E-05
   17.9845638         9.19973536E-05
   18.0690918         9.79410470E-05
   18.1536198         1.04003979E-04
   18.2381496         1.10171582E-04
   18.3226776         1.16429015E-04
   18.4072056         1.22761310E-04
   18.4917336         1.29153355E-04
   18.5762634         1.35590337E-04
   18.6607914         1.42057615E-04
   18.7453194         1.48541134E-04
   18.8298473         1.55027403E-04
   18.9143772         1.61503805E-04
   18.9989052         1.67958671E-04
   19.0834332         1.74381392E-04
   19.1679611         1.80762683E-04
   19.2524910         1.87094716E-04
   19.3370190         1.93370841E-04
   19.4215469         1.99586211E-04
   19.5060749         2.05737393E-04
   19.5906048         2.11822713E-04
   19.6751328         2.17841967E-04
   19.7596607         2.23796669E-04
   19.8441887         2.29689686E-04
   19.9287186         2.35525411E-04
   20.0132465         2.41309506E-04
   20.0977745         2.47048651E-04
   20.1823025         2.52750528E-04
   20.2668324         2.58423592E-04
   20.3513603         2.64076691E-04
   20.4358883         2.69718905E-04
   20.5204163         2.75359344E-04
   20.6049442         2.81006825E-04
   20.6894741         2.86669616E-04
   20.7740021         2.92355224E-04
   20.8585300         2.98070168E-04
   20.9430580         3.03819805E-04
   21.0275879         3.09608033E-04
   21.1121159         3.15437443E-04
   21.1966438         3.21309082E-04
   21.2811718         3.27222340E-04
   21.3657017         3.33175092E-04
   21.4502296         3.39163846E-04
   21.5347576         3.45183624E-04
   21.6192856         3.51228344E-04
   21.7038155         3.57290817E-04
   21.7883434         3.63363244E-04
   21.8728714         3.69437184E-04
   21.9573994         3.75504111E-04
   22.0419292         3.81555583E-04
   22.1264572         3.87583335E-04
   22.2109852         3.93579976E-04
   22.2955132         3.99539043E-04
   22.3800430         4.05455183E-04
   22.4645710         4.11324727E-04
   22.5490990         4.17145377E-04
   22.6336269         4.22916870E-04
   22.7181568         4.28640749E-04
   22.8026848         4.34320653E-04
   22.8872128         4.39961994E-04
   22.9717407         4.45572165E-04
   23.0562706         4.51160420E-04
   23.1407986         4.56737442E-04
   23.2253265         4.62315395E-04
   23.3098545         4.67907259E-04
   23.3943844         4.73527034E-04
   23.4789124         4.79188573E-04
   23.5634403         4.84906195E-04
   23.6479683         4.90693084E-04
   23.7324982         4.96561872E-04
   23.8170261         5.02523442E-04
   23.9015541         5.08586934E-04
   23.9860821         5.14759275E-04
   24.0706100         5.21044596E-04
   24.1551399         5.27443888E-04
   24.2396679         5.33954997E-04
   24.3241959         5.40572219E-04
   24.4087238         5.47286065E-04
   24.4932537         5.54083614E-04
   24.5777817         5.60947810E-04
   24.6623096         5.67858224E-04
   24.7468376         5.74791105E-04
   24.8313675         5.81719447E-04
   24.9158955         5.88613853E-04
   25.0004234         5.95442485E-04
   25.0849514         6.02172106E-04
   25.1694813         6.08768605E-04
   25.2540092         6.15197758E-04
   25.3385372         6.21426152E-04
   25.4230652         6.27421541E-04
   25.5075951         6.33154588E-04
   25.5921230         6.38599275E-04
   25.6766510         6.43733656E-04
   25.7611790         6.48541376E-04
   25.8457088         6.53011841E-04
   25.9302368         6.57141267E-04
   26.0147648         6.60933729E-04
   26.0992928         6.64401043E-04
   26.1838226         6.67563640E-04
   26.2683506         6.70450798E-04
   26.3528786         6.73100702E-04
   26.4374065         6.75560441E-04
   26.5219364         6.77885779E-04
   26.6064644         6.80140452E-04
   26.6909924         6.82396290E-04
   26.7755203         6.84730941E-04
   26.8600502         6.87228632E-04
   26.9445782         6.89977256E-04
   27.0291061         6.93068258E-04
   27.1136341         6.96594128E-04
   27.1981640         7.00647419E-04
   27.2826920         7.05317943E-04
   27.3672199         7.10691907E-04
   27.4517479         7.16849230E-04
   27.5362759         7.23861624E-04
   27.6208057         7.31790497E-04
   27.7053337         7.40685326E-04
   27.7898617         7.50580861E-04
   27.8743896         7.61496252E-04
   27.9589195         7.73432665E-04
   28.0434475         7.86372111E-04
   28.1279755         8.00276117E-04
   28.2125034         8.15084029E-04
   28.2970333         8.30712961E-04
   28.3815613         8.47057439E-04
   28.4660892         8.63988011E-04
   28.5506172         8.81352578E-04
   28.6351471         8.98975821E-04
   28.7196751         9.16660938E-04
   28.8042030         9.34190350E-04
   28.8887310         9.51326743E-04
   28.9732609         9.67815344E-04
   29.0577888         9.83386184E-04
   29.1423168         9.97756026E-04
   29.2268448         1.01063133E-03
   29.3113747         1.02171092E-03
   29.3959026         1.03068922E-03
   29.4804306         1.03725994E-03
   29.5649586         1.04111864E-03
   29.6494884         1.04196696E-03
   29.7340164         1.03951583E-03
   29.8185444         1.03348878E-03
   29.9030724         1.02362595E-03
   29.9876022         1.00968743E-03
   30.0721302         9.91455629E-04
   30.1566582         9.68739332E-04
   30.2411861         9.41376144E-04
   30.3257160         9.09234572E-04
   30.4102440         8.72217352E-04
   30.4947720         8.30262143E-04
   30.5792999         7.83343974E-04
   30.6638298         7.31476117E-04
   30.7483578         6.74711016E-04
   30.8328857         6.13140524E-04
   30.9174137         5.46896365E-04
   31.0019417         4.76148998E-04
   31.0864716         4.01107798E-04
   31.1709995         3.22019303E-04
   31.2555275         2.39165878E-04
   31.3400555         1.52863722E-04
   31.4245853         6.34608441E-05
   31.5091133        -2.86655286E-05
   31.5936413        -1.23111706E-04
   31.6781693        -2.19450551E-04
   31.7626991        -3.17234953E-04
   31.8472271        -4.16000752E-04
   31.9317551        -5.15271036E-04
   32.0162849        -6.14559220E-04
   32.1008110        -7.13373069E-04
   32.1853409        -8.11218517E-04
   32.2698708        -9.07603302E-04
   32.3543968        -1.00204116E-03
   32.4389267        -1.09405490E-03
   32.5234528        -1.18318072E-03
   32.6079826        -1.26897136E-03
   32.6925125        -1.35099958E-03
   32.7770386        -1.42885989E-03
   32.8615685        -1.50217442E-03
   32.9460983        -1.57059275E-03
   33.0306244        -1.63379521E-03
   33.1151543        -1.69149705E-03
   33.1996803        -1.74344634E-03
   33.2842102        -1.78942923E-03
   33.3687401        -1.82926841E-03
   33.4532661        -1.86282664E-03
   33.5377960        -1.89000391E-03
   33.6223259        -1.91074098E-03
   33.7068520        -1.92501815E-03
   33.7913818        -1.93285348E-03
   33.8759079        -1.93430425E-03
   33.9604378        -1.92946405E-03
   34.0449677        -1.91846199E-03
   34.1294937        -1.90146291E-03
   34.2140236        -1.87866215E-03
   34.2985535        -1.85028615E-03
   34.3830795        -1.81658939E-03
   34.4676094        -1.77785184E-03
   34.5521355        -1.73437572E-03
   34.6366653        -1.68648420E-03
   34.7211952        -1.63451792E-03
   34.8057213        -1.57883228E-03
   34.8902512        -1.51979399E-03
   34.9747772        -1.45777874E-03
   35.0593071        -1.39316928E-03
   35.1438370        -1.32635061E-03
   35.2283630        -1.25770934E-03
   35.3128929        -1.18762965E-03
   35.3974228        -1.11649232E-03
   35.4819489        -1.04467117E-03
   35.5664787        -9.72530979E-04
   35.6510048        -9.00427345E-04
   35.7355347        -8.28702119E-04
   35.8200645        -7.57684116E-04
   35.9045906        -6.87686494E-04
   35.9891205        -6.19006110E-04
   36.0736504        -5.51921898E-04
   36.1581764        -4.86694509E-04
   36.2427063        -4.23565099E-04
   36.3272324        -3.62755236E-04
   36.4117622        -3.04465910E-04
   36.4962921        -2.48877477E-04
   36.5808182        -1.96149645E-04
   36.6653481        -1.46420731E-04
   36.7498779        -9.98082251E-05
   36.8344040        -5.64084294E-05
   36.9189339        -1.62968772E-05
   37.0034599         2.04714615E-05
   37.0879898         5.38622371E-05
   37.1725197         8.38609412E-05
   37.2570457         1.10472756E-04
   37.3415756         1.33721886E-04
   37.4261055         1.53651141E-04
   37.5106316         1.70321087E-04
   37.5951614         1.83809563E-04
   37.6796875         1.94210763E-04
   37.7642174         2.01634321E-04
   37.8487473         2.06204466E-04
   37.9332733         2.08059049E-04
   38.0178032         2.07348377E-04
   38.1023293         2.04233991E-04
   38.1868591         1.98887850E-04
   38.2713890         1.91490486E-04
   38.3559151         1.82230186E-04
   38.4404449         1.71301333E-04
   38.5249748         1.58903131E-04
   38.6095009         1.45238082E-04
   38.6940308         1.30510700E-04
   38.7785568         1.14925846E-04
   38.8630867         9.86874074E-05
   38.9476166         8.19966735E-05
   39.0321426         6.50511356E-05
   39.1166725         4.80429371E-05
   39.2012024         3.11576150E-05
   39.2857285         1.45727981E-05
   39.3702583        -1.54297936E-06
   39.4547844        -1.70313688E-05
   39.5393143        -3.17451922E-05
   39.6238441        -4.55494192E-05
   39.7083702        -5.83217989E-05
   39.7929001        -6.99537195E-05
   39.8774300        -8.03505609E-05
   39.9619560        -8.94321784E-05
   40.0464859        -9.71331538E-05
   40.1310120        -1.03402912E-04
   40.2155418        -1.08205742E-04
   40.3000717        -1.11520640E-04
   40.3845978        -1.13340990E-04
   40.4691277        -1.13674323E-04
   40.5536575        -1.12541667E-04
   40.6381836        -1.09976914E-04
   40.7227135        -1.06026229E-04
   40.8072395        -1.00747078E-04
   40.8917694        -9.42074330E-05
   40.9762993        -8.64846952E-05
   41.0608253        -7.76646557E-05
   41.1453552        -6.78404031E-05
   41.2298851        -5.71111741E-05
   41.3144112        -4.55810441E-05
   41.3989410        -3.33579155E-05
   41.4834671        -2.05520955E-05
   41.5679970        -7.27524639E-06
   41.6525269         6.36091909E-06
   41.7370529         2.02456831E-05
   41.8215828         3.42705280E-05
   41.9061089         4.83299737E-05
   41.9906387         6.23228043E-05
   42.0751686         7.61526389E-05
   42.1596947         8.97288919E-05
   42.2442245         1.02967198E-04
   42.3287544         1.15790230E-04
   42.4132805         1.28127853E-04
   42.4978104         1.39917596E-04
   42.5823364         1.51104774E-04
   42.6668663         1.61642412E-04
   42.7513962         1.71491600E-04
   42.8359222         1.80620773E-04
   42.9204521         1.89006183E-04
   43.0049820         1.96630936E-04
   43.0895081         2.03484960E-04
   43.1740379         2.09564561E-04
   43.2585640         2.14871863E-04
   43.3430939         2.19414273E-04
   43.4276237         2.23203810E-04
   43.5121498         2.26256845E-04
   43.5966797         2.28593257E-04
   43.6812096         2.30235921E-04
   43.7657356         2.31210419E-04
   43.8502655         2.31544138E-04
   43.9347916         2.31266182E-04
   44.0193214         2.30406804E-04
   44.1038513         2.28997087E-04
   44.1883774         2.27068507E-04
   44.2729073         2.24652904E-04
   44.3574371         2.21781913E-04
   44.4419632         2.18487301E-04
   44.5264931         2.14800471E-04
   44.6110191         2.10752434E-04
   44.6955490         2.06373981E-04
   44.7800789         2.01695366E-04
   44.8646049         1.96746652E-04
   44.9491348         1.91557396E-04
   45.0336647         1.86157093E-04
   45.1181908         1.80575007E-04
   45.2027206         1.74840316E-04
   45.2872467         1.68982311E-04
   45.3717766         1.63030330E-04
   45.4563065         1.57014045E-04
   45.5408325         1.50963417E-04
   45.6253624         1.44908845E-04
   45.7098885         1.38881180E-04
   45.7944183         1.32911868E-04
   45.8789482         1.27032661E-04
   45.9634743         1.21275916E-04
   46.0480042         1.15674324E-04
   46.1325340         1.10260742E-04
   46.2170601         1.05068073E-04
   46.3015900         1.00129088E-04
   46.3861160         9.54761053E-05
   46.4706459         9.11406896E-05
   46.5551758         8.71534357E-05
   46.6397018         8.35434330E-05
   46.7242317         8.03381336E-05
   46.8087616         7.75628578E-05
   46.8932877         7.52405467E-05
   46.9778175         7.33913548E-05
   47.0623436         7.20323515E-05
   47.1468735         7.11773973E-05
   47.2314034         7.08366279E-05
   47.3159294         7.10164240E-05
   47.4004593         7.17193034E-05
   47.4849892         7.29436506E-05
   47.5695152         7.46836959E-05
   47.6540451         7.69295148E-05
   47.7385712         7.96670574E-05
   47.8231010         8.28780903E-05
   47.9076309         8.65404654E-05
   47.9921570         9.06280693E-05
   48.0766869         9.51111142E-05
   48.1612167         9.99562762E-05
   48.2457428         1.05126914E-04
   48.3302727         1.10583220E-04
   48.4147987         1.16282703E-04
   48.4993286         1.22180121E-04
   48.5838585         1.28227955E-04
   48.6683846         1.34376547E-04
   48.7529144         1.40574411E-04
   48.8374405         1.46768507E-04
   48.9219704         1.52904380E-04
   49.0065002         1.58926618E-04
   49.0910263         1.64778889E-04
   49.1755562         1.70404441E-04
   49.2600861         1.75746201E-04
   49.3446121         1.80747258E-04
   49.4291420         1.85351208E-04
   49.5136681         1.89502491E-04
   49.5981979         1.93146931E-04
   49.6827278         1.96232140E-04
   49.7672539         1.98708076E-04
   49.8517838         2.00527735E-04
   49.9363136         2.01647606E-04
   50.0208397         2.02028226E-04
   50.1053696         2.01635135E-04
   50.1898956         2.00439332E-04
   50.2744255         1.98417736E-04
   50.3589554         1.95554152E-04
   50.4434814         1.91839397E-04
   50.5280113         1.87272119E-04
   50.6125412         1.81858981E-04
   50.6970673         1.75614958E-04
   50.7815971         1.68563711E-04
   50.8661232         1.60737356E-04
   50.9506531         1.52176610E-04
   51.0351830         1.42930614E-04
   51.1197090         1.33056368E-04
   51.2042389         1.22618498E-04
   51.2887688         1.11688627E-04
   51.3732948         1.00344521E-04
   51.4578247         8.86695416E-05
   51.5423508         7.67514866E-05
   51.6268806         6.46817425E-05
   51.7114105         5.25541727E-05
   51.7959366         4.04641141E-05
   51.8804665         2.85071837E-05
   51.9649963         1.67781727E-05
   52.0495224         5.37002961E-06
   52.1340523        -5.62727746E-06
   52.2185783        -1.61277130E-05
   52.3031082        -2.60501401E-05
   52.3876381        -3.53190953E-05
   52.4721642        -4.38656571E-05
   52.5566940        -5.16279506E-05
   52.6412201        -5.85518465E-05
   52.7257500        -6.45912878E-05
   52.8102798        -6.97085343E-05
   52.8948059        -7.38746312E-05
   52.9793358        -7.70692714E-05
   53.0638657        -7.92808860E-05
   53.1483917        -8.05065501E-05
   53.2329216        -8.07519100E-05
   53.3174477        -8.00307535E-05
   53.4019775        -7.83647847E-05
   53.4865074        -7.57832458E-05
   53.5710335        -7.23224657E-05
   53.6555634        -6.80252924E-05
   53.7400932        -6.29405258E-05
   53.8246193        -5.71224882E-05
   53.9091492        -5.06302204E-05
   53.9936752        -4.35268521E-05
   54.0782051        -3.58790203E-05
   54.1627350        -2.77560594E-05
   54.2472610        -1.92293337E-05
   54.3317909        -1.03715292E-05
   54.4163208        -1.25596171E-06
   54.5008469         8.04417687E-06
   54.5853767         1.74563993E-05
   54.6699028         2.69096836E-05
   54.7544327         3.63350191E-05
   54.8389626         4.56659582E-05
   54.9234886         5.48392127E-05
   55.0080185         6.37952471E-05
   55.0925484         7.24783968E-05
   55.1770744         8.08375626E-05
   55.2616043         8.88264258E-05
   55.3461304         9.64035717E-05
   55.4306602         1.03532868E-04
   55.5151901         1.10183522E-04
   55.5997162         1.16329989E-04
   55.6842461         1.21952195E-04
   55.7687759         1.27035295E-04
   55.8533020         1.31569439E-04
   55.9378319         1.35549795E-04
   56.0223579         1.38976146E-04
   56.1068878         1.41852564E-04
   56.1914177         1.44186895E-04
   56.2759438         1.45990751E-04
   56.3604736         1.47278552E-04
   56.4449997         1.48067600E-04
   56.5295296         1.48377163E-04
   56.6140594         1.48228311E-04
   56.6985855         1.47643339E-04
   56.7831154         1.46645281E-04
   56.8676453         1.45257756E-04
   56.9521713         1.43504250E-04
   57.0367012         1.41408120E-04
   57.1212273         1.38992065E-04
   57.2057571         1.36278089E-04
   57.2902870         1.33287234E-04
   57.3748131         1.30039465E-04
   57.4593430         1.26553685E-04
   57.5438728         1.22847661E-04
   57.6283989         1.18938035E-04
   57.7129288         1.14840499E-04
   57.7974548         1.10569898E-04
   57.8819847         1.06140309E-04
   57.9665146         1.01565398E-04
   58.0510406         9.68584136E-05
   58.1355705         9.20325474E-05
   58.2201004         8.71011798E-05
   58.3046265         8.20779169E-05
   58.3891563         7.69769395E-05
   58.4736824         7.18131123E-05
   58.5582123         6.66020642E-05
   58.6427422         6.13603406E-05
   58.7272682         5.61054585E-05
   58.8117981         5.08558405E-05
   58.8963280         4.56307898E-05
   58.9808540         4.04504644E-05
   59.0653839         3.53356263E-05
   59.1499100         3.03076249E-05
   59.2344398         2.53880444E-05
   59.3189697         2.05985998E-05
   59.4034958         1.59608735E-05
   59.4880257         1.14961058E-05
   59.5725517         7.22487630E-06
   59.6570816         3.16696969E-06
   59.7416115        -6.58803685E-07
   59.8261375        -4.23493611E-06
   59.9106674        -7.54530220E-06
   59.9951973        -1.05752215E-05
   60.0797234        -1.33117364E-05
   60.1642532        -1.57435661E-05
   60.2487793        -1.78611899E-05
   60.3333092        -1.96569436E-05
   60.4178391        -2.11249244E-05
   60.5023651        -2.22610524E-05
   60.5868950        -2.30629412E-05
   60.6714249        -2.35299813E-05
   60.7559509        -2.36631768E-05
   60.8404808        -2.34651361E-05
   60.9250069        -2.29400248E-05
   61.0095367        -2.20935235E-05
   61.0940666        -2.09327500E-05
   61.1785927        -1.94663280E-05
   61.2631226        -1.77043330E-05
   61.3476524        -1.56583774E-05
   61.4321785        -1.33415278E-05
   61.5167084        -1.07685482E-05
   61.6012344        -7.95571214E-06
   61.6857643        -4.92110757E-06
   61.7702942        -1.68447480E-06
   61.8548203         1.73263732E-06
   61.9393501         5.30697207E-06
   62.0238800         9.01351723E-06
   62.1084061         1.28256534E-05
   62.1929359         1.67152775E-05
   62.2774620         2.06528912E-05
   62.3619919         2.46079053E-05
   62.4465218         2.85488786E-05
   62.5310478         3.24437860E-05
   62.6155777         3.62604042E-05
   62.7001076         3.99667042E-05
   62.7846336         4.35311886E-05
   62.8691635         4.69234219E-05
   62.9536896         5.01143550E-05
   63.0382195         5.30769321E-05
   63.1227493         5.57863168E-05
   63.2072754         5.82205103E-05
   63.2918053         6.03606968E-05
   63.3763313         6.21916624E-05
   63.4608612         6.37019984E-05
   63.5453911         6.48845962E-05
   63.6299171         6.57366618E-05
   63.7144470         6.62600287E-05
   63.7989769         6.64612526E-05
   63.8835030         6.63514802E-05
   63.9680328         6.59465586E-05
   64.0525589         6.52668095E-05
   64.1370926         6.43368257E-05
   64.2216187         6.31851726E-05
   64.3061447         6.18440026E-05
   64.3906708         6.03487460E-05
   64.4752045         5.87374125E-05
   64.5597305         5.70502598E-05
   64.6442566         5.53290956E-05
   64.7287903         5.36167099E-05
   64.8133163         5.19563364E-05
   64.8978424         5.03908195E-05
   64.9823761         4.89622071E-05
   65.0669022         4.77110043E-05
   65.1514282         4.66756246E-05
   65.2359619         4.58918439E-05
   65.3204880         4.53922621E-05
   65.4050140         4.52058157E-05
   65.4895477         4.53573593E-05
   65.5740738         4.58673421E-05
   65.6585999         4.67514146E-05
   65.7431259         4.80202798E-05
   65.8276596         4.96795437E-05
   65.9121857         5.17294866E-05
   65.9967117         5.41651207E-05
   66.0812454         5.69762742E-05
   66.1657715         6.01475185E-05
   66.2502975         6.36585610E-05
   66.3348312         6.74842959E-05
   66.4193573         7.15951464E-05
   66.5038834         7.59574468E-05
   66.5884171         8.05337258E-05
   66.6729431         8.52831799E-05
   66.7574692         9.01621097E-05
   66.8419952         9.51244801E-05
   66.9265289         1.00122234E-04
   67.0110550         1.05106046E-04
   67.0955811         1.10025569E-04
   67.1801147         1.14830123E-04
   67.2646408         1.19469281E-04
   67.3491669         1.23893071E-04
   67.4337006         1.28052823E-04
   67.5182266         1.31901310E-04
   67.6027527         1.35393435E-04
   67.6872864         1.38486430E-04
   67.7718124         1.41140481E-04
   67.8563385         1.43318757E-04
   67.9408722         1.44988153E-04
   68.0253983         1.46119171E-04
   68.1099243         1.46686260E-04
   68.1944504         1.46668230E-04
   68.2789841         1.46048100E-04
   68.3635101         1.44813413E-04
   68.4480362         1.42956240E-04
   68.5325699         1.40473188E-04
   68.6170959         1.37365409E-04
   68.7016220         1.33638692E-04
   68.7861557         1.29303196E-04
   68.8706818         1.24373459E-04
   68.9552078         1.18868200E-04
   69.0397415         1.12810339E-04
   69.1242676         1.06226587E-04
   69.2087936         9.91473862E-05
   69.2933273         9.16067365E-05
   69.3778534         8.36417530E-05
   69.4623795         7.52925698E-05
   69.5469055         6.66020351E-05
   69.6314392         5.76153070E-05
   69.7159653         4.83796794E-05
   69.8004913         3.89441448E-05
   69.8850250         2.93591274E-05
   69.9695511         1.96760811E-05
   70.0540771         9.94724996E-06
   70.1386108         2.25223175E-07
   70.2231369        -9.43722171E-06
   70.3076630        -1.89876009E-05
   70.3921967        -2.83738264E-05
   70.4767227        -3.75447089E-05
   70.5612488        -4.64499753E-05
   70.6457748        -5.50406548E-05
   70.7303085        -6.32692972E-05
   70.8148346        -7.10902314E-05
   70.8993607        -7.84596414E-05
   70.9838943        -8.53360034E-05
   71.0684204        -9.16799981E-05
   71.1529465        -9.74550421E-05
   71.2374802        -1.02627186E-04
   71.3220062        -1.07165484E-04
   71.4065323        -1.11041903E-04
   71.4910660        -1.14231916E-04
   71.5755920        -1.16714233E-04
   71.6601181        -1.18471122E-04
   71.7446518        -1.19488432E-04
   71.8291779        -1.19755678E-04
   71.9137039        -1.19266224E-04
   71.9982300        -1.18017131E-04
   72.0827637        -1.16009287E-04
   72.1672897        -1.13247486E-04
   72.2518158        -1.09740147E-04
   72.3363495        -1.05499406E-04
   72.4208755        -1.00541140E-04
   72.5054016        -9.48846209E-05
   72.5899353        -8.85526024E-05
   72.6744614        -8.15711319E-05
   72.7589874        -7.39693423E-05
   72.8435211        -6.57793862E-05
   72.9280472        -5.70361517E-05
   73.0125732        -4.77772446E-05
   73.0971069        -3.80426500E-05
   73.1816330        -2.78746793E-05
   73.2661591        -1.73176959E-05
   73.3506851        -6.41799352E-06
   73.4352188         4.77639514E-06
   73.5197449         1.62158776E-05
   73.6042709         2.78495427E-05
   73.6888046         3.96252217E-05
   73.7733307         5.14898566E-05
   73.8578568         6.33895397E-05
   73.9423904         7.52699052E-05
   74.0269165         8.70761723E-05
   74.1114426         9.87535677E-05
   74.1959763         1.10247442E-04
   74.2805023         1.21503632E-04
   74.3650284         1.32468616E-04
   74.4495544         1.43089972E-04
   74.5340881         1.53316418E-04
   74.6186142         1.63098157E-04
   74.7031403         1.72387285E-04
   74.7876740         1.81137919E-04
   74.8722000         1.89306360E-04
   74.9567261         1.96851470E-04
   75.0412598         2.03734933E-04
   75.1257858         2.09921243E-04
   75.2103119         2.15378270E-04
   75.2948456         2.20076952E-04
   75.3793716         2.23992043E-04
   75.4638977         2.27101817E-04
   75.5484314         2.29388461E-04
   75.6329575         2.30838166E-04
   75.7174835         2.31441270E-04
   75.8020096         2.31192331E-04
   75.8865433         2.30090212E-04
   75.9710693         2.28138379E-04
   76.0555954         2.25344498E-04
   76.1401291         2.21721071E-04
   76.2246552         2.17285007E-04
   76.3091812         2.12057916E-04
   76.3937149         2.06065801E-04
   76.4782410         1.99339425E-04
   76.5627670         1.91913816E-04
   76.6473007         1.83828568E-04
   76.7318268         1.75127236E-04
   76.8163528         1.65857491E-04
   76.9008865         1.56070950E-04
   76.9854126         1.45822574E-04
   77.0699387         1.35170543E-04
   77.1544647         1.24175902E-04
   77.2389984         1.12902024E-04
   77.3235245         1.01414284E-04
   77.4080505         8.97792997E-05
   77.4925842         7.80647024E-05
   77.5771103         6.63382380E-05
   77.6616364         5.46674200E-05
   77.7461700         4.31186854E-05
   77.8306961         3.17569866E-05
   77.9152222         2.06450168E-05
   77.9997559         9.84272174E-06
   78.0842819        -5.93333482E-07
   78.1688080        -1.06104235E-05
   78.2533340        -2.01601288E-05
   78.3378677        -2.91987999E-05
   78.4223938        -3.76879070E-05
   78.5069199        -4.55941554E-05
   78.5914536        -5.28899254E-05
   78.6759796        -5.95531019E-05
   78.7605057        -6.55674157E-05
   78.8450394        -7.09220258E-05
   78.9295654        -7.56117661E-05
   79.0140915        -7.96366803E-05
   79.0986252        -8.30018180E-05
   79.1831512        -8.57169580E-05
   79.2676773        -8.77961575E-05
   79.3522110        -8.92573953E-05
   79.4367371        -9.01220264E-05
   79.5212631        -9.04144254E-05
   79.6057892        -9.01614112E-05
   79.6903229        -8.93917386E-05
   79.7748489        -8.81358574E-05
   79.8593750        -8.64251124E-05
   79.9439087        -8.42915397E-05
   80.0284348        -8.17674809E-05
   80.1129608        -7.88851030E-05
   80.1974945        -7.56761219E-05
   80.2820206        -7.21714459E-05
   80.3665466        -6.84009719E-05
   80.4510803        -6.43934472E-05
   80.5356064        -6.01759930E-05
   80.6201324        -5.57741951E-05
   80.7046585        -5.12118313E-05
   80.7891922        -4.65108460E-05
   80.8737183        -4.16911498E-05
   80.9582443        -3.67707435E-05
   81.0427780        -3.17654776E-05
   81.1273041        -2.66892748E-05
   81.2118301        -2.15540422E-05
   81.2963638        -1.63697860E-05
   81.3808899        -1.11447480E-05
   81.4654160        -5.88551438E-06
   81.5499496        -5.97255337E-07
   81.6344757         4.71605017E-06
   81.7190018         1.00514753E-05
   81.8035355         1.54067093E-05
   81.8880615         2.07799476E-05
   81.9725876         2.61693658E-05
   82.0571136         3.15729849E-05
   82.1416473         3.69882910E-05
   82.2261734         4.24119244E-05
   82.3106995         4.78394140E-05
   82.3952332         5.32649101E-05
   82.4797592         5.86809474E-05
   82.5642853         6.40783182E-05
   82.6488190         6.94457849E-05
   82.7333450         7.47700469E-05
   82.8178711         8.00358321E-05
   82.9024048         8.52256926E-05
   82.9869308         9.03201144E-05
   83.0714569         9.52977643E-05
   83.1559906         1.00135454E-04
   83.2405167         1.04808627E-04
   83.3250427         1.09291344E-04
   83.4095688         1.13556875E-04
   83.4941025         1.17577831E-04
   83.5786285         1.21326651E-04
   83.6631546         1.24776081E-04
   83.7476883         1.27899344E-04
   83.8322144         1.30670829E-04
   83.9167404         1.33066307E-04
   84.0012741         1.35063339E-04
   84.0858002         1.36641771E-04
   84.1703262         1.37783849E-04
   84.2548599         1.38474832E-04
   84.3393860         1.38702846E-04
   84.4239120         1.38459320E-04
   84.5084381         1.37739306E-04
   84.5929718         1.36541203E-04
   84.6774979         1.34867150E-04
   84.7620239         1.32722853E-04
   84.8465576         1.30117682E-04
   84.9310837         1.27064559E-04
   85.0156097         1.23579826E-04
   85.1001434         1.19683100E-04
   85.1846695         1.15397153E-04
   85.2691956         1.10747613E-04
   85.3537292         1.05762796E-04
   85.4382553         1.00473364E-04
   85.5227814         9.49121895E-05
   85.6073151         8.91138116E-05
   85.6918411         8.31144280E-05
   85.7763672         7.69513572E-05
   85.8608932         7.06628343E-05
   85.9454269         6.42876767E-05
   86.0299530         5.78650615E-05
   86.1144791         5.14340136E-05
   86.1990128         4.50333828E-05
   86.2835388         3.87014588E-05
   86.3680649         3.24756911E-05
   86.4525986         2.63924685E-05
   86.5371246         2.04869702E-05
   86.6216507         1.47928422E-05
   86.7061844         9.34213404E-06
   86.7907104         4.16501325E-06
   86.8752365        -7.10321785E-07
   86.9597702        -5.25779569E-06
   87.0442963        -9.45355350E-06
   87.1288223        -1.32761243E-05
   87.2133484        -1.67065646E-05
   87.2978821        -1.97284371E-05
   87.3824081        -2.23279239E-05
   87.4669342        -2.44940147E-05
   87.5514679        -2.62185076E-05
   87.6359940        -2.74960239E-05
   87.7205200        -2.83242316E-05
   87.8050537        -2.87037037E-05
   87.8895798        -2.86381692E-05
   87.9741058        -2.81343837E-05
   88.0586395        -2.72022589E-05
   88.1431656        -2.58547789E-05
   88.2276917        -2.41080634E-05
   88.3122177        -2.19812191E-05
   88.3967514        -1.94963541E-05
   88.4812775        -1.66783593E-05
   88.5658035        -1.35548189E-05
   88.6503372        -1.01558226E-05
   88.7348633        -6.51373193E-06
   88.8193893        -2.66281859E-06
   88.9039230         1.36086533E-06
   88.9884491         5.51993571E-06
   89.0729752         9.77597847E-06
   89.1575089         1.40900083E-05
   89.2420349         1.84226919E-05
   89.3265610         2.27350101E-05
   89.4110947         2.69884185E-05
   89.4956207         3.11454460E-05
   89.5801468         3.51700110E-05
   89.6646729         3.90278146E-05
   89.7492065         4.26868210E-05
   89.8337326         4.61174786E-05
   89.9182587         4.92930485E-05
   90.0027924         5.21900110E-05
   90.0873184         5.47880627E-05
   90.1718445         5.70704688E-05
   90.2563782         5.90242234E-05
   90.3409042         6.06398244E-05
   90.4254303         6.19116399E-05
   90.5099640         6.28376147E-05
   90.5944901         6.34193275E-05
   90.6790161         6.36618424E-05
   90.7635498         6.35734832E-05
   90.8480759         6.31657895E-05
   90.9326019         6.24532331E-05
   91.0171280         6.14529854E-05
   91.1016617         6.01848296E-05
   91.1861877         5.86707429E-05
   91.2707138         5.69348267E-05
   91.3552475         5.50030127E-05
   91.4397736         5.29027493E-05
   91.5242996         5.06628712E-05
   91.6088333         4.83131771E-05
   91.6933594         4.58842551E-05
   91.7778854         4.34071226E-05
   91.8624191         4.09129934E-05
   91.9469452         3.84328305E-05
   92.0314713         3.59971782E-05
   92.1159973         3.36356497E-05
   92.2005310         3.13767705E-05
   92.2850571         2.92475197E-05
   92.3695831         2.72731286E-05
   92.4541168         2.54767037E-05
   92.5386429         2.38790180E-05
   92.6231689         2.24982723E-05
   92.7077026         2.13498934E-05
   92.7922287         2.04463395E-05
   92.8767548         1.97971440E-05
   92.9612885         1.94086770E-05
   93.0458145         1.92841853E-05
   93.1303406         1.94238928E-05
   93.2148743         1.98250436E-05
   93.2994003         2.04819735E-05
   93.3839264         2.13864223E-05
   93.4684525         2.25275744E-05
   93.5529861         2.38924786E-05
   93.6375122         2.54661591E-05
   93.7220383         2.72321176E-05
   93.8065720         2.91724464E-05
   93.8910980         3.12683514E-05
   93.9756241         3.35003388E-05
   94.0601578         3.58487378E-05
   94.1446838         3.82939288E-05
   94.2292099         4.08165724E-05
   94.3137436         4.33981040E-05
   94.3982697         4.60208648E-05
   94.4827957         4.86683857E-05
   94.5673294         5.13255181E-05
   94.6518555         5.39787106E-05
   94.7363815         5.66159542E-05
   94.8209076         5.92269862E-05
   94.9054413         6.18032354E-05
   94.9899673         6.43378080E-05
   95.0744934         6.68254652E-05
   95.1590271         6.92624526E-05
   95.2435532         7.16465292E-05
   95.3280792         7.39765455E-05
   95.4126129         7.62524869E-05
   95.4971390         7.84752046E-05
   95.5816650         8.06461467E-05
   95.6661987         8.27671684E-05
   95.7507248         8.48402851E-05
   95.8352509         8.68673960E-05
   95.9197769         8.88500435E-05
   96.0043106         9.07891954E-05
   96.0888367         9.26849098E-05
   96.1733627         9.45363427E-05
   96.2578964         9.63412167E-05
   96.3424225         9.80959085E-05
   96.4269485         9.97952666E-05
   96.5114822         1.01432342E-04
   96.5960083         1.02998478E-04
   96.6805344         1.04483261E-04
   96.7650681         1.05874497E-04
   96.8495941         1.07158310E-04
   96.9341202         1.08319247E-04
   97.0186539         1.09340421E-04
   97.1031799         1.10203902E-04
   97.1877060         1.10890534E-04
   97.2722321         1.11380665E-04
   97.3567657         1.11654168E-04
   97.4412918         1.11690933E-04
   97.5258179         1.11470981E-04
   97.6103516         1.10975037E-04
   97.6948776         1.10184759E-04
   97.7794037         1.09083114E-04
   97.8639374         1.07654640E-04
   97.9484634         1.05885912E-04
   98.0329895         1.03765669E-04
   98.1175232         1.01285208E-04
   98.2020493         9.84384969E-05
   98.2865753         9.52224655E-05
   98.3711014         9.16370409E-05
   98.4556351         8.76853373E-05
   98.5401611         8.33737358E-05
   98.6246872         7.87117824E-05
   98.7092209         7.37122755E-05
   98.7937469         6.83911057E-05
   98.8782730         6.27673653E-05
   98.9628067         5.68629475E-05
   99.0473328         5.07026489E-05
   99.1318588         4.43138488E-05
   99.2163925         3.77264514E-05
   99.3009186         3.09725801E-05
   99.3854446         2.40864956E-05
   99.4699783         1.71043303E-05
   99.5545044         1.00638381E-05
   99.6390305         3.00424836E-06
   99.7235565        -4.03408239E-06
   99.8080902        -1.10097699E-05
   99.8926163        -1.78807204E-05
   99.9771423        -2.46044583E-05
   100.061676        -3.11382973E-05
   100.146202        -3.74396295E-05
   100.230728        -4.34663089E-05
   100.315262        -4.91767823E-05
   100.399788        -5.45306102E-05
   100.484314        -5.94885641E-05
   100.568848        -6.40130529E-05
   100.653374        -6.80684388E-05
   100.737900        -7.16212453E-05
   100.822433        -7.46405494E-05
   100.906960        -7.70983024E-05
   100.991486        -7.89694968E-05
   101.076012        -8.02324939E-05
   101.160545        -8.08692857E-05
   101.245071        -8.08656259E-05
   101.329597        -8.02112481E-05
   101.414131        -7.89000478E-05
   101.498657        -7.69301550E-05
   101.583183        -7.43038618E-05
   101.667717        -7.10280001E-05
   101.752243        -6.71134840E-05
   101.836769        -6.25755783E-05
   101.921303        -5.74337464E-05
   102.005829        -5.17113695E-05
   102.090355        -4.54357978E-05
   102.174881        -3.86379579E-05
   102.259415        -3.13523415E-05
   102.343941        -2.36166252E-05
   102.428467        -1.54714744E-05
   102.513000        -6.96026018E-06
   102.597527         1.87123635E-06
   102.682053         1.09750908E-05
   102.766586         2.03016061E-05
   102.851112         2.97995848E-05
   102.935638         3.94166636E-05
   103.020172         4.90997591E-05
   103.104698         5.87952600E-05
   103.189224         6.84494589E-05
   103.273758         7.80088667E-05
   103.358284         8.74206307E-05
   103.442810         9.66327207E-05
   103.527336         1.05594394E-04
   103.611870         1.14256465E-04
   103.696396         1.22571539E-04
   103.780922         1.30494431E-04
   103.865456         1.37982250E-04
   103.949982         1.44994803E-04
   104.034508         1.51494707E-04
   104.119041         1.57447736E-04
   104.203568         1.62822849E-04
   104.288094         1.67592443E-04
   104.372627         1.71732463E-04
   104.457153         1.75222507E-04
   104.541679         1.78046030E-04
   104.626213         1.80190298E-04
   104.710739         1.81646508E-04
   104.795265         1.82409829E-04
   104.879791         1.82479329E-04
   104.964325         1.81858122E-04
   105.048851         1.80553237E-04
   105.133377         1.78575545E-04
   105.217911         1.75939698E-04
   105.302437         1.72664237E-04
   105.386963         1.68771163E-04
   105.471497         1.64286015E-04
   105.556023         1.59237752E-04
   105.640549         1.53658388E-04
   105.725082         1.47583138E-04
   105.809608         1.41049837E-04
   105.894135         1.34099013E-04
   105.978661         1.26773535E-04
   106.063194         1.19118362E-04
   106.147720         1.11180190E-04
   106.232246         1.03007376E-04
   106.316780         9.46493528E-05
   106.401306         8.61563822E-05
   106.485832         7.75793451E-05
   106.570366         6.89691733E-05
   106.654892         6.03765257E-05
   106.739418         5.18515335E-05
   106.823952         4.34432659E-05
   106.908478         3.51994786E-05
   106.993004         2.71662429E-05
   107.077538         1.93875858E-05
   107.162064         1.19053111E-05
   107.246590         4.75850902E-06
   107.331116        -2.01643456E-06
   107.415649        -8.38619599E-06
   107.500175        -1.43206680E-05
   107.584702        -1.97930021E-05
   107.669235        -2.47798398E-05
   107.753761        -2.92613240E-05
   107.838287        -3.32210911E-05
   107.922821        -3.66464665E-05
   108.007347        -3.95282659E-05
   108.091873        -4.18609343E-05
   108.176407        -4.36424307E-05
   108.260933        -4.48742539E-05
   108.345459        -4.55612972E-05
   108.429993        -4.57117385E-05
   108.514519        -4.53370922E-05
   108.599045        -4.44519064E-05
   108.683571        -4.30737455E-05
   108.768105        -4.12230329E-05
   108.852631        -3.89228771E-05
   108.937157        -3.61988641E-05
   109.021690        -3.30789480E-05
   109.106216        -2.95931623E-05
   109.190742        -2.57734810E-05
   109.275276        -2.16535936E-05
   109.359802        -1.72685923E-05
   109.444328        -1.26548830E-05
   109.528862        -7.84973690E-06
   109.613388        -2.89117747E-06
   109.697914         2.18238006E-06
   109.782440         7.33241995E-06
   109.866974         1.25205233E-05
   109.951500         1.77087950E-05
   110.036026         2.28602075E-05
   110.120560         2.79387295E-05
   110.205086         3.29098220E-05
   110.289612         3.77406250E-05
   110.374146         4.24002610E-05
   110.458672         4.68601393E-05
   110.543198         5.10941245E-05
   110.627731         5.50787518E-05
   110.712257         5.87934010E-05
   110.796783         6.22204680E-05
   110.881317         6.53452953E-05
   110.965843         6.81564488E-05
   111.050369         7.06454302E-05
   111.134895         7.28069499E-05
   111.219429         7.46385340E-05
   111.303955         7.61406773E-05
   111.388481         7.73164720E-05
   111.473015         7.81714771E-05
   111.557541         7.87137396E-05
   111.642067         7.89532205E-05
   111.726601         7.89017722E-05
   111.811127         7.85727898E-05
   111.895653         7.79809925E-05
   111.980186         7.71421473E-05
   112.064713         7.60728362E-05
   112.149239         7.47900267E-05
   112.233772         7.33111956E-05
   112.318298         7.16538052E-05
   112.402824         6.98352160E-05
   112.487350         6.78725992E-05
   112.571884         6.57827040E-05
   112.656410         6.35817923E-05
   112.740936         6.12856747E-05
   112.825470         5.89095544E-05
   112.909996         5.64680777E-05
   112.994522         5.39755092E-05
   113.079056         5.14455242E-05
   113.163582         4.88915430E-05
   113.248108         4.63267024E-05
   113.332642         4.37640338E-05
   113.417168         4.12165500E-05
   113.501694         3.86973734E-05
   113.586220         3.62198480E-05
   113.670753         3.37976089E-05
   113.755280         3.14447207E-05
   113.839806         2.91757242E-05
   113.924339         2.70056153E-05
   114.008865         2.49499026E-05
   114.093391         2.30245496E-05
   114.177925         2.12458799E-05
   114.262451         1.96306046E-05
   114.346977         1.81954965E-05
   114.431511         1.69573232E-05
   114.516037         1.59326210E-05
   114.600563         1.51374543E-05
   114.685097         1.45871409E-05
   114.769623         1.42959843E-05
   114.854149         1.42769895E-05
   114.938675         1.45415070E-05
   115.023209         1.50990509E-05
   115.107735         1.59569045E-05
   115.192261         1.71199736E-05
   115.276794         1.85905283E-05
   115.361320         2.03680229E-05
   115.445847         2.24489759E-05
   115.530380         2.48268825E-05
   115.614906         2.74922313E-05
   115.699432         3.04324622E-05
   115.783966         3.36320954E-05
   115.868492         3.70728849E-05
   115.953018         4.07338994E-05
   116.037552         4.45918231E-05
   116.122078         4.86211029E-05
   116.206604         5.27943412E-05
   116.291130         5.70825468E-05
   116.375664         6.14553428E-05
   116.460190         6.58814242E-05
   116.544716         7.03288024E-05
   116.629250         7.47651939E-05
   116.713776         7.91582352E-05
   116.798302         8.34757957E-05
   116.882835         8.76864215E-05
   116.967361         9.17593425E-05
   117.051888         9.56649528E-05
   117.136421         9.93748181E-05
   117.220947         1.02862075E-04
   117.305473         1.06101368E-04
   117.389999         1.09069144E-04
   117.474533         1.11743619E-04
   117.559059         1.14104885E-04
   117.643585         1.16135045E-04
   117.728119         1.17818010E-04
   117.812645         1.19139790E-04
   117.897171         1.20088196E-04
   117.981705         1.20653094E-04
   118.066231         1.20826124E-04
   118.150757         1.20600918E-04
   118.235291         1.19973018E-04
   118.319817         1.18939781E-04
   118.404343         1.17500531E-04
   118.488876         1.15656563E-04
   118.573402         1.13411064E-04
   118.657928         1.10769237E-04
   118.742455         1.07738371E-04
   118.826988         1.04327846E-04
   118.911514         1.00548983E-04
   118.996040         9.64154315E-05
   119.080574         9.19428203E-05
   119.165100         8.71490411E-05
   119.249626         8.20540372E-05
   119.334160         7.66798548E-05
   119.418686         7.10505847E-05
   119.503212         6.51923328E-05
   119.587746         5.91330790E-05
   119.672272         5.29025347E-05
   119.756798         4.65321209E-05
   119.841324         4.00547397E-05
   119.925858         3.35045916E-05
   120.010384         2.69170414E-05
   120.094910         2.03283453E-05
   120.179443         1.37754832E-05
   120.263969         7.29583189E-06
   120.348495         9.26962684E-07
   120.433029        -5.29359522E-06
   120.517555        -1.13287260E-05
   120.602081        -1.71418851E-05
   120.686615        -2.26974535E-05
   120.771141        -2.79608957E-05
   120.855667        -3.28990609E-05
   120.940201        -3.74804622E-05
   121.024727        -4.16754447E-05
   121.109253        -4.54563160E-05
   121.193779        -4.87977122E-05
   121.278313        -5.16766377E-05
   121.362839        -5.40726833E-05
   121.447365        -5.59681757E-05
   121.531898        -5.73483849E-05
   121.616425        -5.82015382E-05
   121.700951        -5.85191010E-05
   121.785484        -5.82958237E-05
   121.870010        -5.75298254E-05
   121.954536        -5.62226596E-05
   122.039070        -5.43794959E-05
   122.123596        -5.20090762E-05
   122.208122        -4.91236715E-05
   122.292656        -4.57392161E-05
   122.377182        -4.18750424E-05
   122.461708        -3.75539894E-05
   122.546234        -3.28021379E-05
   122.630768        -2.76487626E-05
   122.715294        -2.21260125E-05
   122.799820        -1.62687465E-05
   122.884354        -1.01143860E-05
   122.968880        -3.70242924E-06
   123.053406         2.92568348E-06
   123.137939         9.72692305E-06
   123.222466         1.66570862E-05
   123.306992         2.36710184E-05
   123.391525         3.07232367E-05
   123.476051         3.77679935E-05
   123.560577         4.47599014E-05
   123.645103         5.16542968E-05
   123.729637         5.84075315E-05
   123.814163         6.49775393E-05
   123.898689         7.13240515E-05
   123.983223         7.74091823E-05
   124.067749         8.31975049E-05
   124.152275         8.86566340E-05
   124.236809         9.37573350E-05
   124.321335         9.84738945E-05
   124.405861         1.02784266E-04
   124.490395         1.06670333E-04
   124.574921         1.10117850E-04
   124.659447         1.13116803E-04
   124.743980         1.15661162E-04
   124.828506         1.17749172E-04
   124.913033         1.19383054E-04
   124.997559         1.20569021E-04
   125.082092         1.21317215E-04
   125.166618         1.21641446E-04
   125.251144         1.21559009E-04
   125.335678         1.21090372E-04
   125.420204         1.20259036E-04
   125.504730         1.19091041E-04
   125.589264         1.17614713E-04
   125.673790         1.15860232E-04
   125.758316         1.13859314E-04
   125.842850         1.11644564E-04
   125.927376         1.09249326E-04
   126.011902         1.06706990E-04
   126.096436         1.04050763E-04
   126.180962         1.01313039E-04
   126.265488         9.85251754E-05
   126.350014         9.57170632E-05
   126.434547         9.29166927E-05
   126.519073         9.01499297E-05
   126.603600         8.74402904E-05
   126.688133         8.48085765E-05
   126.772659         8.22727015E-05
   126.857185         7.98477267E-05
   126.941719         7.75455846E-05
   127.026245         7.53749919E-05
   127.110771         7.33417328E-05
   127.195305         7.14483540E-05
   127.279831         6.96944917E-05
   127.364357         6.80769881E-05
   127.448883         6.65898770E-05
   127.533417         6.52249000E-05
   127.617943         6.39715508E-05
   127.702469         6.28173439E-05
   127.787003         6.17482292E-05
   127.871529         6.07487818E-05
   127.956055         5.98027182E-05
   128.040588         5.88929688E-05
   128.125107         5.80021733E-05
   128.209641         5.71129785E-05
   128.294174         5.62083187E-05
   128.378693         5.52717065E-05
   128.463226         5.42875096E-05
   128.547760         5.32413032E-05
   128.632278         5.21200127E-05
   128.716812         5.09121091E-05
   128.801346         4.96079956E-05
   128.885864         4.81999523E-05
   128.970398         4.66824276E-05
   129.054932         4.50521584E-05
   129.139450         4.33082168E-05
   129.223984         4.14520655E-05
   129.308517         3.94876661E-05
   129.393036         3.74213814E-05
   129.477570         3.52620555E-05
   129.562103         3.30208568E-05
   129.646622         3.07112350E-05
   129.731155         2.83487334E-05
   129.815689         2.59508506E-05
   129.900208         2.35368607E-05
   129.984741         2.11275838E-05
   130.069275         1.87451624E-05
   130.153793         1.64126905E-05
   130.238327         1.41540377E-05
   130.322861         1.19935012E-05
   130.407379         9.95546088E-06
   130.491913         8.06413027E-06
   130.576431         6.34307389E-06
   130.660965         4.81509142E-06
   130.745499         3.50167988E-06
   130.830017         2.42287297E-06
   130.914551         1.59687477E-06
   130.999084         1.03979391E-06
   131.083603         7.65353775E-07
   131.168137         7.84716065E-07
   131.252670         1.10621284E-06
   131.337189         1.73525518E-06
   131.421722         2.67410701E-06
   131.506256         3.92187258E-06
   131.590775         5.47442551E-06
   131.675308         7.32437411E-06
   131.759842         9.46119690E-06
   131.844360         1.18712351E-05
   131.928894         1.45378626E-05
   132.013428         1.74417019E-05
   132.097946         2.05608139E-05
   132.182480         2.38710345E-05
   132.267014         2.73461137E-05
   132.351532         3.09581956E-05
   132.436066         3.46780798E-05
   132.520599         3.84756531E-05
   132.605118         4.23201527E-05
   132.689651         4.61806630E-05
   132.774185         5.00264323E-05
   132.858704         5.38271706E-05
   132.943237         5.75534541E-05
   133.027771         6.11770665E-05
   133.112289         6.46712142E-05
   133.196823         6.80108496E-05
   133.281342         7.11727989E-05
   133.365875         7.41360782E-05
   133.450409         7.68817699E-05
   133.534927         7.93934159E-05
   133.619461         8.16569154E-05
   133.703995         8.36605177E-05
   133.788513         8.53949241E-05
   133.873047         8.68531497E-05
   133.957581         8.80304578E-05
   134.042099         8.89244620E-05
   134.126633         8.95347112E-05
   134.211166         8.98629514E-05
   134.295685         8.99128136E-05
   134.380219         8.96897473E-05
   134.464752         8.92010212E-05
   134.549271         8.84554684E-05
   134.633804         8.74635225E-05
   134.718338         8.62370944E-05
   134.802856         8.47894407E-05
   134.887390         8.31351281E-05
   134.971924         8.12898870E-05
   135.056442         7.92704523E-05
   135.140976         7.70945699E-05
   135.225510         7.47808590E-05
   135.310028         7.23486010E-05
   135.394562         6.98176445E-05
   135.479095         6.72084279E-05
   135.563614         6.45415275E-05
   135.648148         6.18378108E-05
   135.732666         5.91180760E-05
   135.817200         5.64030051E-05
   135.901733         5.37128944E-05
   135.986252         5.10676218E-05
   136.070786         4.84862612E-05
   136.155319         4.59871771E-05
   136.239838         4.35875445E-05
   136.324371         4.13034250E-05
   136.408905         3.91495087E-05
   136.493423         3.71390197E-05
   136.577957         3.52835377E-05
   136.662491         3.35930199E-05
   136.747009         3.20756189E-05
   136.831543         3.07378068E-05
   136.916077         2.95841619E-05
   137.000595         2.86176491E-05
   137.085129         2.78394764E-05
   137.169662         2.72492653E-05
   137.254181         2.68451349E-05
   137.338715         2.66237894E-05
   137.423248         2.65806102E-05
   137.507767         2.67098349E-05
   137.592300         2.70045712E-05
   137.676834         2.74570812E-05
   137.761353         2.80586373E-05
   137.845886         2.87998446E-05
   137.930420         2.96706457E-05
   138.014938         3.06603688E-05
   138.099472         3.17579106E-05
   138.183990         3.29517534E-05
   138.268524         3.42300991E-05
   138.353058         3.55808443E-05
   138.437576         3.69918052E-05
   138.522110         3.84506893E-05
   138.606644         3.99452001E-05
   138.691162         4.14631868E-05
   138.775696         4.29925967E-05
   138.860229         4.45217156E-05
   138.944748         4.60391202E-05
   139.029282         4.75337511E-05
   139.113815         4.89952108E-05
   139.198334         5.04136005E-05
   139.282867         5.17797307E-05
   139.367401         5.30852267E-05
   139.451920         5.43225506E-05
   139.536453         5.54850376E-05
   139.620987         5.65670707E-05
   139.705505         5.75640152E-05
   139.790039         5.84722438E-05
   139.874573         5.92892866E-05
   139.959091         6.00135172E-05
   140.043625         6.06443245E-05
   140.128159         6.11819123E-05
   140.212677         6.16272009E-05
   140.297211         6.19817583E-05
   140.381744         6.22475563E-05
   140.466263         6.24268578E-05
   140.550797         6.25220273E-05
   140.635330         6.25352550E-05
   140.719849         6.24685781E-05
   140.804382         6.23236265E-05
   140.888901         6.21013533E-05
   140.973434         6.18020931E-05
   141.057968         6.14253659E-05
   141.142487         6.09699455E-05
   141.227020         6.04336237E-05
   141.311554         5.98135775E-05
   141.396072         5.91060161E-05
   141.480606         5.83066467E-05
   141.565140         5.74105688E-05
   141.649658         5.64127149E-05
   141.734192         5.53077371E-05
   141.818726         5.40904985E-05
   141.903244         5.27562115E-05
   141.987778         5.13006744E-05
   142.072311         4.97207184E-05
   142.156830         4.80141789E-05
   142.241364         4.61804193E-05
   142.325897         4.42203491E-05
   142.410416         4.21368568E-05
   142.494949         3.99347082E-05
   142.579483         3.76209719E-05
   142.664001         3.52049428E-05
   142.748535         3.26981935E-05
   142.833069         3.01146429E-05
   142.917587         2.74705380E-05
   143.002121         2.47842472E-05
   143.086655         2.20762249E-05
   143.171173         1.93687811E-05
   143.255707         1.66858244E-05
   143.340225         1.40526499E-05
   143.424759         1.14955328E-05
   143.509293         9.04150420E-06
   143.593811         6.71798125E-06
   143.678345         4.55222244E-06
   143.762878         2.57130682E-06
   143.847397         8.01272108E-07
   143.931931        -7.32858382E-07
   144.016464        -2.00761224E-06
   144.100983        -3.00148236E-06
   144.185516        -3.69510371E-06
   144.270050        -4.07165635E-06
   144.354568        -4.11713063E-06
   144.439102        -3.82050848E-06
   144.523636        -3.17398667E-06
   144.608154        -2.17306206E-06
   144.692688        -8.16730676E-07
   144.777222         8.92681044E-07
   144.861740         2.94930283E-06
   144.946274         5.34390801E-06
   145.030807         8.06399203E-06
   145.115326         1.10939800E-05
   145.199860         1.44153937E-05
   145.284393         1.80070328E-05
   145.368912         2.18453897E-05
   145.453445         2.59046938E-05
   145.537979         3.01574764E-05
   145.622498         3.45747285E-05
   145.707031         3.91262329E-05
   145.791550         4.37809831E-05
   145.876083         4.85073397E-05
   145.960617         5.32735357E-05
   146.045135         5.80478227E-05
   146.129669         6.27987611E-05
   146.214203         6.74956682E-05
   146.298721         7.21086544E-05
   146.383255         7.66089288E-05
   146.467789         8.09690609E-05
   146.552307         8.51631339E-05
   146.636841         8.91668096E-05
   146.721375         9.29575908E-05
   146.805893         9.65148647E-05
   146.890427         9.98199685E-05
   146.974960         1.02856138E-04
   147.059479         1.05608764E-04
   147.144012         1.08065222E-04
   147.228546         1.10214765E-04
   147.313065         1.12048743E-04
   147.397598         1.13560280E-04
   147.482132         1.14744391E-04
   147.566650         1.15597803E-04
   147.651184         1.16118863E-04
   147.735718         1.16307543E-04
   147.820236         1.16165204E-04
   147.904770         1.15694675E-04
   147.989304         1.14899958E-04
   148.073822         1.13786300E-04
   148.158356         1.12360060E-04
   148.242874         1.10628571E-04
   148.327408         1.08600136E-04
   148.411942         1.06283980E-04
   148.496460         1.03690181E-04
   148.580994         1.00829617E-04
   148.665527         9.77140080E-05
   148.750046         9.43558407E-05
   148.834579         9.07684807E-05
   148.919113         8.69660944E-05
   149.003632         8.29637502E-05
   149.088165         7.87773824E-05
   149.172699         7.44239805E-05
   149.257217         6.99213997E-05
   149.341751         6.52885719E-05
   149.426285         6.05455134E-05
   149.510803         5.57132043E-05
   149.595337         5.08137491E-05
   149.679871         4.58702052E-05
   149.764389         4.09065651E-05
   149.848923         3.59478108E-05
   149.933456         3.10196847E-05
   150.017975         2.61486184E-05
   150.102509         2.13615967E-05
   150.187042         1.66861046E-05
   150.271561         1.21498488E-05
   150.356094         7.78056619E-06
   150.440628         3.60593731E-06
   150.525146        -3.46708021E-07
   150.609680        -4.05059563E-06
   150.694214        -7.47978083E-06
   150.778732        -1.06093157E-05
   150.863266        -1.34155362E-05
   150.947784        -1.58762687E-05
   151.032318        -1.79712570E-05
   151.116852        -1.96821729E-05
   151.201370        -2.09930131E-05
   151.285904        -2.18902005E-05
   151.370438        -2.23629941E-05
   151.454956        -2.24034757E-05
   151.539490        -2.20069087E-05
   151.624023        -2.11716888E-05
   151.708542        -1.98996495E-05
   151.793076        -1.81960768E-05
   151.877609        -1.60696327E-05
   151.962128        -1.35326391E-05
   152.046661        -1.06008029E-05
   152.131195        -7.29330168E-06
   152.215714        -3.63261529E-06
   152.300247         3.55609842E-07
   152.384781         4.64271125E-06
   152.469299         9.19729428E-06
   152.553833         1.39853719E-05
   152.638367         1.89708153E-05
   152.722885         2.41155958E-05
   152.807419         2.93800986E-05
   152.891953         3.47235800E-05
   152.976471         4.01045472E-05
   153.061005         4.54811889E-05
   153.145538         5.08116973E-05
   153.230057         5.60548833E-05
   153.314590         6.11704527E-05
   153.399109         6.61195154E-05
   153.483643         7.08649241E-05
   153.568176         7.53716668E-05
   153.652695         7.96073073E-05
   153.737228         8.35421379E-05
   153.821762         8.71496668E-05
   153.906281         9.04067274E-05
   153.990814         9.32937255E-05
   154.075348         9.57948141E-05
   154.159866         9.78979588E-05
   154.244400         9.95950468E-05
   154.328934         1.00881844E-04
   154.413452         1.01758065E-04
   154.497986         1.02227241E-04
   154.582520         1.02296493E-04
   154.667038         1.01976526E-04
   154.751572         1.01281425E-04
   154.836105         1.00228310E-04
   154.920624         9.88371539E-05
   155.005157         9.71303598E-05
   155.089691         9.51326438E-05
   155.174210         9.28705485E-05
   155.258743         9.03720429E-05
   155.343277         8.76663325E-05
   155.427795         8.47833362E-05
   155.512329         8.17534165E-05
   155.596863         7.86068631E-05
   155.681381         7.53738204E-05
   155.765915         7.20836397E-05
   155.850433         6.87648571E-05
   155.934967         6.54447140E-05
   156.019501         6.21489817E-05
