  -4.50000000         0.00000000    
  -4.41547155         0.00000000    
  -4.33094311         0.00000000    
  -4.24641466         0.00000000    
  -4.16188622        -1.79846501E-24
  -4.07735777        -1.36975515E-25
  -3.99282932         9.75297010E-23
  -3.90830088         7.28946049E-22
  -3.82377243         3.08841836E-21
  -3.73924398         9.07791948E-21
  -3.65471554         1.90270088E-20
  -3.57018733         2.42638650E-20
  -3.48565888        -7.85590715E-21
  -3.40113044        -1.54243619E-19
  -3.31660199        -5.49149492E-19
  -3.23207355        -1.36321040E-18
  -3.14754510        -2.71107391E-18
  -3.06301665        -4.45668784E-18
  -2.97848821        -5.92356899E-18
  -2.89395976        -5.59374520E-18
  -2.80943131        -9.79767415E-19
  -2.72490287         1.10625340E-17
  -2.64037442         3.33126974E-17
  -2.55584598         6.63391440E-17
  -2.47131753         1.06047757E-16
  -2.38678908         1.41325727E-16
  -2.30226064         1.52961021E-16
  -2.21773219         1.15266017E-16
  -2.13320374         1.59262419E-18
  -2.04867530        -2.05979050E-16
  -1.96414697        -5.04034579E-16
  -1.87961853        -8.55411850E-16
  -1.79509008        -1.18165914E-15
  -1.71056163        -1.36557815E-15
  -1.62603319        -1.26791780E-15
  -1.54150474        -7.59190972E-16
  -1.45697629         2.37050138E-16
  -1.37244797         1.69826506E-15
  -1.28791952         3.46704455E-15
  -1.20339108         5.23920329E-15
  -1.11886263         6.58689030E-15
  -1.03433418         7.02087992E-15
 -0.949805737         6.08650390E-15
 -0.865277290         3.47766275E-15
 -0.780748844        -8.53906461E-16
 -0.696220458        -6.61903775E-15
 -0.611692011        -1.31617917E-14
 -0.527163565        -1.94913970E-14
 -0.442635119        -2.43746368E-14
 -0.358106703        -2.64778247E-14
 -0.273578256        -2.45427932E-14
 -0.189049825        -1.75831317E-14
 -0.104521386        -5.09293891E-15
  -1.99929532E-02     1.27349040E-14
   6.45354837E-02     3.47875381E-14
  0.149063915         5.88314526E-14
  0.233592346         8.13866864E-14
  0.318120778         9.77657625E-14
  0.402649224         1.02393517E-13
  0.487177670         8.95178029E-14
  0.571706116         5.43668944E-14
  0.656234503        -5.30418215E-15
  0.740762949        -8.74954609E-14
  0.825291395        -1.84462173E-13
  0.909819841        -2.81958349E-13
  0.994348288        -3.59777637E-13
   1.07887673        -3.94023491E-13
   1.16340518        -3.61228408E-13
   1.24793363        -2.43981999E-13
   1.33246195        -3.71808365E-14
   1.41699040         2.46473577E-13
   1.50151885         5.73381891E-13
   1.58604729         8.89927509E-13
   1.67057574         1.12837311E-12
   1.75510418         1.21784863E-12
   1.83963263         1.09924212E-12
   1.92416108         7.41501478E-13
   2.00868940         1.55824870E-13
   2.09321785        -5.96163201E-13
   2.17774630        -1.40366332E-12
   2.26227474        -2.11934441E-12
   2.34680319        -2.58305183E-12
   2.43133163        -2.65357029E-12
   2.51586008        -2.24287776E-12
   2.60038853        -1.34561492E-12
   2.68491697        -5.61687808E-14
   2.76944542         1.43281643E-12
   2.85397387         2.85353902E-12
   2.93850231         3.90642033E-12
   3.02303076         4.31761484E-12
   3.10755920         3.90036657E-12
   3.19208765         2.60750015E-12
   3.27661610         5.62505066E-13
   3.36114454        -1.94035066E-12
   3.44567299        -4.47083820E-12
   3.53020120        -6.52941156E-12
   3.61472964        -7.63530992E-12
   3.69925809        -7.42014089E-12
   3.78378654        -5.70833528E-12
   3.86831498        -2.56721098E-12
   3.95284343         1.68529860E-12
   4.03737211         6.51881977E-12
   4.12190056         1.12684940E-11
   4.20642900         1.52377555E-11
   4.29095745         1.78052833E-11
   4.37548542         1.85144261E-11
   4.46001387         1.71277593E-11
   4.54454231         1.36379675E-11
   4.62907076         8.23788086E-12
   4.71359921         1.26310160E-12
   4.79812765        -6.87133033E-12
   4.88265610        -1.57172799E-11
   4.96718454        -2.48046913E-11
   5.05171299        -3.36111763E-11
   5.13624144        -4.14987107E-11
   5.22076988        -4.76416025E-11
   5.30529833        -5.09808515E-11
   5.38982677        -5.02422895E-11
   5.47435522        -4.40482303E-11
   5.55888367        -3.11330753E-11
   5.64341211        -1.06472123E-11
   5.72794056         1.74947400E-11
   5.81246901         5.22897697E-11
   5.89699745         9.14269077E-11
   5.98152590         1.31249109E-10
   6.06605434         1.66951009E-10
   6.15058279         1.93028551E-10
   6.23511124         2.03947748E-10
   6.31963968         1.94951139E-10
   6.40416813         1.62880251E-10
   6.48869658         1.06873614E-10
   6.57322502         2.88054199E-11
   6.65775347        -6.66365713E-11
   6.74228191        -1.72278442E-10
   6.82681036        -2.79168050E-10
   6.91133881        -3.77568393E-10
   6.99586725        -4.58087485E-10
   7.08039570        -5.12763387E-10
   7.16492414        -5.35933020E-10
   7.24945259        -5.24746468E-10
   7.33398104        -4.79259354E-10
   7.41850948        -4.02114675E-10
   7.50303793        -2.97905978E-10
   7.58756638        -1.72370951E-10
   7.67209482        -3.15984218E-11
   7.75662327         1.18584476E-10
   7.84115171         2.72920408E-10
   7.92567968         4.26679386E-10
   8.01020813         5.75302916E-10
   8.09473705         7.13853310E-10
   8.17926502         8.36439973E-10
   8.26379395         9.35810540E-10
   8.34832191         1.00327069E-09
   8.43285084         1.02903164E-09
   8.51737881         1.00299824E-09
   8.60190773         9.15917953E-10
   8.68643570         7.60726260E-10
   8.77096462         5.33880218E-10
   8.85549259         2.36461434E-10
   8.94002151        -1.25136485E-10
   9.02454948        -5.39049416E-10
   9.10907841        -9.88335858E-10
   9.19360638        -1.45185752E-09
   9.27813530        -1.90549931E-09
   9.36266327        -2.32355757E-09
   9.44719219        -2.68009570E-09
   9.53172016        -2.95012526E-09
   9.61624908        -3.11052184E-09
   9.70077705        -3.14063864E-09
   9.78530502        -3.02268721E-09
   9.86983395        -2.74195155E-09
   9.95436192        -2.28695529E-09
   10.0388908        -1.64966041E-09
   10.1234188        -8.25748525E-10
   10.2079477         1.85031879E-10
   10.2924757         1.37851308E-09
   10.3770046         2.74585865E-09
   10.4615326         4.27354774E-09
   10.5460615         5.94368643E-09
   10.6305895         7.73476927E-09
   10.7151184         9.62286961E-09
   10.7996464         1.15832934E-08
   10.8841753         1.35926204E-08
   10.9687033         1.56310662E-08
   11.0532322         1.76850623E-08
   11.1377602         1.97500292E-08
   11.2222891         2.18332179E-08
   11.3068171         2.39566571E-08
   11.3913460         2.61600643E-08
   11.4758739         2.85036705E-08
   11.5604029         3.10707975E-08
   11.6449308         3.39699042E-08
   11.7294598         3.73358482E-08
   11.8139877         4.13298160E-08
   11.8985167         4.61376395E-08
   11.9830446         5.19658840E-08
   12.0675735         5.90353650E-08
   12.1521015         6.75719249E-08
   12.2366304         7.77941338E-08
   12.3211584         8.98983714E-08
   12.4056873         1.04041426E-07
   12.4902153         1.20321417E-07
   12.5747442         1.38757855E-07
   12.6592722         1.59272147E-07
   12.7438011         1.81669790E-07
   12.8283291         2.05625540E-07
   12.9128580         2.30673578E-07
   12.9973860         2.56203492E-07
   13.0819149         2.81464281E-07
   13.1664429         3.05577259E-07
   13.2509708         3.27558951E-07
   13.3354998         3.46356103E-07
   13.4200277         3.60891704E-07
   13.5045567         3.70123956E-07
   13.5890846         3.73117643E-07
   13.6736135         3.69128031E-07
   13.7581415         3.57696536E-07
   13.8426704         3.38757587E-07
   13.9271984         3.12754878E-07
   14.0117273         2.80766415E-07
   14.0962553         2.44635686E-07
   14.1807842         2.07107036E-07
   14.2653122         1.71962256E-07
   14.3498411         1.44155393E-07
   14.4343691         1.29942364E-07
   14.5188980         1.37000143E-07
   14.6034260         1.74533824E-07
   14.6879549         2.53362742E-07
   14.7724829         3.85985658E-07
   14.8570118         5.86615499E-07
   14.9415398         8.71184511E-07
   15.0260687         1.25730799E-06
   15.1105967         1.76421111E-06
   15.1951256         2.41261387E-06
   15.2796535         3.22456503E-06
   15.3641825         4.22323774E-06
   15.4487104         5.43267697E-06
   15.5332394         6.87750207E-06
   15.6177673         8.58256863E-06
   15.7022963         1.05725958E-05
   15.7868242         1.28717511E-05
   15.8713531         1.55032249E-05
   15.9558811         1.84887685E-05
   16.0404091         2.18482310E-05
   16.1249390         2.55990744E-05
   16.2094669         2.97559309E-05
   16.2939949         3.43301253E-05
   16.3785229         3.93292539E-05
   16.4630527         4.47568200E-05
   16.5475807         5.06118522E-05
   16.6321087         5.68886098E-05
   16.7166367         6.35764227E-05
   16.8011646         7.06594146E-05
   16.8856945         7.81165218E-05
   16.9702225         8.59214269E-05
   17.0547504         9.40426835E-05
   17.1392784         1.02443846E-04
   17.2238083         1.11083740E-04
   17.3083363         1.19916782E-04
   17.3928642         1.28893400E-04
   17.4773922         1.37960509E-04
   17.5619221         1.47062063E-04
   17.6464500         1.56139722E-04
   17.7309780         1.65133446E-04
   17.8155060         1.73982233E-04
   17.9000359         1.82624804E-04
   17.9845638         1.91000494E-04
   18.0690918         1.99049740E-04
   18.1536198         2.06715151E-04
   18.2381496         2.13941952E-04
   18.3226776         2.20678732E-04
   18.4072056         2.26878154E-04
   18.4917336         2.32497390E-04
   18.5762634         2.37498796E-04
   18.6607914         2.41850081E-04
   18.7453194         2.45525036E-04
   18.8298473         2.48503347E-04
   18.9143772         2.50771176E-04
   18.9989052         2.52321071E-04
   19.0834332         2.53151957E-04
   19.1679611         2.53269245E-04
   19.2524910         2.52684666E-04
   19.3370190         2.51415709E-04
   19.4215469         2.49485951E-04
   19.5060749         2.46924115E-04
   19.5906048         2.43764109E-04
   19.6751328         2.40044392E-04
   19.7596607         2.35807456E-04
   19.8441887         2.31099300E-04
   19.9287186         2.25969125E-04
   20.0132465         2.20468457E-04
   20.0977745         2.14650761E-04
   20.1823025         2.08570811E-04
   20.2668324         2.02284165E-04
   20.3513603         1.95846558E-04
   20.4358883         1.89313345E-04
   20.5204163         1.82739037E-04
   20.6049442         1.76176793E-04
   20.6894741         1.69677820E-04
   20.7740021         1.63291130E-04
   20.8585300         1.57062823E-04
   20.9430580         1.51036074E-04
   21.0275879         1.45250306E-04
   21.1121159         1.39741358E-04
   21.1966438         1.34540911E-04
   21.2811718         1.29676177E-04
   21.3657017         1.25170089E-04
   21.4502296         1.21040743E-04
   21.5347576         1.17301555E-04
   21.6192856         1.13961112E-04
   21.7038155         1.11023379E-04
   21.7883434         1.08487337E-04
   21.8728714         1.06347674E-04
   21.9573994         1.04594430E-04
   22.0419292         1.03213548E-04
   22.1264572         1.02186947E-04
   22.2109852         1.01492915E-04
   22.2955132         1.01106489E-04
   22.3800430         1.00999772E-04
   22.4645710         1.01142483E-04
   22.5490990         1.01502264E-04
   22.6336269         1.02045306E-04
   22.7181568         1.02736885E-04
   22.8026848         1.03541825E-04
   22.8872128         1.04424929E-04
   22.9717407         1.05351661E-04
   23.0562706         1.06288833E-04
   23.1407986         1.07204592E-04
   23.2253265         1.08069544E-04
   23.3098545         1.08856591E-04
   23.3943844         1.09541848E-04
   23.4789124         1.10104600E-04
   23.5634403         1.10527930E-04
   23.6479683         1.10798646E-04
   23.7324982         1.10907786E-04
   23.8170261         1.10850415E-04
   23.9015541         1.10625915E-04
   23.9860821         1.10237859E-04
   24.0706100         1.09693829E-04
   24.1551399         1.09005341E-04
   24.2396679         1.08187509E-04
   24.3241959         1.07258980E-04
   24.4087238         1.06241088E-04
   24.4932537         1.05158113E-04
   24.5777817         1.04036008E-04
   24.6623096         1.02902668E-04
   24.7468376         1.01786689E-04
   24.8313675         1.00717334E-04
   24.9158955         9.97238894E-05
   25.0004234         9.88347529E-05
   25.0849514         9.80771511E-05
   25.1694813         9.74766153E-05
   25.2540092         9.70565525E-05
   25.3385372         9.68375389E-05
   25.4230652         9.68371969E-05
   25.5075951         9.70696419E-05
   25.5921230         9.75454386E-05
   25.6766510         9.82712809E-05
   25.7611790         9.92501082E-05
   25.8457088         1.00480640E-04
   25.9302368         1.01958081E-04
   26.0147648         1.03674014E-04
   26.0992928         1.05616266E-04
   26.1838226         1.07769993E-04
   26.2683506         1.10117384E-04
   26.3528786         1.12638503E-04
   26.4374065         1.15311843E-04
   26.5219364         1.18114280E-04
   26.6064644         1.21022327E-04
   26.6909924         1.24012266E-04
   26.7755203         1.27060441E-04
   26.8600502         1.30144472E-04
   26.9445782         1.33242953E-04
   27.0291061         1.36336414E-04
   27.1136341         1.39407421E-04
   27.1981640         1.42440840E-04
   27.2826920         1.45424143E-04
   27.3672199         1.48347608E-04
   27.4517479         1.51204222E-04
   27.5362759         1.53989808E-04
   27.6208057         1.56702852E-04
   27.7053337         1.59344447E-04
   27.7898617         1.61917531E-04
   27.8743896         1.64427547E-04
   27.9589195         1.66881349E-04
   28.0434475         1.69287043E-04
   28.1279755         1.71653606E-04
   28.2125034         1.73990338E-04
   28.2970333         1.76306770E-04
   28.3815613         1.78612070E-04
   28.4660892         1.80914663E-04
   28.5506172         1.83221739E-04
   28.6351471         1.85539218E-04
   28.7196751         1.87871527E-04
   28.8042030         1.90221355E-04
   28.8887310         1.92589461E-04
   28.9732609         1.94974666E-04
   29.0577888         1.97374000E-04
   29.1423168         1.99782837E-04
   29.2268448         2.02194962E-04
   29.3113747         2.04602489E-04
   29.3959026         2.06996803E-04
   29.4804306         2.09368547E-04
   29.5649586         2.11707986E-04
   29.6494884         2.14005602E-04
   29.7340164         2.16252127E-04
   29.8185444         2.18439134E-04
   29.9030724         2.20559712E-04
   29.9876022         2.22608782E-04
   30.0721302         2.24582924E-04
   30.1566582         2.26481119E-04
   30.2411861         2.28305085E-04
   30.3257160         2.30059028E-04
   30.4102440         2.31749989E-04
   30.4947720         2.33387953E-04
   30.5792999         2.34985637E-04
   30.6638298         2.36558437E-04
   30.7483578         2.38124136E-04
   30.8328857         2.39703004E-04
   30.9174137         2.41317059E-04
   31.0019417         2.42989758E-04
   31.0864716         2.44745781E-04
   31.1709995         2.46610347E-04
   31.2555275         2.48608761E-04
   31.3400555         2.50765646E-04
   31.4245853         2.53104925E-04
   31.5091133         2.55648600E-04
   31.5936413         2.58416694E-04
   31.6781693         2.61426583E-04
   31.7626991         2.64693139E-04
   31.8472271         2.68227013E-04
   31.9317551         2.72036006E-04
   32.0162849         2.76123843E-04
   32.1008110         2.80490000E-04
   32.1853409         2.85130140E-04
   32.2698708         2.90035823E-04
   32.3543968         2.95194710E-04
   32.4389267         3.00590851E-04
   32.5234528         3.06204252E-04
   32.6079826         3.12012562E-04
   32.6925125         3.17989790E-04
   32.7770386         3.24108492E-04
   32.8615685         3.30338400E-04
   32.9460983         3.36648256E-04
   33.0306244         3.43005668E-04
   33.1151543         3.49378097E-04
   33.1996803         3.55732394E-04
   33.2842102         3.62035818E-04
   33.3687401         3.68256966E-04
   33.4532661         3.74365511E-04
   33.5377960         3.80331563E-04
   33.6223259         3.86128289E-04
   33.7068520         3.91729263E-04
   33.7913818         3.97111347E-04
   33.8759079         4.02251637E-04
   33.9604378         4.07130923E-04
   34.0449677         4.11729794E-04
   34.1294937         4.16032010E-04
   34.2140236         4.20021766E-04
   34.2985535         4.23685153E-04
   34.3830795         4.27008927E-04
   34.4676094         4.29980631E-04
   34.5521355         4.32587578E-04
   34.6366653         4.34818823E-04
   34.7211952         4.36662318E-04
   34.8057213         4.38106013E-04
   34.8902512         4.39138006E-04
   34.9747772         4.39745549E-04
   35.0593071         4.39915893E-04
   35.1438370         4.39636264E-04
   35.2283630         4.38892923E-04
   35.3128929         4.37672425E-04
   35.3974228         4.35960974E-04
   35.4819489         4.33745765E-04
   35.5664787         4.31013876E-04
   35.6510048         4.27753810E-04
   35.7355347         4.23955091E-04
   35.8200645         4.19608783E-04
   35.9045906         4.14708426E-04
   35.9891205         4.09249478E-04
   36.0736504         4.03230661E-04
   36.1581764         3.96653399E-04
   36.2427063         3.89522698E-04
   36.3272324         3.81847582E-04
   36.4117622         3.73640854E-04
   36.4962921         3.64919310E-04
   36.5808182         3.55704222E-04
   36.6653481         3.46021319E-04
   36.7498779         3.35900142E-04
   36.8344040         3.25374916E-04
   36.9189339         3.14483856E-04
   37.0034599         3.03269044E-04
   37.0879898         2.91776378E-04
   37.1725197         2.80054926E-04
   37.2570457         2.68156960E-04
   37.3415756         2.56137457E-04
   37.4261055         2.44053255E-04
   37.5106316         2.31963262E-04
   37.5951614         2.19927300E-04
   37.6796875         2.08005920E-04
   37.7642174         1.96259803E-04
   37.8487473         1.84749049E-04
   37.9332733         1.73532811E-04
   38.0178032         1.62668613E-04
   38.1023293         1.52211695E-04
   38.1868591         1.42214791E-04
   38.2713890         1.32727233E-04
   38.3559151         1.23794802E-04
   38.4404449         1.15459188E-04
   38.5249748         1.07757434E-04
   38.6095009         1.00721700E-04
   38.6940308         9.43790801E-05
   38.7785568         8.87509086E-05
   38.8630867         8.38529668E-05
   38.9476166         7.96949025E-05
   39.0321426         7.62802665E-05
   39.1166725         7.36064540E-05
   39.2012024         7.16645154E-05
   39.2857285         7.04392223E-05
   39.3702583         6.99091470E-05
   39.4547844         7.00468372E-05
   39.5393143         7.08189109E-05
   39.6238441         7.21864781E-05
   39.7083702         7.41053082E-05
   39.7929001         7.65264995E-05
   39.8774300         7.93966537E-05
   39.9619560         8.26586329E-05
   40.0464859         8.62520828E-05
   40.1310120         9.01139865E-05
   40.2155418         9.41795588E-05
   40.3000717         9.83826831E-05
   40.3845978         1.02656930E-04
   40.4691277         1.06936081E-04
   40.5536575         1.11155074E-04
   40.6381836         1.15250674E-04
   40.7227135         1.19162265E-04
   40.8072395         1.22832644E-04
   40.8917694         1.26208659E-04
   40.9762993         1.29242020E-04
   41.0608253         1.31889756E-04
   41.1453552         1.34114947E-04
   41.2298851         1.35887167E-04
   41.3144112         1.37182768E-04
   41.3989410         1.37985466E-04
   41.4834671         1.38286327E-04
   41.5679970         1.38083924E-04
   41.6525269         1.37384428E-04
   41.7370529         1.36201343E-04
   41.8215828         1.34555463E-04
   41.9061089         1.32474408E-04
   41.9906387         1.29992186E-04
   42.0751686         1.27148771E-04
   42.1596947         1.23989434E-04
   42.2442245         1.20563884E-04
   42.3287544         1.16925759E-04
   42.4132805         1.13131566E-04
   42.4978104         1.09240005E-04
   42.5823364         1.05310850E-04
   42.6668663         1.01404104E-04
   42.7513962         9.75791627E-05
   42.8359222         9.38935482E-05
   42.9204521         9.04024782E-05
   43.0049820         8.71575612E-05
   43.0895081         8.42061490E-05
   43.1740379         8.15907115E-05
   43.2585640         7.93480867E-05
   43.3430939         7.75088702E-05
   43.4276237         7.60970361E-05
   43.5121498         7.51297121E-05
   43.5966797         7.46167789E-05
   43.6812096         7.45608922E-05
   43.7657356         7.49576138E-05
   43.8502655         7.57953094E-05
   43.9347916         7.70556289E-05
   44.0193214         7.87137906E-05
   44.1038513         8.07391043E-05
   44.1883774         8.30953795E-05
   44.2729073         8.57417399E-05
   44.3574371         8.86331254E-05
   44.4419632         9.17213765E-05
   44.5264931         9.49557580E-05
   44.6110191         9.82839265E-05
   44.6955490         1.01652862E-04
   44.7800789         1.05009662E-04
   44.8646049         1.08302491E-04
   44.9491348         1.11481415E-04
   45.0336647         1.14499198E-04
   45.1181908         1.17312113E-04
   45.2027206         1.19880540E-04
   45.2872467         1.22169746E-04
   45.3717766         1.24150203E-04
   45.4563065         1.25798178E-04
   45.5408325         1.27096020E-04
   45.6253624         1.28032349E-04
   45.7098885         1.28602231E-04
   45.7944183         1.28807209E-04
   45.8789482         1.28655098E-04
   45.9634743         1.28159940E-04
   46.0480042         1.27341686E-04
   46.1325340         1.26225757E-04
   46.2170601         1.24842525E-04
   46.3015900         1.23227015E-04
   46.3861160         1.21417987E-04
   46.4706459         1.19457472E-04
   46.5551758         1.17389958E-04
   46.6397018         1.15261581E-04
   46.7242317         1.13119444E-04
   46.8087616         1.11010711E-04
   46.8932877         1.08981891E-04
   46.9778175         1.07077976E-04
   47.0623436         1.05341715E-04
   47.1468735         1.03812934E-04
   47.2314034         1.02527854E-04
   47.3159294         1.01518468E-04
   47.4004593         1.00812133E-04
   47.4849892         1.00431083E-04
   47.5695152         1.00392113E-04
   47.6540451         1.00706333E-04
   47.7385712         1.01379017E-04
   47.8231010         1.02409664E-04
   47.9076309         1.03791826E-04
   47.9921570         1.05513551E-04
   48.0766869         1.07557440E-04
   48.1612167         1.09901055E-04
   48.2457428         1.12517278E-04
   48.3302727         1.15374860E-04
   48.4147987         1.18439028E-04
   48.4993286         1.21671947E-04
   48.5838585         1.25033461E-04
   48.6683846         1.28481712E-04
   48.7529144         1.31973895E-04
   48.8374405         1.35466922E-04
   48.9219704         1.38917938E-04
   49.0065002         1.42285295E-04
   49.0910263         1.45528844E-04
   49.1755562         1.48610561E-04
   49.2600861         1.51495187E-04
   49.3446121         1.54150461E-04
   49.4291420         1.56547627E-04
   49.5136681         1.58661627E-04
   49.5981979         1.60471376E-04
   49.6827278         1.61959892E-04
   49.7672539         1.63114266E-04
   49.8517838         1.63925855E-04
   49.9363136         1.64390047E-04
   50.0208397         1.64506157E-04
   50.1053696         1.64277371E-04
   50.1898956         1.63710516E-04
   50.2744255         1.62815588E-04
   50.3589554         1.61605771E-04
   50.4434814         1.60096984E-04
   50.5280113         1.58307594E-04
   50.6125412         1.56258044E-04
   50.6970673         1.53970512E-04
   50.7815971         1.51468805E-04
   50.8661232         1.48777719E-04
   50.9506531         1.45922924E-04
   51.0351830         1.42930759E-04
   51.1197090         1.39827680E-04
   51.2042389         1.36640330E-04
   51.2887688         1.33395253E-04
   51.3732948         1.30118598E-04
   51.4578247         1.26836007E-04
   51.5423508         1.23572609E-04
   51.6268806         1.20352663E-04
   51.7114105         1.17199575E-04
   51.7959366         1.14135757E-04
   51.8804665         1.11182439E-04
   51.9649963         1.08359651E-04
   52.0495224         1.05686064E-04
   52.1340523         1.03178885E-04
   52.2185783         1.00853649E-04
   52.3031082         9.87243329E-05
   52.3876381         9.68029781E-05
   52.4721642         9.50998801E-05
   52.5566940         9.36232827E-05
   52.6412201         9.23795378E-05
   52.7257500         9.13729891E-05
   52.8102798         9.06058194E-05
   52.8948059         9.00784216E-05
   52.9793358         8.97891368E-05
   53.0638657         8.97343707E-05
   53.1483917         8.99086517E-05
   53.2329216         9.03048640E-05
   53.3174477         9.09141309E-05
   53.4019775         9.17259749E-05
   53.4865074         9.27285510E-05
   53.5710335         9.39087258E-05
   53.6555634         9.52521514E-05
   53.7400932         9.67434607E-05
   53.8246193         9.83665232E-05
   53.9091492         1.00104517E-04
   53.9936752         1.01940066E-04
   54.0782051         1.03855440E-04
   54.1627350         1.05832776E-04
   54.2472610         1.07854037E-04
   54.3317909         1.09901317E-04
   54.4163208         1.11956768E-04
   54.5008469         1.14002774E-04
   54.5853767         1.16022005E-04
   54.6699028         1.17997406E-04
   54.7544327         1.19912205E-04
   54.8389626         1.21750061E-04
   54.9234886         1.23494989E-04
   55.0080185         1.25131352E-04
   55.0925484         1.26644081E-04
   55.1770744         1.28018568E-04
   55.2616043         1.29240841E-04
   55.3461304         1.30297587E-04
   55.4306602         1.31176304E-04
   55.5151901         1.31865454E-04
   55.5997162         1.32354427E-04
   55.6842461         1.32633926E-04
   55.7687759         1.32695961E-04
   55.8533020         1.32533940E-04
   55.9378319         1.32143046E-04
   56.0223579         1.31520224E-04
   56.1068878         1.30664397E-04
   56.1914177         1.29576467E-04
   56.2759438         1.28259795E-04
   56.3604736         1.26719868E-04
   56.4449997         1.24964907E-04
   56.5295296         1.23005448E-04
   56.6140594         1.20854718E-04
   56.6985855         1.18528471E-04
   56.7831154         1.16045070E-04
   56.8676453         1.13425383E-04
   56.9521713         1.10692490E-04
   57.0367012         1.07871645E-04
   57.1212273         1.04990067E-04
   57.2057571         1.02076447E-04
   57.2902870         9.91608395E-05
   57.3748131         9.62741469E-05
   57.4593430         9.34477575E-05
   57.5438728         9.07132126E-05
   57.6283989         8.81016458E-05
   57.7129288         8.56433908E-05
   57.7974548         8.33676313E-05
   57.8819847         8.13018778E-05
   57.9665146         7.94716907E-05
   58.0510406         7.79001493E-05
   58.1355705         7.66076264E-05
   58.2201004         7.56114459E-05
   58.3046265         7.49255269E-05
   58.3891563         7.45601938E-05
   58.4736824         7.45219586E-05
   58.5582123         7.48133534E-05
   58.6427422         7.54329158E-05
   58.7272682         7.63749631E-05
   58.8117981         7.76298330E-05
   58.8963280         7.91838611E-05
   58.9808540         8.10195052E-05
   59.0653839         8.31157813E-05
   59.1499100         8.54483878E-05
   59.2344398         8.79901272E-05
   59.3189697         9.07114518E-05
   59.4034958         9.35806602E-05
   59.4880257         9.65646323E-05
   59.5725517         9.96292292E-05
   59.6570816         1.02739759E-04
   59.7416115         1.05861589E-04
   59.8261375         1.08960499E-04
   59.9106674         1.12003319E-04
   59.9951973         1.14958224E-04
   60.0797234         1.17795287E-04
   60.1642532         1.20486729E-04
   60.2487793         1.23007427E-04
   60.3333092         1.25335093E-04
   60.4178391         1.27450650E-04
   60.5023651         1.29338485E-04
   60.5868950         1.30986416E-04
   60.6714249         1.32386005E-04
   60.7559509         1.33532463E-04
   60.8404808         1.34424627E-04
   60.9250069         1.35064794E-04
   61.0095367         1.35458598E-04
   61.0940666         1.35614653E-04
   61.1785927         1.35544295E-04
   61.2631226         1.35261158E-04
   61.3476524         1.34780901E-04
   61.4321785         1.34120608E-04
   61.5167084         1.33298658E-04
   61.6012344         1.32334069E-04
   61.6857643         1.31246314E-04
   61.7702942         1.30054817E-04
   61.8548203         1.28778760E-04
   61.9393501         1.27436564E-04
   62.0238800         1.26045910E-04
   62.1084061         1.24623140E-04
   62.1929359         1.23183243E-04
   62.2774620         1.21739620E-04
   62.3619919         1.20303819E-04
   62.4465218         1.18885539E-04
   62.5310478         1.17492418E-04
   62.6155777         1.16130148E-04
   62.7001076         1.14802395E-04
   62.7846336         1.13510941E-04
   62.8691635         1.12255853E-04
   62.9536896         1.11035602E-04
   63.0382195         1.09847395E-04
   63.1227493         1.08687396E-04
   63.2072754         1.07551008E-04
   63.2918053         1.06433137E-04
   63.3763313         1.05328632E-04
   63.4608612         1.04232393E-04
   63.5453911         1.03139762E-04
   63.6299171         1.02046775E-04
   63.7144470         1.00950369E-04
   63.7989769         9.98485484E-05
   63.8835030         9.87407038E-05
   63.9680328         9.76277297E-05
   64.0525589         9.65120271E-05
   64.1370926         9.53978015E-05
   64.2216187         9.42910629E-05
   64.3061447         9.31995892E-05
   64.3906708         9.21329847E-05
   64.4752045         9.11026364E-05
   64.5597305         9.01214080E-05
   64.6442566         8.92037133E-05
   64.7287903         8.83650719E-05
   64.8133163         8.76218692E-05
   64.8978424         8.69909709E-05
   64.9823761         8.64893809E-05
   65.0669022         8.61337685E-05
   65.1514282         8.59400461E-05
   65.2359619         8.59229331E-05
   65.3204880         8.60954824E-05
   65.4050140         8.64687026E-05
   65.4895477         8.70512231E-05
   65.5740738         8.78488572E-05
   65.6585999         8.88643772E-05
   65.7431259         9.00971208E-05
   65.8276596         9.15430501E-05
   65.9121857         9.31942704E-05
   65.9967117         9.50392423E-05
   66.0812454         9.70625770E-05
   66.1657715         9.92451460E-05
   66.2502975         1.01564146E-04
   66.3348312         1.03993450E-04
   66.4193573         1.06503729E-04
   66.5038834         1.09062945E-04
   66.5884171         1.11636771E-04
   66.6729431         1.14189148E-04
   66.7574692         1.16682837E-04
   66.8419952         1.19080207E-04
   66.9265289         1.21343764E-04
   67.0110550         1.23437057E-04
   67.0955811         1.25325154E-04
   67.1801147         1.26975530E-04
   67.2646408         1.28358646E-04
   67.3491669         1.29448454E-04
   67.4337006         1.30223125E-04
   67.5182266         1.30665256E-04
   67.6027527         1.30762492E-04
   67.6872864         1.30507615E-04
   67.7718124         1.29899039E-04
   67.8563385         1.28940519E-04
   67.9408722         1.27641673E-04
   68.0253983         1.26017592E-04
   68.1099243         1.24088707E-04
   68.1944504         1.21880679E-04
   68.2789841         1.19423908E-04
   68.3635101         1.16753072E-04
   68.4480362         1.13906593E-04
   68.5325699         1.10926041E-04
   68.6170959         1.07855274E-04
   68.7016220         1.04739847E-04
   68.7861557         1.01626101E-04
   68.8706818         9.85602746E-05
   68.9552078         9.55879077E-05
   69.0397415         9.27529254E-05
   69.1242676         9.00968153E-05
   69.2087936         8.76581325E-05
   69.2933273         8.54717873E-05
   69.3778534         8.35684987E-05
   69.4623795         8.19743509E-05
   69.5469055         8.07104079E-05
   69.6314392         7.97925386E-05
   69.7159653         7.92310530E-05
   69.8004913         7.90307240E-05
   69.8850250         7.91907296E-05
   69.9695511         7.97047833E-05
   70.0540771         8.05612581E-05
   70.1386108         8.17434775E-05
   70.2231369         8.32300793E-05
   70.3076630         8.49954376E-05
   70.3921967         8.70101430E-05
   70.4767227         8.92417083E-05
   70.5612488         9.16549834E-05
   70.6457748         9.42128900E-05
   70.7303085         9.68771346E-05
   70.8148346         9.96088274E-05
   70.8993607         1.02369049E-04
   70.9838943         1.05119681E-04
   71.0684204         1.07823769E-04
   71.1529465         1.10446257E-04
   71.2374802         1.12954323E-04
   71.3220062         1.15317998E-04
   71.4065323         1.17510237E-04
   71.4910660         1.19507742E-04
   71.5755920         1.21290759E-04
   71.6601181         1.22843514E-04
   71.7446518         1.24154307E-04
   71.8291779         1.25215520E-04
   71.9137039         1.26023806E-04
   71.9982300         1.26579791E-04
   72.0827637         1.26888059E-04
   72.1672897         1.26957209E-04
   72.2518158         1.26799074E-04
   72.3363495         1.26428815E-04
   72.4208755         1.25864579E-04
   72.5054016         1.25126855E-04
   72.5899353         1.24238228E-04
   72.6744614         1.23222926E-04
   72.7589874         1.22106198E-04
   72.8435211         1.20914032E-04
   72.9280472         1.19672477E-04
   73.0125732         1.18407392E-04
   73.0971069         1.17143725E-04
   73.1816330         1.15905365E-04
   73.2661591         1.14714552E-04
   73.3506851         1.13591625E-04
   73.4352188         1.12554633E-04
   73.5197449         1.11619098E-04
   73.6042709         1.10797744E-04
   73.6888046         1.10100511E-04
   73.7733307         1.09534056E-04
   73.8578568         1.09102097E-04
   73.9423904         1.08805158E-04
   74.0269165         1.08640670E-04
   74.1114426         1.08603184E-04
   74.1959763         1.08684413E-04
   74.2805023         1.08873603E-04
   74.3650284         1.09157678E-04
   74.4495544         1.09521621E-04
   74.5340881         1.09948895E-04
   74.6186142         1.10421613E-04
   74.7031403         1.10921144E-04
   74.7876740         1.11428475E-04
   74.8722000         1.11924441E-04
   74.9567261         1.12390269E-04
   75.0412598         1.12807968E-04
   75.1257858         1.13160386E-04
   75.2103119         1.13431954E-04
   75.2948456         1.13608490E-04
   75.3793716         1.13677794E-04
   75.4638977         1.13629583E-04
   75.5484314         1.13455870E-04
   75.6329575         1.13150920E-04
   75.7174835         1.12711372E-04
   75.8020096         1.12136295E-04
   75.8865433         1.11427093E-04
   75.9710693         1.10587578E-04
   76.0555954         1.09623652E-04
   76.1401291         1.08543500E-04
   76.2246552         1.07357104E-04
   76.3091812         1.06076237E-04
   76.3937149         1.04714156E-04
   76.4782410         1.03285514E-04
   76.5627670         1.01805883E-04
   76.6473007         1.00291763E-04
   76.7318268         9.87600215E-05
   76.8163528         9.72278722E-05
   76.9008865         9.57126176E-05
   76.9854126         9.42312035E-05
   77.0699387         9.28001828E-05
   77.1544647         9.14353659E-05
   77.2389984         9.01516687E-05
   77.3235245         8.89629009E-05
   77.4080505         8.78814899E-05
   77.4925842         8.69185242E-05
   77.5771103         8.60833898E-05
   77.6616364         8.53837919E-05
   77.7461700         8.48255077E-05
   77.8306961         8.44124952E-05
   77.9152222         8.41467772E-05
   77.9997559         8.40283901E-05
   78.0842819         8.40555513E-05
   78.1688080         8.42245208E-05
   78.2533340         8.45299073E-05
   78.3378677         8.49646749E-05
   78.4223938         8.55204707E-05
   78.5069199         8.61875815E-05
   78.5914536         8.69554206E-05
   78.6759796         8.78124993E-05
   78.7605057         8.87469869E-05
   78.8450394         8.97465652E-05
   78.9295654         9.07990179E-05
   79.0140915         9.18922742E-05
   79.0986252         9.30146416E-05
   79.1831512         9.41551261E-05
   79.2676773         9.53034978E-05
   79.3522110         9.64506107E-05
   79.4367371         9.75884614E-05
   79.5212631         9.87104504E-05
   79.6057892         9.98113974E-05
   79.6903229         1.00887592E-04
   79.7748489         1.01937090E-04
   79.8593750         1.02959355E-04
   79.9439087         1.03955383E-04
   80.0284348         1.04927691E-04
   80.1129608         1.05880019E-04
   80.1974945         1.06817162E-04
   80.2820206         1.07744738E-04
   80.3665466         1.08668923E-04
   80.4510803         1.09596374E-04
   80.5356064         1.10533569E-04
   80.6201324         1.11486770E-04
   80.7046585         1.12461763E-04
   80.7891922         1.13463517E-04
   80.8737183         1.14495924E-04
   80.9582443         1.15561808E-04
   81.0427780         1.16662464E-04
   81.1273041         1.17797761E-04
   81.2118301         1.18965916E-04
   81.2963638         1.20163415E-04
   81.3808899         1.21385063E-04
   81.4654160         1.22623911E-04
   81.5499496         1.23871432E-04
   81.6344757         1.25117469E-04
   81.7190018         1.26350584E-04
   81.8035355         1.27558043E-04
   81.8880615         1.28726184E-04
   81.9725876         1.29840701E-04
   82.0571136         1.30886881E-04
   82.1416473         1.31850000E-04
   82.2261734         1.32715533E-04
   82.3106995         1.33469628E-04
   82.3952332         1.34099289E-04
   82.4797592         1.34592759E-04
   82.5642853         1.34939779E-04
   82.6488190         1.35131631E-04
   82.7333450         1.35161623E-04
   82.8178711         1.35024980E-04
   82.9024048         1.34719026E-04
   82.9869308         1.34243237E-04
   83.0714569         1.33599300E-04
   83.1559906         1.32790956E-04
   83.2405167         1.31824141E-04
   83.3250427         1.30706656E-04
   83.4095688         1.29448221E-04
   83.4941025         1.28060245E-04
   83.5786285         1.26555460E-04
   83.6631546         1.24948041E-04
   83.7476883         1.23253019E-04
   83.8322144         1.21486235E-04
   83.9167404         1.19663935E-04
   84.0012741         1.17802563E-04
   84.0858002         1.15918527E-04
   84.1703262         1.14027920E-04
   84.2548599         1.12146343E-04
   84.3393860         1.10288609E-04
   84.4239120         1.08468725E-04
   84.5084381         1.06699677E-04
   84.5929718         1.04993407E-04
   84.6774979         1.03360617E-04
   84.7620239         1.01810780E-04
   84.8465576         1.00352234E-04
   84.9310837         9.89919790E-05
   85.0156097         9.77357486E-05
   85.1001434         9.65880317E-05
   85.1846695         9.55521682E-05
   85.2691956         9.46302025E-05
   85.3537292         9.38231024E-05
   85.4382553         9.31306859E-05
   85.5227814         9.25517743E-05
   85.6073151         9.20841048E-05
   85.6918411         9.17245707E-05
   85.7763672         9.14691409E-05
   85.8608932         9.13129697E-05
   85.9454269         9.12505857E-05
   86.0299530         9.12757750E-05
   86.1144791         9.13818076E-05
   86.1990128         9.15613637E-05
   86.2835388         9.18067817E-05
   86.3680649         9.21099563E-05
   86.4525986         9.24625638E-05
   86.5371246         9.28560912E-05
   86.6216507         9.32818439E-05
   86.7061844         9.37311634E-05
   86.7907104         9.41954786E-05
   86.8752365         9.46663786E-05
   86.9597702         9.51358088E-05
   87.0442963         9.55960713E-05
   87.1288223         9.60400212E-05
   87.2133484         9.64611754E-05
   87.2978821         9.68537424E-05
   87.3824081         9.72127527E-05
   87.4669342         9.75341827E-05
   87.5514679         9.78149474E-05
   87.6359940         9.80529148E-05
   87.7205200         9.82470301E-05
   87.8050537         9.83971040E-05
   87.8895798         9.85040024E-05
   87.9741058         9.85693987E-05
   88.0586395         9.85957959E-05
   88.1431656         9.85863589E-05
   88.2276917         9.85449151E-05
   88.3122177         9.84756552E-05
   88.3967514         9.83832579E-05
   88.4812775         9.82725105E-05
   88.5658035         9.81483317E-05
   88.6503372         9.80156619E-05
   88.7348633         9.78792814E-05
   88.8193893         9.77436212E-05
   88.9039230         9.76129159E-05
   88.9884491         9.74908689E-05
   89.0729752         9.73807255E-05
   89.1575089         9.72852431E-05
   89.2420349         9.72066046E-05
   89.3265610         9.71464906E-05
   89.4110947         9.71061745E-05
   89.4956207         9.70864930E-05
   89.5801468         9.70879773E-05
   89.6646729         9.71110712E-05
   89.7492065         9.71561094E-05
   89.8337326         9.72236012E-05
   89.9182587         9.73142087E-05
   90.0027924         9.74289505E-05
   90.0873184         9.75693547E-05
   90.1718445         9.77374148E-05
   90.2563782         9.79357574E-05
   90.3409042         9.81676058E-05
   90.4254303         9.84367944E-05
   90.5099640         9.87477542E-05
   90.5944901         9.91054549E-05
   90.6790161         9.95152077E-05
   90.7635498         9.99826952E-05
   90.8480759         1.00513636E-04
   90.9326019         1.01113816E-04
   91.0171280         1.01788646E-04
   91.1016617         1.02543003E-04
   91.1861877         1.03381069E-04
   91.2707138         1.04306004E-04
   91.3552475         1.05319654E-04
   91.4397736         1.06422383E-04
   91.5242996         1.07612774E-04
   91.6088333         1.08887529E-04
   91.6933594         1.10241192E-04
   91.7778854         1.11666093E-04
   91.8624191         1.13152317E-04
   91.9469452         1.14687668E-04
   92.0314713         1.16257659E-04
   92.1159973         1.17845717E-04
   92.2005310         1.19433360E-04
   92.2850571         1.21000390E-04
   92.3695831         1.22525162E-04
   92.4541168         1.23985068E-04
   92.5386429         1.25356688E-04
   92.6231689         1.26616622E-04
   92.7077026         1.27741441E-04
   92.7922287         1.28708707E-04
   92.8767548         1.29496984E-04
   92.9612885         1.30086672E-04
   93.0458145         1.30460336E-04
   93.1303406         1.30603134E-04
   93.2148743         1.30503235E-04
   93.2994003         1.30152359E-04
   93.3839264         1.29545675E-04
   93.4684525         1.28682485E-04
   93.5529861         1.27565989E-04
   93.6375122         1.26203682E-04
   93.7220383         1.24607133E-04
   93.8065720         1.22791957E-04
   93.8910980         1.20777651E-04
   93.9756241         1.18587290E-04
   94.0601578         1.16247247E-04
   94.1446838         1.13786678E-04
   94.2292099         1.11237197E-04
   94.3137436         1.08632135E-04
   94.3982697         1.06006191E-04
   94.4827957         1.03394646E-04
   94.5673294         1.00832753E-04
   94.6518555         9.83552309E-05
   94.7363815         9.59955432E-05
   94.8209076         9.37853038E-05
   94.9054413         9.17538273E-05
   94.9899673         8.99273873E-05
   95.0744934         8.83290704E-05
   95.1590271         8.69782234E-05
   95.2435532         8.58901476E-05
   95.3280792         8.50759170E-05
   95.4126129         8.45422328E-05
   95.4971390         8.42913578E-05
   95.5816650         8.43211092E-05
   95.6661987         8.46249895E-05
   95.7507248         8.51923614E-05
   95.8352509         8.60087093E-05
   95.9197769         8.70558433E-05
   96.0043106         8.83124885E-05
   96.0888367         8.97544742E-05
   96.1733627         9.13554395E-05
   96.2578964         9.30871538E-05
   96.3424225         9.49200985E-05
   96.4269485         9.68240201E-05
   96.5114822         9.87684834E-05
   96.5960083         1.00723271E-04
   96.6805344         1.02658960E-04
   96.7650681         1.04547384E-04
   96.8495941         1.06361986E-04
   96.9341202         1.08078195E-04
   97.0186539         1.09673783E-04
   97.1031799         1.11129157E-04
   97.1877060         1.12427471E-04
   97.2722321         1.13554874E-04
   97.3567657         1.14500624E-04
   97.4412918         1.15257128E-04
   97.5258179         1.15819945E-04
   97.6103516         1.16187861E-04
   97.6948776         1.16362615E-04
   97.7794037         1.16349031E-04
   97.8639374         1.16154573E-04
   97.9484634         1.15789364E-04
   98.0329895         1.15265932E-04
   98.1175232         1.14598850E-04
   98.2020493         1.13804541E-04
   98.2865753         1.12900925E-04
   98.3711014         1.11907175E-04
   98.4556351         1.10843393E-04
   98.5401611         1.09730281E-04
   98.6246872         1.08588814E-04
   98.7092209         1.07439933E-04
   98.7937469         1.06304316E-04
   98.8782730         1.05202067E-04
   98.9628067         1.04152416E-04
   99.0473328         1.03173552E-04
   99.1318588         1.02282233E-04
   99.2163925         1.01493832E-04
   99.3009186         1.00821890E-04
   99.3854446         1.00278055E-04
   99.4699783         9.98720425E-05
   99.5545044         9.96112940E-05
   99.6390305         9.95010632E-05
   99.7235565         9.95442751E-05
   99.8080902         9.97416064E-05
   99.8926163         1.00091238E-04
   99.9771423         1.00589255E-04
   100.061676         1.01229409E-04
   100.146202         1.02003316E-04
   100.230728         1.02900674E-04
   100.315262         1.03909253E-04
   100.399788         1.05015206E-04
   100.484314         1.06203159E-04
   100.568848         1.07456479E-04
   100.653374         1.08757500E-04
   100.737900         1.10087698E-04
   100.822433         1.11428089E-04
   100.906960         1.12759379E-04
   100.991486         1.14062328E-04
   101.076012         1.15317991E-04
   101.160545         1.16508083E-04
   101.245071         1.17615185E-04
   101.329597         1.18623087E-04
   101.414131         1.19517055E-04
   101.498657         1.20284138E-04
   101.583183         1.20913137E-04
   101.667717         1.21395256E-04
   101.752243         1.21723708E-04
   101.836769         1.21894227E-04
   101.921303         1.21904966E-04
   102.005829         1.21756493E-04
   102.090355         1.21451863E-04
   102.174881         1.20996345E-04
   102.259415         1.20397628E-04
   102.343941         1.19665427E-04
   102.428467         1.18811433E-04
   102.513000         1.17849100E-04
   102.597527         1.16793351E-04
   102.682053         1.15660412E-04
   102.766586         1.14467424E-04
   102.851112         1.13232192E-04
   102.935638         1.11972869E-04
   103.020172         1.10707610E-04
   103.104698         1.09454195E-04
   103.189224         1.08229775E-04
   103.273758         1.07050590E-04
   103.358284         1.05931576E-04
   103.442810         1.04886298E-04
   103.527336         1.03926548E-04
   103.611870         1.03062448E-04
   103.696396         1.02302052E-04
   103.780922         1.01651509E-04
   103.865456         1.01114907E-04
   103.949982         1.00694386E-04
   104.034508         1.00390112E-04
   104.119041         1.00200486E-04
   104.203568         1.00122088E-04
   104.288094         1.00149977E-04
   104.372627         1.00277728E-04
   104.457153         1.00497724E-04
   104.541679         1.00801255E-04
   104.626213         1.01178768E-04
   104.710739         1.01620069E-04
   104.795265         1.02114580E-04
   104.879791         1.02651327E-04
   104.964325         1.03219529E-04
   105.048851         1.03808459E-04
   105.133377         1.04407693E-04
   105.217911         1.05007282E-04
   105.302437         1.05597952E-04
   105.386963         1.06171043E-04
   105.471497         1.06718639E-04
   105.556023         1.07233718E-04
   105.640549         1.07709944E-04
   105.725082         1.08141940E-04
   105.809608         1.08525077E-04
   105.894135         1.08855631E-04
   105.978661         1.09130589E-04
   106.063194         1.09347784E-04
   106.147720         1.09505774E-04
   106.232246         1.09603876E-04
   106.316780         1.09642140E-04
   106.401306         1.09621185E-04
   106.485832         1.09542387E-04
   106.570366         1.09407621E-04
   106.654892         1.09219327E-04
   106.739418         1.08980363E-04
   106.823952         1.08694054E-04
   106.908478         1.08363995E-04
   106.993004         1.07994165E-04
   107.077538         1.07588705E-04
   107.162064         1.07151958E-04
   107.246590         1.06688458E-04
   107.331116         1.06202962E-04
   107.415649         1.05700237E-04
   107.500175         1.05185289E-04
   107.584702         1.04663108E-04
   107.669235         1.04138846E-04
   107.753761         1.03617727E-04
   107.838287         1.03104852E-04
   107.922821         1.02605540E-04
   108.007347         1.02124912E-04
   108.091873         1.01668098E-04
   108.176407         1.01240126E-04
   108.260933         1.00846002E-04
   108.345459         1.00490593E-04
   108.429993         1.00178600E-04
   108.514519         9.99148106E-05
   108.599045         9.97038078E-05
   108.683571         9.95502123E-05
   108.768105         9.94585425E-05
   108.852631         9.94333459E-05
   108.937157         9.94789589E-05
   109.021690         9.95996670E-05
   109.106216         9.97994721E-05
   109.190742         1.00082216E-04
   109.275276         1.00451260E-04
   109.359802         1.00909572E-04
   109.444328         1.01459576E-04
   109.528862         1.02103048E-04
   109.613388         1.02840932E-04
   109.697914         1.03673439E-04
   109.782440         1.04599756E-04
   109.866974         1.05618077E-04
   109.951500         1.06725529E-04
   110.036026         1.07917920E-04
   110.120560         1.09189888E-04
   110.205086         1.10534573E-04
   110.289612         1.11943860E-04
   110.374146         1.13408081E-04
   110.458672         1.14916140E-04
   110.543198         1.16455551E-04
   110.627731         1.18012416E-04
   110.712257         1.19571574E-04
   110.796783         1.21116835E-04
   110.881317         1.22631012E-04
   110.965843         1.24096274E-04
   111.050369         1.25494334E-04
   111.134895         1.26806728E-04
   111.219429         1.28015134E-04
   111.303955         1.29101609E-04
   111.388481         1.30048982E-04
   111.473015         1.30841028E-04
   111.557541         1.31462875E-04
   111.642067         1.31901135E-04
   111.726601         1.32144312E-04
   111.811127         1.32182933E-04
   111.895653         1.32009824E-04
   111.980186         1.31620254E-04
   112.064713         1.31012101E-04
   112.149239         1.30186032E-04
   112.233772         1.29145497E-04
   112.318298         1.27896885E-04
   112.402824         1.26449304E-04
   112.487350         1.24814789E-04
   112.571884         1.23007878E-04
   112.656410         1.21045625E-04
   112.740936         1.18947362E-04
   112.825470         1.16734336E-04
   112.909996         1.14429415E-04
   112.994522         1.12056841E-04
   113.079056         1.09641864E-04
   113.163582         1.07210319E-04
   113.248108         1.04788392E-04
   113.332642         1.02402089E-04
   113.417168         1.00077108E-04
   113.501694         9.78383905E-05
   113.586220         9.57097582E-05
   113.670753         9.37137302E-05
   113.755280         9.18711958E-05
   113.839806         9.02011088E-05
   113.924339         8.87202696E-05
   114.008865         8.74431862E-05
   114.093391         8.63819732E-05
   114.177925         8.55460894E-05
   114.262451         8.49423013E-05
   114.346977         8.45747199E-05
   114.431511         8.44447932E-05
   114.516037         8.45512550E-05
   114.600563         8.48904165E-05
   114.685097         8.54560203E-05
   114.769623         8.62395682E-05
   114.854149         8.72304081E-05
   114.938675         8.84158653E-05
   115.023209         8.97814898E-05
   115.107735         9.13111580E-05
   115.192261         9.29872986E-05
   115.276794         9.47911176E-05
   115.361320         9.67028027E-05
   115.445847         9.87016101E-05
   115.530380         1.00766265E-04
   115.614906         1.02875005E-04
   115.699432         1.05005973E-04
   115.783966         1.07137246E-04
   115.868492         1.09247179E-04
   115.953018         1.11314526E-04
   116.037552         1.13318718E-04
   116.122078         1.15239964E-04
   116.206604         1.17059477E-04
   116.291130         1.18759512E-04
   116.375664         1.20323733E-04
   116.460190         1.21737110E-04
   116.544716         1.22986166E-04
   116.629250         1.24059079E-04
   116.713776         1.24945756E-04
   116.798302         1.25638137E-04
   116.882835         1.26129948E-04
   116.967361         1.26417086E-04
   117.051888         1.26497645E-04
   117.136421         1.26371946E-04
   117.220947         1.26042578E-04
   117.305473         1.25514416E-04
   117.389999         1.24794649E-04
   117.474533         1.23892678E-04
   117.559059         1.22820158E-04
   117.643585         1.21590841E-04
   117.728119         1.20220444E-04
   117.812645         1.18726566E-04
   117.897171         1.17128504E-04
   117.981705         1.15447074E-04
   118.066231         1.13704351E-04
   118.150757         1.11923589E-04
   118.235291         1.10128887E-04
   118.319817         1.08344888E-04
   118.404343         1.06596599E-04
   118.488876         1.04909064E-04
   118.573402         1.03307000E-04
   118.657928         1.01814519E-04
   118.742455         1.00454774E-04
   118.826988         9.92496643E-05
   118.911514         9.82192723E-05
   118.996040         9.73819187E-05
   119.080574         9.67534652E-05
   119.165100         9.63472994E-05
   119.249626         9.61739715E-05
   119.334160         9.62410122E-05
   119.418686         9.65527506E-05
   119.503212         9.71102199E-05
   119.587746         9.79110773E-05
   119.672272         9.89494365E-05
   119.756798         1.00216064E-04
   119.841324         1.01698402E-04
   119.925858         1.03380538E-04
   120.010384         1.05243431E-04
   120.094910         1.07265238E-04
   120.179443         1.09421366E-04
   120.263969         1.11685004E-04
   120.348495         1.14027236E-04
   120.433029         1.16417657E-04
   120.517555         1.18824697E-04
   120.602081         1.21216057E-04
   120.686615         1.23559294E-04
   120.771141         1.25822247E-04
   120.855667         1.27973486E-04
   120.940201         1.29982946E-04
   121.024727         1.31822264E-04
   121.109253         1.33465132E-04
   121.193779         1.34887974E-04
   121.278313         1.36069968E-04
   121.362839         1.36993578E-04
   121.447365         1.37644645E-04
   121.531898         1.38012765E-04
   121.616425         1.38091200E-04
   121.700951         1.37877185E-04
   121.785484         1.37371811E-04
   121.870010         1.36580027E-04
   121.954536         1.35510491E-04
   122.039070         1.34175527E-04
   122.123596         1.32590882E-04
   122.208122         1.30775356E-04
   122.292656         1.28750689E-04
   122.377182         1.26541025E-04
   122.461708         1.24172671E-04
   122.546234         1.21673576E-04
   122.630768         1.19073069E-04
   122.715294         1.16401257E-04
   122.799820         1.13688700E-04
   122.884354         1.10966073E-04
   122.968880         1.08263492E-04
   123.053406         1.05610423E-04
   123.137939         1.03035214E-04
   123.222466         1.00564721E-04
   123.306992         9.82240817E-05
   123.391525         9.60363250E-05
   123.476051         9.40223617E-05
   123.560577         9.22005565E-05
   123.645103         9.05867200E-05
   123.729637         8.91938398E-05
   123.814163         8.80321895E-05
   123.898689         8.71090233E-05
   123.983223         8.64288522E-05
   124.067749         8.59931752E-05
   124.152275         8.58007188E-05
   124.236809         8.58474159E-05
   124.321335         8.61265507E-05
   124.405861         8.66288392E-05
   124.490395         8.73427271E-05
   124.574921         8.82542809E-05
   124.659447         8.93476827E-05
   124.743980         9.06052228E-05
   124.828506         9.20077000E-05
   124.913033         9.35345379E-05
   124.997559         9.51640759E-05
   125.082092         9.68739550E-05
   125.166618         9.86412197E-05
   125.251144         1.00442805E-04
   125.335678         1.02255653E-04
   125.420204         1.04057159E-04
   125.504730         1.05825406E-04
   125.589264         1.07539468E-04
   125.673790         1.09179651E-04
   125.758316         1.10727917E-04
   125.842850         1.12167916E-04
   125.927376         1.13485417E-04
   126.011902         1.14668415E-04
   126.096436         1.15707306E-04
   126.180962         1.16595038E-04
   126.265488         1.17327159E-04
   126.350014         1.17901953E-04
   126.434547         1.18320218E-04
   126.519073         1.18585391E-04
   126.603600         1.18703290E-04
   126.688133         1.18682081E-04
   126.772659         1.18531854E-04
   126.857185         1.18264594E-04
   126.941719         1.17893775E-04
   127.026245         1.17433927E-04
   127.110771         1.16900548E-04
   127.195305         1.16309631E-04
   127.279831         1.15677307E-04
   127.364357         1.15019531E-04
   127.448883         1.14351664E-04
   127.533417         1.13688315E-04
   127.617943         1.13042930E-04
   127.702469         1.12427493E-04
   127.787003         1.11852401E-04
   127.871529         1.11326270E-04
   127.956055         1.10855719E-04
   128.040588         1.10445406E-04
   128.125107         1.10097979E-04
   128.209641         1.09814013E-04
   128.294174         1.09592365E-04
   128.378693         1.09430075E-04
   128.463226         1.09322762E-04
   128.547760         1.09264671E-04
   128.632278         1.09249100E-04
   128.716812         1.09268622E-04
   128.801346         1.09315304E-04
   128.885864         1.09381159E-04
   128.970398         1.09458349E-04
   129.054932         1.09539367E-04
   129.139450         1.09617569E-04
   129.223984         1.09687120E-04
   129.308517         1.09743312E-04
   129.393036         1.09782712E-04
   129.477570         1.09803303E-04
   129.562103         1.09804518E-04
   129.646622         1.09787186E-04
   129.731155         1.09753681E-04
   129.815689         1.09707587E-04
   129.900208         1.09653833E-04
   129.984741         1.09598295E-04
   130.069275         1.09547771E-04
   130.153793         1.09509594E-04
   130.238327         1.09491579E-04
   130.322861         1.09501583E-04
   130.407379         1.09547356E-04
   130.491913         1.09636254E-04
   130.576431         1.09774985E-04
   130.660965         1.09969355E-04
   130.745499         1.10224188E-04
   130.830017         1.10542904E-04
   130.914551         1.10927613E-04
   130.999084         1.11378882E-04
   131.083603         1.11895759E-04
   131.168137         1.12475602E-04
   131.252670         1.13114227E-04
   131.337189         1.13805945E-04
   131.421722         1.14543589E-04
   131.506256         1.15318675E-04
   131.590775         1.16121621E-04
   131.675308         1.16941846E-04
   131.759842         1.17767988E-04
   131.844360         1.18588112E-04
   131.928894         1.19389915E-04
   132.013428         1.20161065E-04
   132.097946         1.20889265E-04
   132.182480         1.21562480E-04
   132.267014         1.22169324E-04
   132.351532         1.22699086E-04
   132.436066         1.23141974E-04
   132.520599         1.23489270E-04
   132.605118         1.23733480E-04
   132.689651         1.23868464E-04
   132.774185         1.23889535E-04
   132.858704         1.23793492E-04
   132.943237         1.23578822E-04
   133.027771         1.23245423E-04
   133.112289         1.22794838E-04
   133.196823         1.22230165E-04
   133.281342         1.21555917E-04
   133.365875         1.20777971E-04
   133.450409         1.19903467E-04
   133.534927         1.18940763E-04
   133.619461         1.17899224E-04
   133.703995         1.16789008E-04
   133.788513         1.15621195E-04
   133.873047         1.14407369E-04
   133.957581         1.13159535E-04
   134.042099         1.11890105E-04
   134.126633         1.10611560E-04
   134.211166         1.09336470E-04
   134.295685         1.08077104E-04
   134.380219         1.06845575E-04
   134.464752         1.05653344E-04
   134.549271         1.04511244E-04
   134.633804         1.03429389E-04
   134.718338         1.02416772E-04
   134.802856         1.01481412E-04
   134.887390         1.00630103E-04
   134.971924         9.98682954E-05
   135.056442         9.92001296E-05
   135.140976         9.86284358E-05
   135.225510         9.81545600E-05
   135.310028         9.77786549E-05
   135.394562         9.74994909E-05
   135.479095         9.73146598E-05
   135.563614         9.72208072E-05
   135.648148         9.72134658E-05
   135.732666         9.72873750E-05
   135.817200         9.74366194E-05
   135.901733         9.76547162E-05
   135.986252         9.79348042E-05
   136.070786         9.82697675E-05
   136.155319         9.86524828E-05
   136.239838         9.90757981E-05
   136.324371         9.95329028E-05
   136.408905         1.00017285E-04
   136.493423         1.00523044E-04
   136.577957         1.01044883E-04
   136.662491         1.01578305E-04
   136.747009         1.02119571E-04
   136.831543         1.02665937E-04
   136.916077         1.03215440E-04
   137.000595         1.03767030E-04
   137.085129         1.04320476E-04
   137.169662         1.04876155E-04
   137.254181         1.05435181E-04
   137.338715         1.05998915E-04
   137.423248         1.06569074E-04
   137.507767         1.07147476E-04
   137.592300         1.07735897E-04
   137.676834         1.08335800E-04
   137.761353         1.08948370E-04
   137.845886         1.09574314E-04
   137.930420         1.10213659E-04
   138.014938         1.10865862E-04
   138.099472         1.11529567E-04
   138.183990         1.12202673E-04
   138.268524         1.12882197E-04
   138.353058         1.13564500E-04
   138.437576         1.14244998E-04
   138.522110         1.14918461E-04
   138.606644         1.15578921E-04
   138.691162         1.16219926E-04
   138.775696         1.16834548E-04
   138.860229         1.17415570E-04
   138.944748         1.17955737E-04
   139.029282         1.18447817E-04
   139.113815         1.18885000E-04
   139.198334         1.19260971E-04
   139.282867         1.19570141E-04
   139.367401         1.19807984E-04
   139.451920         1.19971017E-04
   139.536453         1.20056997E-04
   139.620987         1.20065124E-04
   139.705505         1.19995937E-04
   139.790039         1.19851451E-04
   139.874573         1.19635035E-04
   139.959091         1.19351411E-04
   140.043625         1.19006494E-04
   140.128159         1.18607451E-04
   140.212677         1.18162287E-04
   140.297211         1.17679971E-04
   140.381744         1.17170115E-04
   140.466263         1.16642797E-04
   140.550797         1.16108436E-04
   140.635330         1.15577655E-04
   140.719849         1.15060786E-04
   140.804382         1.14568058E-04
   140.888901         1.14109105E-04
   140.973434         1.13692848E-04
   141.057968         1.13327260E-04
   141.142487         1.13019225E-04
   141.227020         1.12774309E-04
   141.311554         1.12596696E-04
   141.396072         1.12489070E-04
   141.480606         1.12452457E-04
   141.565140         1.12486421E-04
   141.649658         1.12588881E-04
   141.734192         1.12756286E-04
   141.818726         1.12983602E-04
   141.903244         1.13264607E-04
   141.987778         1.13591814E-04
   142.072311         1.13956732E-04
   142.156830         1.14350114E-04
   142.241364         1.14761853E-04
   142.325897         1.15181429E-04
   142.410416         1.15597912E-04
   142.494949         1.16000258E-04
   142.579483         1.16377429E-04
   142.664001         1.16718511E-04
   142.748535         1.17013122E-04
   142.833069         1.17251337E-04
   142.917587         1.17424053E-04
   143.002121         1.17523101E-04
   143.086655         1.17541415E-04
   143.171173         1.17473115E-04
   143.255707         1.17313713E-04
   143.340225         1.17060205E-04
   143.424759         1.16711119E-04
   143.509293         1.16266543E-04
   143.593811         1.15728151E-04
   143.678345         1.15099305E-04
   143.762878         1.14384777E-04
   143.847397         1.13591013E-04
   143.931931         1.12725793E-04
   144.016464         1.11798225E-04
   144.100983         1.10818728E-04
   144.185516         1.09798595E-04
   144.270050         1.08750217E-04
   144.354568         1.07686523E-04
   144.439102         1.06621177E-04
   144.523636         1.05567960E-04
   144.608154         1.04540908E-04
   144.692688         1.03553946E-04
   144.777222         1.02620557E-04
   144.861740         1.01753845E-04
   144.946274         1.00966041E-04
   145.030807         1.00268488E-04
   145.115326         9.96712843E-05
   145.199860         9.91832858E-05
   145.284393         9.88117972E-05
   145.368912         9.85624429E-05
   145.453445         9.84392173E-05
   145.537979         9.84442013E-05
   145.622498         9.85775769E-05
   145.707031         9.88377797E-05
   145.791550         9.92212808E-05
   145.876083         9.97228271E-05
   145.960617         1.00335470E-04
   146.045135         1.01050660E-04
   146.129669         1.01858372E-04
   146.214203         1.02747486E-04
   146.298721         1.03705686E-04
   146.383255         1.04719795E-04
   146.467789         1.05776060E-04
   146.552307         1.06860207E-04
   146.636841         1.07957741E-04
   146.721375         1.09054199E-04
   146.805893         1.10135341E-04
   146.890427         1.11187292E-04
   146.974960         1.12196867E-04
   147.059479         1.13151713E-04
   147.144012         1.14040566E-04
   147.228546         1.14853276E-04
   147.313065         1.15581090E-04
   147.397598         1.16216652E-04
   147.482132         1.16754272E-04
   147.566650         1.17189775E-04
   147.651184         1.17520714E-04
   147.735718         1.17746262E-04
   147.820236         1.17867246E-04
   147.904770         1.17886128E-04
   147.989304         1.17806885E-04
   148.073822         1.17634940E-04
   148.158356         1.17377087E-04
   148.242874         1.17041345E-04
   148.327408         1.16636860E-04
   148.411942         1.16173753E-04
   148.496460         1.15663017E-04
   148.580994         1.15116301E-04
   148.665527         1.14545837E-04
   148.750046         1.13964103E-04
   148.834579         1.13383867E-04
   148.919113         1.12817790E-04
   149.003632         1.12278343E-04
   149.088165         1.11777503E-04
   149.172699         1.11326633E-04
   149.257217         1.10936220E-04
   149.341751         1.10615663E-04
   149.426285         1.10373134E-04
   149.510803         1.10215391E-04
   149.595337         1.10147514E-04
   149.679871         1.10172943E-04
   149.764389         1.10293346E-04
   149.848923         1.10508503E-04
   149.933456         1.10816276E-04
   150.017975         1.11212641E-04
   150.102509         1.11691756E-04
   150.187042         1.12245929E-04
   150.271561         1.12865746E-04
   150.356094         1.13540242E-04
   150.440628         1.14257025E-04
   150.525146         1.15002404E-04
   150.609680         1.15761657E-04
   150.694214         1.16519353E-04
   150.778732         1.17259544E-04
   150.863266         1.17966119E-04
   150.947784         1.18623109E-04
   151.032318         1.19215154E-04
   151.116852         1.19727782E-04
   151.201370         1.20147757E-04
   151.285904         1.20463301E-04
   151.370438         1.20664619E-04
   151.454956         1.20743876E-04
   151.539490         1.20695644E-04
   151.624023         1.20516735E-04
   151.708542         1.20206605E-04
   151.793076         1.19767137E-04
   151.877609         1.19202588E-04
   151.962128         1.18519762E-04
   152.046661         1.17727650E-04
   152.131195         1.16837342E-04
   152.215714         1.15861854E-04
   152.300247         1.14815892E-04
   152.384781         1.13715549E-04
   152.469299         1.12578098E-04
   152.553833         1.11421577E-04
   152.638367         1.10264511E-04
   152.722885         1.09125511E-04
   152.807419         1.08022869E-04
   152.891953         1.06974287E-04
   152.976471         1.05996376E-04
   153.061005         1.05104475E-04
   153.145538         1.04312232E-04
   153.230057         1.03631333E-04
   153.314590         1.03071419E-04
   153.399109         1.02639853E-04
   153.483643         1.02341619E-04
   153.568176         1.02179351E-04
   153.652695         1.02153324E-04
   153.737228         1.02261532E-04
   153.821762         1.02499733E-04
   153.906281         1.02861755E-04
   153.990814         1.03339553E-04
   154.075348         1.03923434E-04
   154.159866         1.04602201E-04
   154.244400         1.05363491E-04
   154.328934         1.06193962E-04
   154.413452         1.07079555E-04
   154.497986         1.08005705E-04
   154.582520         1.08957654E-04
   154.667038         1.09920693E-04
   154.751572         1.10880421E-04
   154.836105         1.11822992E-04
   154.920624         1.12735353E-04
   155.005157         1.13605347E-04
   155.089691         1.14422051E-04
   155.174210         1.15175717E-04
   155.258743         1.15857911E-04
   155.343277         1.16461655E-04
   155.427795         1.16981384E-04
   155.512329         1.17412834E-04
   155.596863         1.17753181E-04
   155.681381         1.18000768E-04
   155.765915         1.18155192E-04
   155.850433         1.18217133E-04
   155.934967         1.18188240E-04
   156.019501         1.18071075E-04
