  -4.50000000         0.00000000    
  -4.41547155         0.00000000    
  -4.33094311         0.00000000    
  -4.24641466         0.00000000    
  -4.16188622         0.00000000    
  -4.07735777         0.00000000    
  -3.99282932         0.00000000    
  -3.90830088         0.00000000    
  -3.82377243         0.00000000    
  -3.73924398         0.00000000    
  -3.65471554         0.00000000    
  -3.57018733         0.00000000    
  -3.48565888         0.00000000    
  -3.40113044         0.00000000    
  -3.31660199         0.00000000    
  -3.23207355         0.00000000    
  -3.14754510         0.00000000    
  -3.06301665         0.00000000    
  -2.97848821         0.00000000    
  -2.89395976         0.00000000    
  -2.80943131         0.00000000    
  -2.72490287         0.00000000    
  -2.64037442         0.00000000    
  -2.55584598         0.00000000    
  -2.47131753         0.00000000    
  -2.38678908         0.00000000    
  -2.30226064         0.00000000    
  -2.21773219         0.00000000    
  -2.13320374         0.00000000    
  -2.04867530         0.00000000    
  -1.96414697         0.00000000    
  -1.87961853         0.00000000    
  -1.79509008         0.00000000    
  -1.71056163         0.00000000    
  -1.62603319         0.00000000    
  -1.54150474         0.00000000    
  -1.45697629         0.00000000    
  -1.37244797         0.00000000    
  -1.28791952         0.00000000    
  -1.20339108         0.00000000    
  -1.11886263         0.00000000    
  -1.03433418         0.00000000    
 -0.949805737         0.00000000    
 -0.865277290         0.00000000    
 -0.780748844         0.00000000    
 -0.696220458         0.00000000    
 -0.611692011         0.00000000    
 -0.527163565         0.00000000    
 -0.442635119         0.00000000    
 -0.358106703         0.00000000    
 -0.273578256         0.00000000    
 -0.189049825         0.00000000    
 -0.104521386         0.00000000    
  -1.99929532E-02     0.00000000    
   6.45354837E-02     0.00000000    
  0.149063915         0.00000000    
  0.233592346         0.00000000    
  0.318120778         0.00000000    
  0.402649224         0.00000000    
  0.487177670         0.00000000    
  0.571706116         0.00000000    
  0.656234503         0.00000000    
  0.740762949         0.00000000    
  0.825291395         0.00000000    
  0.909819841         0.00000000    
  0.994348288         0.00000000    
   1.07887673         0.00000000    
   1.16340518         0.00000000    
   1.24793363         0.00000000    
   1.33246195         0.00000000    
   1.41699040         0.00000000    
   1.50151885         0.00000000    
   1.58604729         0.00000000    
   1.67057574         0.00000000    
   1.75510418         0.00000000    
   1.83963263         0.00000000    
   1.92416108         0.00000000    
   2.00868940         0.00000000    
   2.09321785         0.00000000    
   2.17774630         0.00000000    
   2.26227474         0.00000000    
   2.34680319         0.00000000    
   2.43133163         0.00000000    
   2.51586008         0.00000000    
   2.60038853         0.00000000    
   2.68491697         0.00000000    
   2.76944542         0.00000000    
   2.85397387         0.00000000    
   2.93850231         0.00000000    
   3.02303076         0.00000000    
   3.10755920         0.00000000    
   3.19208765         0.00000000    
   3.27661610         0.00000000    
   3.36114454         0.00000000    
   3.44567299         0.00000000    
   3.53020120         0.00000000    
   3.61472964         0.00000000    
   3.69925809         0.00000000    
   3.78378654         0.00000000    
   3.86831498         0.00000000    
   3.95284343         0.00000000    
   4.03737211         0.00000000    
   4.12190056         0.00000000    
   4.20642900         0.00000000    
   4.29095745         0.00000000    
   4.37548542         0.00000000    
   4.46001387         0.00000000    
   4.54454231         0.00000000    
   4.62907076         0.00000000    
   4.71359921         0.00000000    
   4.79812765         0.00000000    
   4.88265610         0.00000000    
   4.96718454         0.00000000    
   5.05171299         0.00000000    
   5.13624144         0.00000000    
   5.22076988         0.00000000    
   5.30529833         0.00000000    
   5.38982677         0.00000000    
   5.47435522         0.00000000    
   5.55888367         0.00000000    
   5.64341211         0.00000000    
   5.72794056         0.00000000    
   5.81246901         0.00000000    
   5.89699745         0.00000000    
   5.98152590         0.00000000    
   6.06605434         0.00000000    
   6.15058279         0.00000000    
   6.23511124         0.00000000    
   6.31963968         0.00000000    
   6.40416813         0.00000000    
   6.48869658         0.00000000    
   6.57322502         0.00000000    
   6.65775347         0.00000000    
   6.74228191         0.00000000    
   6.82681036         0.00000000    
   6.91133881         0.00000000    
   6.99586725         0.00000000    
   7.08039570         0.00000000    
   7.16492414         0.00000000    
   7.24945259         0.00000000    
   7.33398104         0.00000000    
   7.41850948         0.00000000    
   7.50303793         0.00000000    
   7.58756638         0.00000000    
   7.67209482         0.00000000    
   7.75662327         0.00000000    
   7.84115171         0.00000000    
   7.92567968         0.00000000    
   8.01020813         0.00000000    
   8.09473705         0.00000000    
   8.17926502         0.00000000    
   8.26379395         0.00000000    
   8.34832191         0.00000000    
   8.43285084         0.00000000    
   8.51737881         0.00000000    
   8.60190773         0.00000000    
   8.68643570         0.00000000    
   8.77096462         0.00000000    
   8.85549259         0.00000000    
   8.94002151         0.00000000    
   9.02454948         0.00000000    
   9.10907841         0.00000000    
   9.19360638         0.00000000    
   9.27813530         0.00000000    
   9.36266327         0.00000000    
   9.44719219         0.00000000    
   9.53172016         0.00000000    
   9.61624908         0.00000000    
   9.70077705         0.00000000    
   9.78530502         0.00000000    
   9.86983395         0.00000000    
   9.95436192         0.00000000    
   10.0388908         0.00000000    
   10.1234188         0.00000000    
   10.2079477         0.00000000    
   10.2924757         0.00000000    
   10.3770046         0.00000000    
   10.4615326         0.00000000    
   10.5460615         0.00000000    
   10.6305895         0.00000000    
   10.7151184         0.00000000    
   10.7996464         0.00000000    
   10.8841753         0.00000000    
   10.9687033         0.00000000    
   11.0532322         0.00000000    
   11.1377602         0.00000000    
   11.2222891         0.00000000    
   11.3068171         0.00000000    
   11.3913460         0.00000000    
   11.4758739         0.00000000    
   11.5604029         0.00000000    
   11.6449308         0.00000000    
   11.7294598         0.00000000    
   11.8139877         0.00000000    
   11.8985167         0.00000000    
   11.9830446         0.00000000    
   12.0675735         0.00000000    
   12.1521015         0.00000000    
   12.2366304         0.00000000    
   12.3211584         0.00000000    
   12.4056873         0.00000000    
   12.4902153         0.00000000    
   12.5747442         0.00000000    
   12.6592722         0.00000000    
   12.7438011         0.00000000    
   12.8283291         0.00000000    
   12.9128580         0.00000000    
   12.9973860         0.00000000    
   13.0819149         0.00000000    
   13.1664429         0.00000000    
   13.2509708         0.00000000    
   13.3354998         0.00000000    
   13.4200277         0.00000000    
   13.5045567         0.00000000    
   13.5890846         0.00000000    
   13.6736135         0.00000000    
   13.7581415         0.00000000    
   13.8426704         0.00000000    
   13.9271984         0.00000000    
   14.0117273         0.00000000    
   14.0962553         0.00000000    
   14.1807842         0.00000000    
   14.2653122         0.00000000    
   14.3498411         0.00000000    
   14.4343691         0.00000000    
   14.5188980         0.00000000    
   14.6034260         0.00000000    
   14.6879549         0.00000000    
   14.7724829         0.00000000    
   14.8570118         0.00000000    
   14.9415398         0.00000000    
   15.0260687         0.00000000    
   15.1105967         0.00000000    
   15.1951256         0.00000000    
   15.2796535         0.00000000    
   15.3641825         0.00000000    
   15.4487104         0.00000000    
   15.5332394         0.00000000    
   15.6177673         0.00000000    
   15.7022963         0.00000000    
   15.7868242         0.00000000    
   15.8713531         0.00000000    
   15.9558811         0.00000000    
   16.0404091         0.00000000    
   16.1249390         0.00000000    
   16.2094669         0.00000000    
   16.2939949         0.00000000    
   16.3785229         0.00000000    
   16.4630527         0.00000000    
   16.5475807         0.00000000    
   16.6321087         0.00000000    
   16.7166367         0.00000000    
   16.8011646         0.00000000    
   16.8856945         0.00000000    
   16.9702225         0.00000000    
   17.0547504         0.00000000    
   17.1392784         0.00000000    
   17.2238083         0.00000000    
   17.3083363         0.00000000    
   17.3928642         0.00000000    
   17.4773922         0.00000000    
   17.5619221         0.00000000    
   17.6464500         0.00000000    
   17.7309780         0.00000000    
   17.8155060         0.00000000    
   17.9000359         0.00000000    
   17.9845638         0.00000000    
   18.0690918         0.00000000    
   18.1536198         0.00000000    
   18.2381496         0.00000000    
   18.3226776         0.00000000    
   18.4072056         0.00000000    
   18.4917336         0.00000000    
   18.5762634         0.00000000    
   18.6607914         0.00000000    
   18.7453194         0.00000000    
   18.8298473         0.00000000    
   18.9143772         0.00000000    
   18.9989052         0.00000000    
   19.0834332         0.00000000    
   19.1679611         0.00000000    
   19.2524910         0.00000000    
   19.3370190         0.00000000    
   19.4215469         0.00000000    
   19.5060749         0.00000000    
   19.5906048         0.00000000    
   19.6751328         0.00000000    
   19.7596607         0.00000000    
   19.8441887         0.00000000    
   19.9287186         0.00000000    
   20.0132465         0.00000000    
   20.0977745         0.00000000    
   20.1823025         0.00000000    
   20.2668324         0.00000000    
   20.3513603         0.00000000    
   20.4358883         0.00000000    
   20.5204163         0.00000000    
   20.6049442         0.00000000    
   20.6894741         0.00000000    
   20.7740021         0.00000000    
   20.8585300         0.00000000    
   20.9430580         0.00000000    
   21.0275879         0.00000000    
   21.1121159         0.00000000    
   21.1966438         0.00000000    
   21.2811718         0.00000000    
   21.3657017         0.00000000    
   21.4502296         0.00000000    
   21.5347576         0.00000000    
   21.6192856         0.00000000    
   21.7038155         0.00000000    
   21.7883434         0.00000000    
   21.8728714         0.00000000    
   21.9573994         0.00000000    
   22.0419292         0.00000000    
   22.1264572         0.00000000    
   22.2109852         0.00000000    
   22.2955132         0.00000000    
   22.3800430         0.00000000    
   22.4645710         0.00000000    
   22.5490990         0.00000000    
   22.6336269         0.00000000    
   22.7181568         0.00000000    
   22.8026848         0.00000000    
   22.8872128         0.00000000    
   22.9717407         0.00000000    
   23.0562706         0.00000000    
   23.1407986         0.00000000    
   23.2253265         0.00000000    
   23.3098545         0.00000000    
   23.3943844         0.00000000    
   23.4789124         0.00000000    
   23.5634403         0.00000000    
   23.6479683         0.00000000    
   23.7324982         0.00000000    
   23.8170261         0.00000000    
   23.9015541         0.00000000    
   23.9860821         0.00000000    
   24.0706100         0.00000000    
   24.1551399         0.00000000    
   24.2396679         0.00000000    
   24.3241959         0.00000000    
   24.4087238         0.00000000    
   24.4932537         0.00000000    
   24.5777817         0.00000000    
   24.6623096         0.00000000    
   24.7468376         0.00000000    
   24.8313675         0.00000000    
   24.9158955         0.00000000    
   25.0004234         0.00000000    
   25.0849514         0.00000000    
   25.1694813         0.00000000    
   25.2540092         0.00000000    
   25.3385372         0.00000000    
   25.4230652         0.00000000    
   25.5075951         0.00000000    
   25.5921230         0.00000000    
   25.6766510         0.00000000    
   25.7611790         0.00000000    
   25.8457088         0.00000000    
   25.9302368         0.00000000    
   26.0147648         0.00000000    
   26.0992928         0.00000000    
   26.1838226         0.00000000    
   26.2683506         0.00000000    
   26.3528786         0.00000000    
   26.4374065         0.00000000    
   26.5219364         0.00000000    
   26.6064644         0.00000000    
   26.6909924         0.00000000    
   26.7755203         0.00000000    
   26.8600502         0.00000000    
   26.9445782         0.00000000    
   27.0291061         0.00000000    
   27.1136341         0.00000000    
   27.1981640         0.00000000    
   27.2826920         0.00000000    
   27.3672199         0.00000000    
   27.4517479         0.00000000    
   27.5362759         0.00000000    
   27.6208057         0.00000000    
   27.7053337         0.00000000    
   27.7898617         0.00000000    
   27.8743896         0.00000000    
   27.9589195         0.00000000    
   28.0434475         0.00000000    
   28.1279755         0.00000000    
   28.2125034         0.00000000    
   28.2970333         0.00000000    
   28.3815613         0.00000000    
   28.4660892         0.00000000    
   28.5506172         0.00000000    
   28.6351471         0.00000000    
   28.7196751         0.00000000    
   28.8042030         0.00000000    
   28.8887310         0.00000000    
   28.9732609         0.00000000    
   29.0577888         0.00000000    
   29.1423168         0.00000000    
   29.2268448         0.00000000    
   29.3113747         0.00000000    
   29.3959026         0.00000000    
   29.4804306         0.00000000    
   29.5649586         0.00000000    
   29.6494884         0.00000000    
   29.7340164         0.00000000    
   29.8185444         0.00000000    
   29.9030724         0.00000000    
   29.9876022         0.00000000    
   30.0721302         0.00000000    
   30.1566582         0.00000000    
   30.2411861         0.00000000    
   30.3257160         0.00000000    
   30.4102440         0.00000000    
   30.4947720         0.00000000    
   30.5792999         0.00000000    
   30.6638298         0.00000000    
   30.7483578         0.00000000    
   30.8328857         0.00000000    
   30.9174137         0.00000000    
   31.0019417         0.00000000    
   31.0864716         0.00000000    
   31.1709995         0.00000000    
   31.2555275         0.00000000    
   31.3400555         0.00000000    
   31.4245853         0.00000000    
   31.5091133         0.00000000    
   31.5936413         0.00000000    
   31.6781693         0.00000000    
   31.7626991         0.00000000    
   31.8472271         0.00000000    
   31.9317551         0.00000000    
   32.0162849         0.00000000    
   32.1008110         0.00000000    
   32.1853409         0.00000000    
   32.2698708         0.00000000    
   32.3543968         0.00000000    
   32.4389267         0.00000000    
   32.5234528         0.00000000    
   32.6079826         0.00000000    
   32.6925125         0.00000000    
   32.7770386         0.00000000    
   32.8615685         0.00000000    
   32.9460983         0.00000000    
   33.0306244         0.00000000    
   33.1151543         0.00000000    
   33.1996803         0.00000000    
   33.2842102         0.00000000    
   33.3687401         0.00000000    
   33.4532661         0.00000000    
   33.5377960         0.00000000    
   33.6223259         0.00000000    
   33.7068520         0.00000000    
   33.7913818         0.00000000    
   33.8759079         0.00000000    
   33.9604378         0.00000000    
   34.0449677         0.00000000    
   34.1294937         0.00000000    
   34.2140236         0.00000000    
   34.2985535         0.00000000    
   34.3830795         0.00000000    
   34.4676094         0.00000000    
   34.5521355         0.00000000    
   34.6366653         0.00000000    
   34.7211952         0.00000000    
   34.8057213         0.00000000    
   34.8902512         0.00000000    
   34.9747772         0.00000000    
   35.0593071         0.00000000    
   35.1438370         0.00000000    
   35.2283630         0.00000000    
   35.3128929         0.00000000    
   35.3974228         0.00000000    
   35.4819489         0.00000000    
   35.5664787         6.88323545E-36
   35.6510048         2.10157411E-35
   35.7355347         3.51393201E-35
   35.8200645         4.92807525E-35
   35.9045906         6.34132596E-35
   35.9891205         6.06367511E-35
   36.0736504         3.09433132E-35
   36.1581764         6.37792929E-35
   36.2427063         2.21540186E-34
   36.3272324         5.02529758E-34
   36.4117622         5.99439625E-34
   36.4962921         4.94164509E-34
   36.5808182         1.06007183E-34
   36.6653481        -6.45765352E-34
   36.7498779        -1.60921301E-33
   36.8344040        -2.75211568E-33
   36.9189339        -3.45766961E-33
   37.0034599        -3.41930736E-33
   37.0879898        -3.61823406E-33
   37.1725197        -3.53626904E-33
   37.2570457        -3.91286511E-33
   37.3415756        -5.39012686E-33
   37.4261055        -7.57153250E-33
   37.5106316        -9.62399559E-33
   37.5951614        -1.21496877E-32
   37.6796875        -1.59723116E-32
   37.7642174        -2.05511266E-32
   37.8487473        -2.27268550E-32
   37.9332733        -2.38946572E-32
   38.0178032        -2.43171313E-32
   38.1023293        -2.58215172E-32
   38.1868591        -2.53155668E-32
   38.2713890        -2.16077535E-32
   38.3559151        -1.69918869E-32
   38.4404449        -7.75825463E-33
   38.5249748         7.15806485E-33
   38.6095009         2.93123622E-32
   38.6940308         5.90305992E-32
   38.7785568         2.73188578E-31
   38.8630867         6.80853851E-31
   38.9476166         1.13054307E-30
   39.0321426         1.47680929E-30
   39.1166725         1.79402838E-30
   39.2012024         2.75372755E-30
   39.2857285         4.41829206E-30
   39.3702583         6.46964631E-30
   39.4547844         8.85945002E-30
   39.5393143         1.22923381E-29
   39.6238441         1.52980497E-29
   39.7083702         2.95552788E-29
   39.7929001         5.42070738E-29
   39.8774300         7.32422672E-29
   39.9619560         8.40861555E-29
   40.0464859         8.21534728E-29
   40.1310120         6.83085763E-29
   40.2155418         4.29693568E-29
   40.3000717        -3.54548130E-30
   40.3845978        -7.51561601E-29
   40.4691277        -1.72048402E-28
   40.5536575        -2.92086511E-28
   40.6381836        -4.30496380E-28
   40.7227135        -5.75238682E-28
   40.8072395        -7.12380205E-28
   40.8917694        -8.26788629E-28
   40.9762993        -9.08187191E-28
   41.0608253        -9.53619493E-28
   41.1453552        -9.63553440E-28
   41.2298851        -9.38574225E-28
   41.3144112        -8.76325762E-28
   41.3989410        -7.75820819E-28
   41.4834671        -6.36457591E-28
   41.5679970        -4.52137814E-28
   41.6525269        -2.19390432E-28
   41.7370529         6.65614810E-29
   41.8215828         4.09017879E-28
   41.9061089         8.09379570E-28
   41.9906387         1.26442722E-27
   42.0751686         1.76358888E-27
   42.1596947         2.28488015E-27
   42.2442245         2.80324515E-27
   42.3287544         3.28081010E-27
   42.4132805         3.68392612E-27
   42.4978104         3.96832164E-27
   42.5823364         4.08822118E-27
   42.6668663         4.00362394E-27
   42.7513962         3.67913325E-27
   42.8359222         3.08829569E-27
   42.9204521         2.22383433E-27
   43.0049820         1.08878809E-27
   43.0895081        -2.98230974E-28
   43.1740379        -1.90593937E-27
   43.2585640        -3.68808959E-27
   43.3430939        -5.58768899E-27
   43.4276237        -7.53758906E-27
   43.5121498        -9.45787680E-27
   43.5966797        -1.12582715E-26
   43.6812096        -1.28368985E-26
   43.7657356        -1.40817588E-26
   43.8502655        -1.48755901E-26
   43.9347916        -1.50951015E-26
   44.0193214        -1.46192242E-26
   44.1038513        -1.33378013E-26
   44.1883774        -1.11593204E-26
   44.2729073        -8.02560584E-27
   44.3574371        -3.91496799E-27
   44.4419632         1.14122317E-27
   44.5264931         7.05451267E-27
   44.6110191         1.36746280E-26
   44.6955490         2.07864217E-26
   44.7800789         2.81114374E-26
   44.8646049         3.53152012E-26
   44.9491348         4.20154621E-26
   45.0336647         4.77945339E-26
   45.1181908         5.22144999E-26
   45.2027206         5.48338879E-26
   45.2872467         5.52283738E-26
   45.3717766         5.30099182E-26
   45.4563065         4.78504074E-26
   45.5408325         3.95065116E-26
   45.6253624         2.78421585E-26
   45.7098885         1.28553520E-26
   45.7944183        -5.29957103E-27
   45.8789482        -2.62919051E-26
   45.9634743        -4.95983629E-26
   46.0480042        -7.44942307E-26
   46.1325340        -1.00052985E-25
   46.2170601        -1.25159130E-25
   46.3015900        -1.48529012E-25
   46.3861160        -1.68746752E-25
   46.4706459        -1.84313579E-25
   46.5551758        -1.93708505E-25
   46.6397018        -1.95460516E-25
   46.7242317        -1.88228486E-25
   46.8087616        -1.70886981E-25
   46.8932877        -1.42614576E-25
   46.9778175        -1.02979604E-25
   47.0623436        -5.20210626E-26
   47.1468735         9.68089410E-27
   47.2314034         8.09486228E-26
   47.3159294         1.59969960E-25
   47.4004593         2.44284313E-25
   47.4849892         3.30796199E-25
   47.5695152         4.15819972E-25
   47.6540451         4.95158770E-25
   47.7385712         5.64220979E-25
   47.8231010         6.18171324E-25
   47.9076309         6.52119115E-25
   47.9921570         6.61338828E-25
   48.0766869         6.41517564E-25
   48.1612167         5.89021287E-25
   48.2457428         5.01171468E-25
   48.3302727         3.76517591E-25
   48.4147987         2.15092614E-25
   48.4993286         1.86384921E-26
   48.5838585        -2.09215748E-25
   48.6683846        -4.62838153E-25
   48.7529144        -7.34553896E-25
   48.8374405        -1.01469393E-24
   48.9219704        -1.29174386E-24
   49.0065002        -1.55259896E-24
   49.0910263        -1.78292820E-24
   49.1755562        -1.96765102E-24
   49.2600861        -2.09151441E-24
   49.3446121        -2.13976312E-24
   49.4291420        -2.09888770E-24
   49.5136681        -1.95742029E-24
   49.5981979        -1.70675638E-24
   49.6827278        -1.34196757E-24
   49.7672539        -8.62560137E-25
   49.8517838        -2.73146022E-25
   49.9363136         4.16023498E-25
   50.0208397         1.18870442E-24
   50.1053696         2.02252833E-24
   50.1898956         2.88913088E-24
   50.2744255         3.75457046E-24
   50.3589554         4.58006015E-24
   50.4434814         5.32302316E-24
   50.5280113         5.93846837E-24
   50.6125412         6.38067067E-24
   50.6970673         6.60510830E-24
   50.7815971         6.57064178E-24
   50.8661232         6.24181182E-24
   50.9506531         5.59123271E-24
   51.0351830         4.60193566E-24
   51.1197090         3.26958252E-24
   51.2042389         1.60441144E-24
   51.2887688        -3.67186895E-25
   51.3732948        -2.60160824E-24
   51.4578247        -5.03758764E-24
   51.5423508        -7.59647887E-24
   51.6268806        -1.01833439E-23
   51.7114105        -1.26889176E-23
   51.7959366        -1.49924672E-23
   51.8804665        -1.69655613E-23
   51.9649963        -1.84766701E-23
   52.0495224        -1.93965514E-23
   52.1340523        -1.96042237E-23
   52.2185783        -1.89933914E-23
   52.3031082        -1.74791145E-23
   52.3876381        -1.50043490E-23
   52.4721642        -1.15462092E-23
   52.5566940        -7.12151440E-24
   52.6412201        -1.79132602E-24
   52.7257500         4.33583473E-24
   52.8102798         1.11024394E-23
   52.8948059         1.83023540E-23
   52.9793358         2.56833957E-23
   53.0638657         3.29522693E-23
   53.1483917         3.97818894E-23
   53.2329216         4.58211782E-23
   53.3174477         5.07071775E-23
   53.4019775         5.40791729E-23
   53.4865074         5.55946378E-23
   53.5710335         5.49463519E-23
   53.6555634         5.18802831E-23
   53.7400932         4.62132988E-23
   53.8246193         3.78502278E-23
   53.9091492         2.67991890E-23
   53.9936752         1.31843838E-23
   54.0782051        -2.74444867E-24
   54.1627350        -2.06068218E-23
   54.2472610        -3.98913423E-23
   54.3317909        -5.99610965E-23
   54.4163208        -8.00651410E-23
   54.5008469        -9.93564062E-23
   54.5853767        -1.16915825E-22
   54.6699028        -1.31782736E-22
   54.7544327        -1.42990733E-22
   54.8389626        -1.49608215E-22
   54.9234886        -1.50782495E-22
   55.0080185        -1.45785850E-22
   55.0925484        -1.34062089E-22
   55.1770744        -1.15271271E-22
   55.2616043        -8.93306657E-23
   55.3461304        -5.64498956E-23
   55.4306602        -1.71576632E-23
   55.5151901         2.76819306E-23
   55.5997162         7.68651299E-23
   55.6842461         1.28858637E-22
   55.7687759         1.81824626E-22
   55.8533020         2.33662089E-22
   55.9378319         2.82063894E-22
   56.0223579         3.24590186E-22
   56.1068878         3.58755209E-22
   56.1914177         3.82127378E-22
   56.2759438         3.92438358E-22
   56.3604736         3.87698225E-22
   56.4449997         3.66312749E-22
   56.5295296         3.27197365E-22
   56.6140594         2.69883149E-22
   56.6985855         1.94608943E-22
   56.7831154         1.02394732E-22
   56.8676453        -4.91008800E-24
   56.9521713        -1.24607421E-22
   57.0367012        -2.53165104E-22
   57.1212273        -3.86268456E-22
   57.2057571        -5.18910936E-22
   57.2902870        -6.45524500E-22
   57.3748131        -7.60148994E-22
   57.4593430        -8.56636906E-22
   57.5438728        -9.28890405E-22
   57.6283989        -9.71123065E-22
   57.7129288        -9.78138247E-22
   57.7974548        -9.45615266E-22
   57.8819847        -8.70389692E-22
   57.9665146        -7.50717903E-22
   58.0510406        -5.86512504E-22
   58.1355705        -3.79532972E-22
   58.2201004        -1.33520211E-22
   58.3046265         1.45734934E-22
   58.3891563         4.50404690E-22
   58.4736824         7.70722254E-22
   58.5582123         1.09517390E-21
   58.6427422         1.41078420E-21
   58.7272682         1.70349769E-21
   58.8117981         1.95864293E-21
   58.8963280         2.16148171E-21
   58.9808540         2.29781384E-21
   59.0653839         2.35463464E-21
   59.1499100         2.32080728E-21
   59.2344398         2.18773520E-21
   59.3189697         1.95000236E-21
   59.4034958         1.60594945E-21
   59.4880257         1.15815444E-21
   59.5725517         6.13789774E-22
   59.6570816        -1.51741466E-23
   59.7416115        -7.11943610E-22
   59.8261375        -1.45507825E-21
   59.9106674        -2.21887988E-21
   59.9951973        -2.97399986E-21
   60.0797234        -3.68827032E-21
   60.1642532        -4.32773828E-21
   60.2487793        -4.85788795E-21
   60.3333092        -5.24502140E-21
   60.4178391        -5.45774818E-21
   60.5023651        -5.46854354E-21
   60.5868950        -5.25530946E-21
   60.6714249        -4.80287519E-21
   60.7559509        -4.10437367E-21
   60.8404808        -3.16241205E-21
   60.9250069        -1.98997502E-21
   61.0095367        -6.10989306E-22
   61.0940666         9.39507236E-22
   61.1785927         2.61564607E-21
   61.2631226         4.36148103E-21
   61.3476524         6.11225565E-21
   61.4321785         7.79615869E-21
   61.5167084         9.33656206E-21
   61.6012344         1.06547018E-20
   61.6857643         1.16727253E-20
   61.7702942         1.23170093E-20
   61.8548203         1.25216784E-20
   61.9393501         1.22321288E-20
   62.0238800         1.14084920E-20
   62.1084061         1.00288169E-20
   62.1929359         8.09185557E-21
   62.2774620         5.61925762E-21
   62.3619919         2.65707962E-21
   62.4465218        -7.23611279E-22
   62.5310478        -4.42706781E-21
   62.6155777        -8.33427846E-21
   62.7001076        -1.23054797E-20
   62.7846336        -1.61837919E-20
   62.8691635        -1.97999412E-20
   62.9536896        -2.29779707E-20
   63.0382195        -2.55418170E-20
   63.1227493        -2.73225834E-20
   63.2072754        -2.81662172E-20
   63.2918053        -2.79413953E-20
   63.3763313        -2.65472535E-20
   63.4608612        -2.39206594E-20
   63.5453911        -2.00426525E-20
   63.6299171        -1.49436931E-20
   63.7144470        -8.70748312E-21
   63.7989769        -1.47287869E-21
   63.8835030         6.56621019E-21
   63.9680328         1.51632061E-20
   64.0525589         2.40236741E-20
   64.1370926         3.28125618E-20
   64.2216187         4.11638386E-20
   64.3061447         4.86923971E-20
   64.3906708         5.50078274E-20
   64.4752045         5.97299236E-20
   64.5597305         6.25051857E-20
   64.6442566         6.30239507E-20
   64.7287903         6.10373537E-20
   64.8133163         5.63735155E-20
   64.8978424         4.89521965E-20
   64.9823761         3.87971359E-20
   65.0669022         2.60453067E-20
   65.1514282         1.09525620E-20
   65.2359619        -6.10508567E-21
   65.3204880        -2.46349218E-20
   65.4050140        -4.40360811E-20
   65.4895477        -6.36133040E-20
   65.5740738        -8.25958712E-20
   65.6585999        -1.00161472E-19
   65.7431259        -1.15464293E-19
   65.8276596        -1.27667030E-19
   65.9121857        -1.35975426E-19
   65.9967117        -1.39674448E-19
   66.0812454        -1.38164559E-19
   66.1657715        -1.30997169E-19
   66.2502975        -1.17906906E-19
   66.3348312        -9.88397468E-20
   66.4193573        -7.39754924E-20
   66.5038834        -4.37425871E-20
   66.5884171        -8.82455745E-21
   66.6729431         2.98432806E-20
   66.7574692         7.10874559E-20
   66.8419952         1.13520884E-19
   66.9265289         1.55578185E-19
   67.0110550         1.95561459E-19
   67.0955811         2.31695719E-19
   67.1801147         2.62192059E-19
   67.2646408         2.85317961E-19
   67.3491669         2.99470763E-19
   67.4337006         3.03253641E-19
   67.5182266         2.95549901E-19
   67.6027527         2.75592333E-19
   67.6872864         2.43025742E-19
   67.7718124         1.97958564E-19
   67.8563385         1.41000122E-19
   67.9408722         7.32819726E-20
   68.0253983        -3.53998244E-21
   68.1099243        -8.73036662E-20
   68.1944504        -1.75380992E-19
   68.2789841        -2.64739827E-19
   68.3635101        -3.52027312E-19
   68.4480362        -4.33673579E-19
   68.5325699        -5.06012489E-19
   68.6170959        -5.65417447E-19
   68.7016220        -6.08446658E-19
   68.7861557        -6.31994371E-19
   68.8706818        -6.33440954E-19
   68.9552078        -6.10797816E-19
   69.0397415        -5.62839228E-19
   69.1242676        -4.89215449E-19
   69.2087936        -3.90540634E-19
   69.2933273        -2.68451283E-19
   69.3778534        -1.25628314E-19
   69.4623795         3.42191662E-20
   69.5469055         2.06412427E-19
   69.6314392         3.85403920E-19
   69.7159653         5.64921138E-19
   69.8004913         7.38150491E-19
   69.8850250         8.97957494E-19
   69.9695511         1.03713694E-18
   70.0540771         1.14868814E-18
   70.1386108         1.22610211E-18
   70.2231369         1.26365353E-18
   70.3076630         1.25668722E-18
   70.3921967         1.20188392E-18
   70.4767227         1.09749507E-18
   70.5612488         9.43535767E-19
   70.6457748         7.41923882E-19
   70.7303085         4.96556056E-19
   70.8148346         2.13311760E-19
   70.8993607        -1.00019229E-19
   70.9838943        -4.33889163E-19
   71.0684204        -7.77226348E-19
   71.1529465        -1.11774548E-18
   71.2374802        -1.44232919E-18
   71.3220062        -1.73747261E-18
   71.4065323        -1.98977573E-18
   71.4910660        -2.18647038E-18
   71.5755920        -2.31595786E-18
   71.6601181        -2.36835189E-18
   71.7446518        -2.33598349E-18
   71.8291779        -2.21386516E-18
   71.9137039        -2.00007991E-18
   71.9982300        -1.69608525E-18
   72.0827637        -1.30690225E-18
   72.1672897        -8.41183591E-19
   72.2518158        -3.11141764E-19
   72.3363495         2.67665384E-19
   72.4208755         8.76695644E-19
   72.5054016         1.49492506E-18
   72.5899353         2.09948717E-18
   72.6744614         2.66642829E-18
   72.7589874         3.17155564E-18
   72.8435211         3.59136676E-18
   72.9280472         3.90400215E-18
   73.0125732         4.09022036E-18
   73.0971069         4.13432356E-18
   73.1816330         4.02501537E-18
   73.2661591         3.75614941E-18
   73.3506851         3.32733029E-18
   73.4352188         2.74432430E-18
   73.5197449         2.01926079E-18
   73.6042709         1.17059798E-18
   73.6888046         2.22840880E-19
   73.7733307        -7.94001623E-19
   73.8578568        -1.84521454E-18
   73.9423904        -2.89241010E-18
   74.0269165        -3.89477826E-18
   74.1114426        -4.81052427E-18
   74.1959763        -5.59843159E-18
   74.2805023        -6.21952719E-18
   74.3650284        -6.63875183E-18
   74.4495544        -6.82660744E-18
   74.5340881        -6.76069190E-18
   74.6186142        -6.42705274E-18
   74.7031403        -5.82131417E-18
   74.7876740        -4.94949682E-18
   74.8722000        -3.82848097E-18
   74.9567261        -2.48606796E-18
   75.0412598        -9.60635244E-19
   75.1257858         6.99668033E-19
   75.2103119         2.43815683E-18
   75.2948456         4.19125840E-18
   75.3793716         5.89056738E-18
   75.4638977         7.46520411E-18
   75.5484314         8.84443266E-18
   75.6329575         9.96048294E-18
   75.7174835         1.07513851E-17
   75.8020096         1.11638231E-17
   75.8865433         1.11558251E-17
   75.9710693         1.06991660E-17
   76.0555954         9.78141571E-18
   76.1401291         8.40749766E-18
   76.2246552         6.60068126E-18
   76.3091812         4.40289380E-18
   76.3937149         1.87435508E-18
   76.4782410        -9.07546276E-19
   76.5627670        -3.85009934E-18
   76.6473007        -6.84789576E-18
   76.7318268        -9.78605205E-18
   76.8163528        -1.25440401E-17
   76.9008865        -1.50000353E-17
   76.9854126        -1.70355382E-17
   77.0699387        -1.85401996E-17
   77.1544647        -1.94166653E-17
   77.2389984        -1.95852017E-17
   77.3235245        -1.89879806E-17
   77.4080505        -1.75927684E-17
   77.4925842        -1.53959074E-17
   77.5771103        -1.24243488E-17
   77.6616364        -8.73669321E-18
   77.7461700        -4.42304310E-18
   77.8306961         3.96295898E-19
   77.9152222         5.57344081E-18
   77.9997559         1.09366520E-17
   78.0842819         1.62952910E-17
   78.1688080         2.14457691E-17
   78.2533340         2.61783093E-17
   78.3378677         3.02844587E-17
   78.4223938         3.35649478E-17
   78.5069199         3.58376695E-17
   78.5914536         3.69455985E-17
   78.6759796         3.67641284E-17
   78.7605057         3.52077583E-17
   78.8450394         3.22356487E-17
   78.9295654         2.78559192E-17
   79.0140915         2.21283420E-17
   79.0986252         1.51653374E-17
   79.1831512         7.13105706E-18
   79.2676773        -1.76137999E-18
   79.3522110        -1.12547807E-17
   79.4367371        -2.10543075E-17
   79.5212631        -3.08360591E-17
   79.6057892        -4.02566669E-17
   79.6903229        -4.89645891E-17
   79.7748489        -5.66118110E-17
   79.8593750        -6.28665008E-17
   79.9439087        -6.74252784E-17
   80.0284348        -7.00253784E-17
   80.1129608        -7.04559028E-17
   80.1974945        -6.85677207E-17
   80.2820206        -6.42817009E-17
   80.3665466        -5.75950376E-17
   80.4510803        -4.85848073E-17
   80.5356064        -3.74094252E-17
   80.6201324        -2.43068975E-17
   80.7046585        -9.59059424E-18
   80.7891922         6.35789961E-18
   80.8737183         2.30986348E-17
   80.9582443         4.01451298E-17
   81.0427780         5.69785498E-17
   81.1273041         7.30634474E-17
   81.2118301         8.78643555E-17
   81.2963638         1.00863055E-16
   81.3808899         1.11575865E-16
   81.4654160         1.19570149E-16
   81.5499496         1.24479605E-16
   81.6344757         1.26017750E-16
   81.7190018         1.23989239E-16
   81.8035355         1.18298170E-16
   81.8880615         1.08953722E-16
   81.9725876         9.60721511E-17
   82.0571136         7.98755577E-17
   82.1416473         6.06873762E-17
   82.2261734         3.89243767E-17
   82.3106995         1.50857561E-17
   82.3952332        -1.02601068E-17
   82.4797592        -3.64916021E-17
   82.5642853        -6.29505953E-17
   82.6488190        -8.89612632E-17
   82.7333450        -1.13848256E-16
   82.8178711        -1.36955275E-16
   82.9024048        -1.57662147E-16
   82.9869308        -1.75401147E-16
   83.0714569        -1.89670728E-16
   83.1559906        -2.00047120E-16
   83.2405167        -2.06193442E-16
   83.3250427        -2.07865313E-16
   83.4095688        -2.04914700E-16
   83.4941025        -1.97289511E-16
   83.5786285        -1.85031846E-16
   83.6631546        -1.68273378E-16
   83.7476883        -1.47229004E-16
   83.8322144        -1.22188910E-16
   83.9167404        -9.35103264E-17
   84.0012741        -6.16087958E-17
   84.0858002        -2.69489207E-17
   84.1703262         9.96246073E-18
   84.2548599         4.85837518E-17
   84.3393860         8.83434453E-17
   84.4239120         1.28644095E-16
   84.5084381         1.68864382E-16
   84.5929718         2.08360033E-16
   84.6774979         2.46463215E-16
   84.7620239         2.82482232E-16
   84.8465576         3.15699926E-16
   84.9310837         3.45374058E-16
   85.0156097         3.70737665E-16
   85.1001434         3.91004014E-16
   85.1846695         4.05371334E-16
   85.2691956         4.13034070E-16
   85.3537292         4.13196674E-16
   85.4382553         4.05093189E-16
   85.5227814         3.88009964E-16
   85.6073151         3.61315006E-16
   85.6918411         3.24490196E-16
   85.7763672         2.77166889E-16
   85.8608932         2.19164891E-16
   85.9454269         1.50531770E-16
   86.0299530         7.15816294E-17
   86.1144791        -1.70686635E-17
   86.1990128        -1.14466934E-16
   86.2835388        -2.19301912E-16
   86.3680649        -3.29885716E-16
   86.4525986        -4.44149190E-16
   86.5371246        -5.59649227E-16
   86.6216507        -6.73591834E-16
   86.7061844        -7.82869090E-16
   86.7907104        -8.84113456E-16
   86.8752365        -9.73768770E-16
   86.9597702        -1.04817712E-15
   87.0442963        -1.10368001E-15
   87.1288223        -1.13673314E-15
   87.2133484        -1.14403139E-15
   87.2978821        -1.12263947E-15
   87.3824081        -1.07012639E-15
   87.4669342        -9.84699095E-16
   87.5514679        -8.65327641E-16
   87.6359940        -7.11859671E-16
   87.7205200        -5.25118923E-16
   87.8050537        -3.06980093E-16
   87.8895798        -6.04180263E-17
   87.9741058         2.10474598E-16
   88.0586395         5.00504092E-16
   88.1431656         8.03429173E-16
   88.2276917         1.11205495E-15
   88.3122177         1.41836419E-15
   88.3967514         1.71368551E-15
   88.4812775         1.98890282E-15
   88.5658035         2.23468616E-15
   88.6503372         2.44176263E-15
   88.7348633         2.60119329E-15
   88.8193893         2.70467255E-15
   88.9039230         2.74482467E-15
   88.9884491         2.71549848E-15
   89.0729752         2.61204484E-15
   89.1575089         2.43156520E-15
   89.2420349         2.17312994E-15
   89.3265610         1.83794778E-15
   89.4110947         1.42948065E-15
   89.4956207         9.53504248E-16
   89.5801468         4.18093795E-16
   89.6646729        -1.66452946E-16
   89.7492065        -7.87769758E-16
   89.8337326        -1.43164333E-15
   89.9182587        -2.08230768E-15
   90.0027924        -2.72279482E-15
   90.0873184        -3.33535655E-15
   90.1718445        -3.90190852E-15
   90.2563782        -4.40453956E-15
   90.3409042        -4.82601299E-15
   90.4254303        -5.15029829E-15
   90.5099640        -5.36307974E-15
   90.5944901        -5.45225494E-15
   90.6790161        -5.40837948E-15
   90.7635498        -5.22506800E-15
   90.8480759        -4.89932073E-15
   90.9326019        -4.43176955E-15
   91.0171280        -3.82683556E-15
   91.1016617        -3.09278453E-15
   91.1861877        -2.24167418E-15
   91.2707138        -1.28920056E-15
   91.3552475        -2.54430645E-16
   91.4397736         8.40562410E-16
   91.5242996         1.97117188E-15
   91.6088333         3.11079817E-15
   91.6933594         4.23147210E-15
   91.7778854         5.30454171E-15
   91.8624191         6.30139150E-15
   91.9469452         7.19417523E-15
   92.0314713         7.95658112E-15
   92.1159973         8.56453817E-15
   92.2005310         8.99691630E-15
   92.2850571         9.23614467E-15
   92.3695831         9.26877492E-15
   92.4541168         9.08593608E-15
   92.5386429         8.68369114E-15
   92.6231689         8.06327339E-15
   92.7077026         7.23119650E-15
   92.7922287         6.19924059E-15
   92.8767548         4.98430185E-15
   92.9612885         3.60810032E-15
   93.0458145         2.09679809E-15
   93.1303406         4.80480922E-16
   93.2148743        -1.20749745E-15
   93.2994003        -2.93118250E-15
   93.3839264        -4.65281932E-15
   93.4684525        -6.33370538E-15
   93.5529861        -7.93503938E-15
   93.6375122        -9.41881410E-15
   93.7220383        -1.07487100E-14
   93.8065720        -1.18909407E-14
   93.8910980        -1.28150664E-14
   93.9756241        -1.34947121E-14
   94.0601578        -1.39082861E-14
   94.1446838        -1.40394889E-14
   94.2292099        -1.38778039E-14
   94.3137436        -1.34188111E-14
   94.3982697        -1.26644131E-14
   94.4827957        -1.16228980E-14
   94.5673294        -1.03088678E-14
   94.6518555        -8.74306053E-15
   94.7363815        -6.95198861E-15
   94.8209076        -4.96747893E-15
   94.9054413        -2.82609705E-15
   94.9899673        -5.68434282E-16
   95.0744934         1.76167723E-15
   95.1590271         4.11805523E-15
   95.2435532         6.45312517E-15
   95.3280792         8.71890908E-15
   95.4126129         1.08680307E-14
   95.4971390         1.28548049E-14
   95.5816650         1.46362177E-14
   95.6661987         1.61729218E-14
   95.7507248         1.74301474E-14
   95.8352509         1.83785499E-14
   95.9197769         1.89949324E-14
   96.0043106         1.92628591E-14
   96.0888367         1.91730888E-14
   96.1733627         1.87238615E-14
   96.2578964         1.79210166E-14
   96.3424225         1.67778863E-14
   96.4269485         1.53150350E-14
   96.5114822         1.35597269E-14
   96.5960083         1.15454055E-14
   96.6805344         9.31063190E-15
   96.7650681         6.89828926E-15
   96.8495941         4.35426307E-15
   96.9341202         1.72634865E-15
   97.0186539        -9.37198440E-16
   97.1031799        -3.58892137E-15
   97.1877060        -6.18355227E-15
   97.2722321        -8.67923914E-15
   97.3567657        -1.10386926E-14
   97.4412918        -1.32301574E-14
   97.5258179        -1.52282141E-14
   97.6103516        -1.70143169E-14
   97.6948776        -1.85769386E-14
   97.7794037        -1.99115559E-14
   97.8639374        -2.10201509E-14
   97.9484634        -2.19105756E-14
   98.0329895        -2.25952900E-14
   98.1175232        -2.30902215E-14
   98.2020493        -2.34128428E-14
   98.2865753        -2.35805909E-14
   98.3711014        -2.36087581E-14
   98.4556351        -2.35085490E-14
   98.5401611        -2.32850763E-14
   98.6246872        -2.29357515E-14
   98.7092209        -2.24485771E-14
   98.7937469        -2.18011661E-14
   98.8782730        -2.09600861E-14
   98.9628067        -1.98808458E-14
   99.0473328        -1.85084238E-14
   99.1318588        -1.67790095E-14
   99.2163925        -1.46216386E-14
   99.3009186        -1.19613885E-14
   99.3854446        -8.72300109E-15
   99.4699783        -4.83541040E-15
   99.5545044        -2.36244556E-16
   99.6390305         5.12254652E-15
   99.7235565         1.12690204E-14
   99.8080902         1.82058111E-14
   99.8926163         2.59045681E-14
   99.9771423         3.43010769E-14
   100.061676         4.32909019E-14
   100.146202         5.27263508E-14
   100.230728         6.24143884E-14
   100.315262         7.21166494E-14
   100.399788         8.15506381E-14
   100.484314         9.03932148E-14
   100.568848         9.82863286E-14
   100.653374         1.04844762E-13
   100.737900         1.09665498E-13
   100.822433         1.12340469E-13
   100.906960         1.12469685E-13
   100.991486         1.09677045E-13
   101.076012         1.03626316E-13
   101.160545         9.40388650E-14
   101.245071         8.07108422E-14
   101.329597         6.35299173E-14
   101.414131         4.24912892E-14
   101.498657         1.77118520E-14
   101.583183        -1.05590263E-14
   101.667717        -4.19306788E-14
   101.752243        -7.58672164E-14
   101.836769        -1.11687596E-13
   101.921303        -1.48570636E-13
   102.005829        -1.85565837E-13
   102.090355        -2.21608769E-13
   102.174881        -2.55543172E-13
   102.259415        -2.86147218E-13
   102.343941        -3.12165902E-13
   102.428467        -3.32347187E-13
   102.513000        -3.45481673E-13
   102.597527        -3.50446018E-13
   102.682053        -3.46246306E-13
   102.766586        -3.32062882E-13
   102.851112        -3.07293118E-13
   102.935638        -2.71591831E-13
   103.020172        -2.24907210E-13
   103.104698        -1.67510564E-13
   103.189224        -1.00018911E-13
   103.273758        -2.34076318E-14
   103.358284         6.09845697E-14
   103.442810         1.51465076E-13
   103.527336         2.46005825E-13
   103.611870         3.42275470E-13
   103.696396         4.37683093E-13
   103.780922         5.29434081E-13
   103.865456         6.14596752E-13
   103.949982         6.90178546E-13
   104.034508         7.53211133E-13
   104.119041         8.00840351E-13
   104.203568         8.30421561E-13
   104.288094         8.39614077E-13
   104.372627         8.26475715E-13
   104.457153         7.89550608E-13
   104.541679         7.27951662E-13
   104.626213         6.41427991E-13
   104.710739         5.30423470E-13
   104.795265         3.96113508E-13
   104.879791         2.40426684E-13
   104.964325         6.60446226E-14
   105.048851        -1.23623212E-13
   105.133377        -3.24482764E-13
   105.217911        -5.31827458E-13
   105.302437        -7.40427522E-13
   105.386963        -9.44644645E-13
   105.471497        -1.13856364E-12
   105.556023        -1.31614186E-12
   105.640549        -1.47137120E-12
   105.725082        -1.59844804E-12
   105.809608        -1.69195083E-12
   105.894135        -1.74701410E-12
   105.978661        -1.75949858E-12
   106.063194        -1.72615210E-12
   106.147720        -1.64475183E-12
   106.232246        -1.51422841E-12
   106.316780        -1.33476325E-12
   106.401306        -1.10785784E-12
   106.485832        -8.36369982E-13
   106.570366        -5.24513484E-13
   106.654892        -1.77821557E-13
   106.739418         1.96923952E-13
   106.823952         5.91806823E-13
   106.908478         9.97922881E-13
   106.993004         1.40555720E-12
   107.077538         1.80439572E-12
   107.162064         2.18376337E-12
   107.246590         2.53287647E-12
   107.331116         2.84110799E-12
   107.415649         3.09826860E-12
   107.500175         3.29488563E-12
   107.584702         3.42246414E-12
   107.669235         3.47375189E-12
   107.753761         3.44296575E-12
   107.838287         3.32600700E-12
   107.922821         3.12062854E-12
   108.007347         2.82657448E-12
   108.091873         2.44567170E-12
   108.176407         1.98187603E-12
   108.260933         1.44126909E-12
   108.345459         8.32013928E-13
   108.429993         1.64247183E-13
   108.514519        -5.50056203E-13
   108.599045        -1.29728910E-12
   108.683571        -2.06242315E-12
   108.768105        -2.82929648E-12
   108.852631        -3.58089816E-12
   108.937157        -4.29970252E-12
   109.021690        -4.96800257E-12
   109.106216        -5.56827761E-12
   109.190742        -6.08352821E-12
   109.275276        -6.49767176E-12
   109.359802        -6.79585468E-12
   109.444328        -6.96481501E-12
   109.528862        -6.99318771E-12
   109.613388        -6.87179697E-12
   109.697914        -6.59392376E-12
   109.782440        -6.15553051E-12
   109.866974        -5.55545497E-12
   109.951500        -4.79556976E-12
   110.036026        -3.88088606E-12
   110.120560        -2.81963255E-12
   110.205086        -1.62327421E-12
   110.289612        -3.06495064E-13
   110.374146         1.11286338E-12
   110.458672         2.61392167E-12
   110.543198         4.17293066E-12
   110.627731         5.76346002E-12
   110.712257         7.35668297E-12
   110.796783         8.92168370E-12
   110.881317         1.04258026E-11
   110.965843         1.18350815E-11
   111.050369         1.31147116E-11
   111.134895         1.42295594E-11
   111.219429         1.51447466E-11
   111.303955         1.58262726E-11
   111.388481         1.62416591E-11
   111.473015         1.63606750E-11
   111.557541         1.61560799E-11
   111.642067         1.56043841E-11
   111.726601         1.46866252E-11
   111.811127         1.33891509E-11
   111.895653         1.17043944E-11
   111.980186         9.63160367E-12
   112.064713         7.17753591E-12
   112.149239         4.35705335E-12
   112.233772         1.19366734E-12
   112.318298        -2.28007565E-12
   112.402824        -6.02233064E-12
   112.487350        -9.98185735E-12
   112.571884        -1.40981003E-11
   112.656410        -1.83015235E-11
   112.740936        -2.25140930E-11
   112.825470        -2.66500693E-11
   112.909996        -3.06170055E-11
   112.994522        -3.43170457E-11
   113.079056        -3.76484295E-11
   113.163582        -4.05072573E-11
   113.248108        -4.27894907E-11
   113.332642        -4.43931975E-11
   113.417168        -4.52208861E-11
   113.501694        -4.51820768E-11
   113.586220        -4.41958900E-11
   113.670753        -4.21937485E-11
   113.755280        -3.91220042E-11
   113.839806        -3.49445299E-11
   113.924339        -2.96451405E-11
   114.008865        -2.32298139E-11
   114.093391        -1.57286198E-11
   114.177925        -7.19730482E-12
   114.262451         2.28155537E-12
   114.346977         1.25978871E-11
   114.431511         2.36140083E-11
   114.516037         3.51650861E-11
   114.600563         4.70601995E-11
   114.685097         5.90841612E-11
   114.769623         7.09998657E-11
   114.854149         8.25514795E-11
   114.938675         9.34680805E-11
   115.023209         1.03468172E-10
   115.107735         1.12264496E-10
   115.192261         1.19569701E-10
   115.276794         1.25102040E-10
   115.361320         1.28591818E-10
   115.445847         1.29787778E-10
   115.530380         1.28463767E-10
   115.614906         1.24425401E-10
   115.699432         1.17516399E-10
   115.783966         1.07624916E-10
   115.868492         9.46892287E-11
   115.953018         7.87028914E-11
   116.037552         5.97193267E-11
   116.122078         3.78553092E-11
   116.206604         1.32937411E-11
   116.291130        -1.37148695E-11
   116.375664        -4.28519269E-11
   116.460190        -7.37317984E-11
   116.544716        -1.05903827E-10
   116.629250        -1.38856107E-10
   116.713776        -1.72020384E-10
   116.798302        -2.04778486E-10
   116.882835        -2.36470066E-10
   116.967361        -2.66401678E-10
   117.051888        -2.93856994E-10
   117.136421        -3.18108595E-10
   117.220947        -3.38429867E-10
   117.305473        -3.54108770E-10
   117.389999        -3.64461655E-10
   117.474533        -3.68847647E-10
   117.559059        -3.66683683E-10
   117.643585        -3.57458840E-10
   117.728119        -3.40749456E-10
   117.812645        -3.16233040E-10
   117.897171        -2.83701757E-10
   117.981705        -2.43074755E-10
   118.066231        -1.94409655E-10
   118.150757        -1.37912098E-10
   118.235291        -7.39437470E-11
   118.319817        -3.02806109E-12
   118.404343         7.41459255E-11
   118.488876         1.56722524E-10
   118.573402         2.43681103E-10
   118.657928         3.33840344E-10
   118.742455         4.25865759E-10
   118.826988         5.18280308E-10
   118.911514         6.09478579E-10
   118.996040         6.97743030E-10
   119.080574         7.81264942E-10
   119.165100         8.58167426E-10
   119.249626         9.26532073E-10
   119.334160         9.84428206E-10
   119.418686         1.02994424E-09
   119.503212         1.06122244E-09
   119.587746         1.07649423E-09
   119.672272         1.07411813E-09
   119.756798         1.05261799E-09
   119.841324         1.01072117E-09
   119.925858         9.47398493E-10
   120.010384         8.61900773E-10
   120.094910         7.53794915E-10
   120.179443         6.22999263E-10
   120.263969         4.69811967E-10
   120.348495         2.94940350E-10
   120.433029         9.95208638E-11
   120.517555        -1.14862383E-10
   120.602081        -3.46167955E-10
   120.686615        -5.91892979E-10
   120.771141        -8.49076698E-10
   120.855667        -1.11431253E-09
   120.940201        -1.38376921E-09
   121.024727        -1.65321790E-09
   121.109253        -1.91807303E-09
   121.193779        -2.17343787E-09
   121.278313        -2.41416376E-09
   121.362839        -2.63491340E-09
   121.447365        -2.83023649E-09
   121.531898        -2.99465230E-09
   121.616425        -3.12273962E-09
   121.700951        -3.20923133E-09
   121.785484        -3.24911698E-09
   121.870010        -3.23774740E-09
   121.954536        -3.17094107E-09
   122.039070        -3.04509329E-09
   122.123596        -2.85728330E-09
   122.208122        -2.60537814E-09
   122.292656        -2.28813124E-09
   122.377182        -1.90527571E-09
   122.461708        -1.45760781E-09
   122.546234        -9.47058099E-10
   122.630768        -3.76750658E-10
   122.715294         2.48951526E-10
   122.799820         9.24421706E-10
   122.884354         1.64275893E-09
   122.968880         2.39580022E-09
   123.053406         3.17415605E-09
   123.137939         3.96726252E-09
   123.222466         4.76346340E-09
   123.306992         5.55010926E-09
   123.391525         6.31368513E-09
   123.476051         7.03996328E-09
   123.560577         7.71416797E-09
   123.645103         8.32117664E-09
   123.729637         8.84572593E-09
   123.814163         9.27264754E-09
   123.898689         9.58710977E-09
   123.983223         9.77488490E-09
   124.067749         9.82260850E-09
   124.152275         9.71806191E-09
   124.236809         9.45044309E-09
   124.321335         9.01064112E-09
   124.405861         8.39151326E-09
   124.490395         7.58812924E-09
   124.574921         6.59802302E-09
   124.659447         5.42141265E-09
   124.743980         4.06139344E-09
   124.828506         2.52410426E-09
   124.913033         8.18865808E-10
   124.997559        -1.04173103E-09
   125.082092        -3.04177061E-09
   125.166618        -5.16200949E-09
   125.251144        -7.37991623E-09
   125.335678        -9.66977165E-09
   125.420204        -1.20028165E-08
   125.504730        -1.43474512E-08
   125.589264        -1.66695102E-08
   125.673790        -1.89325640E-08
   125.758316        -2.10982911E-08
   125.842850        -2.31269244E-08
   125.927376        -2.49776928E-08
   126.011902        -2.66093672E-08
   126.096436        -2.79808301E-08
   126.180962        -2.90516429E-08
   126.265488        -2.97827292E-08
   126.350014        -3.01369880E-08
   126.434547        -3.00799847E-08
   126.519073        -2.95806473E-08
   126.603600        -2.86119235E-08
   126.688133        -2.71514615E-08
   126.772659        -2.51822421E-08
   126.857185        -2.26932269E-08
   126.941719        -1.96799093E-08
   127.026245        -1.61448384E-08
   127.110771        -1.20980870E-08
   127.195305        -7.55762031E-09
   127.279831        -2.54961585E-09
   127.364357         2.89133895E-09
   127.448883         8.72214212E-09
   127.533417         1.48911807E-08
   127.617943         2.13384439E-08
   127.702469         2.79957781E-08
   127.787003         3.47872309E-08
   127.871529         4.16295798E-08
   127.956055         4.84329554E-08
   128.040588         5.51015695E-08
   128.125107         6.15346423E-08
   128.209641         6.76273686E-08
   128.294174         7.32720977E-08
   128.378693         7.83595482E-08
   128.463226         8.27801117E-08
   128.547760         8.64253735E-08
   128.632278         8.91895269E-08
   128.716812         9.09709712E-08
   128.801346         9.16739751E-08
   128.885864         9.12102607E-08
   128.970398         8.95007233E-08
   129.054932         8.64770016E-08
   129.139450         8.20831545E-08
   129.223984         7.62772316E-08
   129.308517         6.90327226E-08
   129.393036         6.03400068E-08
   129.477570         5.02076460E-08
   129.562103         3.86635222E-08
   129.646622         2.57558739E-08
   129.731155         1.15540724E-08
   129.815689        -3.85065624E-09
   129.900208        -2.03448280E-08
   129.984741        -3.77924714E-08
   130.069275        -5.60351090E-08
   130.153793        -7.48920073E-08
   130.238327        -9.41606828E-08
   130.322861        -1.13617581E-07
   130.407379        -1.33019086E-07
   130.491913        -1.52102757E-07
   130.576431        -1.70588805E-07
   130.660965        -1.88181687E-07
   130.745499        -2.04572288E-07
   130.830017        -2.19439698E-07
   130.914551        -2.32453829E-07
   130.999084        -2.43277924E-07
   131.083603        -2.51571009E-07
   131.168137        -2.56990859E-07
   131.252670        -2.59196895E-07
   131.337189        -2.57852861E-07
   131.421722        -2.52630372E-07
   131.506256        -2.43211588E-07
   131.590775        -2.29292183E-07
   131.675308        -2.10584574E-07
   131.759842        -1.86820543E-07
   131.844360        -1.57754329E-07
   131.928894        -1.23164895E-07
   132.013428        -8.28586977E-08
   132.097946        -3.66717572E-08
   132.182480         1.55282081E-08
   132.267014         7.38400772E-08
   132.351532         1.38327735E-07
   132.436066         2.09018964E-07
   132.520599         2.85904520E-07
   132.605118         3.68937492E-07
   132.689651         4.58033270E-07
   132.774185         5.53069469E-07
   132.858704         6.53886673E-07
   132.943237         7.60288572E-07
   133.027771         8.72044154E-07
   133.112289         9.88888360E-07
   133.196823         1.11052441E-06
   133.281342         1.23662562E-06
   133.365875         1.36683786E-06
   133.450409         1.50078245E-06
   133.534927         1.63805896E-06
   133.619461         1.77824802E-06
   133.703995         1.92091534E-06
   133.788513         2.06561458E-06
   133.873047         2.21189111E-06
   133.957581         2.35928610E-06
   134.042099         2.50733979E-06
   134.126633         2.65559538E-06
   134.211166         2.80360314E-06
   134.295685         2.95092332E-06
   134.380219         3.09712982E-06
   134.464752         3.24181565E-06
   134.549271         3.38459381E-06
   134.633804         3.52510165E-06
   134.718338         3.66300287E-06
   134.802856         3.79799212E-06
   134.887390         3.92979609E-06
   134.971924         4.05817764E-06
   135.056442         4.18293439E-06
   135.140976         4.30390264E-06
   135.225510         4.42095734E-06
   135.310028         4.53401753E-06
   135.394562         4.64304230E-06
   135.479095         4.74803073E-06
   135.563614         4.84902694E-06
   135.648148         4.94611504E-06
   135.732666         5.03942192E-06
   135.817200         5.12911311E-06
   135.901733         5.21539505E-06
   135.986252         5.29851013E-06
   136.070786         5.37874075E-06
   136.155319         5.45639750E-06
   136.239838         5.53182736E-06
   136.324371         5.60540275E-06
   136.408905         5.67752477E-06
   136.493423         5.74861770E-06
   136.577957         5.81912218E-06
   136.662491         5.88949752E-06
   136.747009         5.96021300E-06
   136.831543         6.03175022E-06
   136.916077         6.10458846E-06
   137.000595         6.17921251E-06
   137.085129         6.25609664E-06
   137.169662         6.33571108E-06
   137.254181         6.41850738E-06
   137.338715         6.50492075E-06
   137.423248         6.59535681E-06
   137.507767         6.69020210E-06
   137.592300         6.78979950E-06
   137.676834         6.89445551E-06
   137.761353         7.00443252E-06
   137.845886         7.11994608E-06
   137.930420         7.24115398E-06
   138.014938         7.36815991E-06
   138.099472         7.50100025E-06
   138.183990         7.63965272E-06
   138.268524         7.78401773E-06
   138.353058         7.93392519E-06
   138.437576         8.08912591E-06
   138.522110         8.24929884E-06
   138.606644         8.41403380E-06
   138.691162         8.58284238E-06
   138.775696         8.75515707E-06
   138.860229         8.93032029E-06
   138.944748         9.10760082E-06
   139.029282         9.28617737E-06
   139.113815         9.46516047E-06
   139.198334         9.64358242E-06
   139.282867         9.82040092E-06
   139.367401         9.99451004E-06
   139.451920         1.01647502E-05
   139.536453         1.03298962E-05
   139.620987         1.04886858E-05
   139.705505         1.06398138E-05
   139.790039         1.07819496E-05
   139.874573         1.09137382E-05
   139.959091         1.10338178E-05
   140.043625         1.11408308E-05
   140.128159         1.12334292E-05
   140.212677         1.13102878E-05
   140.297211         1.13701226E-05
   140.381744         1.14116983E-05
   140.466263         1.14338409E-05
   140.550797         1.14354507E-05
   140.635330         1.14155164E-05
   140.719849         1.13731212E-05
   140.804382         1.13074648E-05
   140.888901         1.12178668E-05
   140.973434         1.11037780E-05
   141.057968         1.09647872E-05
   141.142487         1.08006361E-05
   141.227020         1.06112284E-05
   141.311554         1.03966277E-05
   141.396072         1.01570631E-05
   141.480606         9.89295313E-06
   141.565140         9.60487250E-06
   141.649658         9.29358521E-06
   141.734192         8.96003530E-06
   141.818726         8.60532964E-06
   141.903244         8.23076061E-06
   141.987778         7.83776977E-06
   142.072311         7.42796874E-06
   142.156830         7.00311466E-06
   142.241364         6.56510156E-06
   142.325897         6.11595260E-06
   142.410416         5.65780283E-06
   142.494949         5.19288642E-06
   142.579483         4.72352122E-06
   142.664001         4.25208964E-06
   142.748535         3.78102345E-06
   142.833069         3.31278557E-06
   142.917587         2.84984321E-06
   143.002121         2.39466112E-06
   143.086655         1.94966606E-06
   143.171173         1.51723737E-06
   143.255707         1.09968300E-06
   143.340225         6.99219640E-07
   143.424759         3.17950764E-07
   143.509293        -4.21480522E-08
   143.593811        -3.79250594E-07
   143.678345        -6.91692151E-07
   143.762878        -9.77990908E-07
   143.847397        -1.23685425E-06
   143.931931        -1.46719992E-06
   144.016464        -1.66815539E-06
   144.100983        -1.83907764E-06
   144.185516        -1.97955001E-06
   144.270050        -2.08939286E-06
   144.354568        -2.16866374E-06
   144.439102        -2.21765595E-06
   144.523636        -2.23689744E-06
   144.608154        -2.22714812E-06
   144.692688        -2.18938590E-06
   144.777222        -2.12480950E-06
   144.861740        -2.03481318E-06
   144.946274        -1.92098514E-06
   145.030807        -1.78508230E-06
   145.115326        -1.62902359E-06
   145.199860        -1.45486297E-06
   145.284393        -1.26477005E-06
   145.368912        -1.06101811E-06
   145.453445        -8.45952627E-07
   145.537979        -6.21968070E-07
   145.622498        -3.91496712E-07
   145.707031        -1.56972305E-07
   145.791550         7.91836001E-08
   145.876083         3.14591830E-07
   145.960617         5.46928675E-07
   146.045135         7.73955549E-07
   146.129669         9.93537924E-07
   146.214203         1.20365735E-06
   146.298721         1.40243935E-06
   146.383255         1.58816056E-06
   146.467789         1.75927005E-06
   146.552307         1.91439472E-06
   146.636841         2.05235392E-06
   146.721375         2.17216461E-06
   146.805893         2.27304895E-06
   146.890427         2.35443554E-06
   146.974960         2.41596149E-06
   147.059479         2.45747219E-06
   147.144012         2.47901448E-06
   147.228546         2.48083575E-06
   147.313065         2.46337549E-06
   147.397598         2.42725491E-06
   147.482132         2.37326799E-06
   147.566650         2.30236765E-06
   147.651184         2.21565233E-06
   147.735718         2.11435508E-06
   147.820236         1.99982333E-06
   147.904770         1.87350281E-06
   147.989304         1.73692547E-06
   148.073822         1.59168508E-06
   148.158356         1.43942714E-06
   148.242874         1.28182489E-06
   148.327408         1.12056716E-06
   148.411942         9.57341740E-07
   148.496460         7.93817094E-07
   148.580994         6.31628211E-07
   148.665527         4.72365429E-07
   148.750046         3.17558033E-07
   148.834579         1.68664329E-07
   148.919113         2.70599596E-08
   149.003632        -1.05972767E-07
   149.088165        -2.29249054E-07
   149.172699        -3.41697074E-07
   149.257217        -4.42355827E-07
   149.341751        -5.30384455E-07
   149.426285        -6.05065111E-07
   149.510803        -6.65806340E-07
   149.595337        -7.12142651E-07
   149.679871        -7.43737985E-07
   149.764389        -7.60382932E-07
   149.848923        -7.61994102E-07
   149.933456        -7.48610660E-07
   150.017975        -7.20394326E-07
   150.102509        -6.77626133E-07
   150.187042        -6.20698358E-07
   150.271561        -5.50114635E-07
   150.356094        -4.66483812E-07
   150.440628        -3.70514897E-07
   150.525146        -2.63010435E-07
   150.609680        -1.44863520E-07
   150.694214        -1.70480909E-08
   150.778732         1.19384111E-07
   150.863266         2.63312728E-07
   150.947784         4.13555142E-07
   151.032318         5.68873588E-07
   151.116852         7.27983036E-07
   151.201370         8.89559203E-07
   151.285904         1.05224535E-06
   151.370438         1.21466348E-06
   151.454956         1.37541883E-06
   151.539490         1.53311134E-06
   151.624023         1.68634574E-06
   151.708542         1.83373493E-06
   151.793076         1.97391591E-06
   151.877609         2.10555640E-06
   151.962128         2.22736230E-06
   152.046661         2.33809033E-06
   152.131195         2.43655677E-06
   152.215714         2.52164682E-06
   152.300247         2.59232365E-06
   152.384781         2.64763867E-06
   152.469299         2.68673830E-06
   152.553833         2.70887222E-06
   152.638367         2.71340400E-06
   152.722885         2.69981342E-06
   152.807419         2.66770803E-06
   152.891953         2.61682158E-06
   152.976471         2.54702377E-06
   153.061005         2.45832416E-06
   153.145538         2.35086895E-06
   153.230057         2.22494805E-06
   153.314590         2.08099118E-06
   153.399109         1.91957110E-06
   153.483643         1.74139439E-06
   153.568176         1.54730446E-06
   153.652695         1.33827211E-06
   153.737228         1.11539066E-06
   153.821762         8.79867457E-07
   153.906281         6.33015077E-07
   153.990814         3.76241474E-07
   154.075348         1.11037757E-07
   154.159866        -1.61034549E-07
   154.244400        -4.38355755E-07
   154.328934        -7.19263141E-07
   154.413452        -1.00206557E-06
   154.497986        -1.28505678E-06
   154.582520        -1.56653641E-06
   154.667038        -1.84481826E-06
   154.751572        -2.11825318E-06
   154.836105        -2.38524058E-06
   154.920624        -2.64424580E-06
   155.005157        -2.89381569E-06
   155.089691        -3.13259125E-06
   155.174210        -3.35932464E-06
   155.258743        -3.57288968E-06
   155.343277        -3.77229298E-06
   155.427795        -3.95668758E-06
   155.512329        -4.12537884E-06
   155.596863        -4.27783334E-06
   155.681381        -4.41368366E-06
   155.765915        -4.53273469E-06
   155.850433        -4.63496235E-06
   155.934967        -4.72051534E-06
   156.019501        -4.78971515E-06
