  -4.50000000         0.00000000    
  -4.37320757         0.00000000    
  -4.24641466         0.00000000    
  -4.11962223         0.00000000    
  -3.99282932         0.00000000    
  -3.86603665         0.00000000    
  -3.73924398         1.56340866E-32
  -3.61245155         1.73051271E-31
  -3.48565888         3.44754673E-31
  -3.35886621        -5.34911808E-31
  -3.23207355        -8.07521060E-30
  -3.10528088        -4.85265795E-29
  -2.97848821        -1.89104485E-28
  -2.85169554        -4.46623106E-28
  -2.72490287        -5.99579114E-28
  -2.59811020         1.94964633E-28
  -2.47131753         3.60710732E-27
  -2.34452486         1.14061098E-26
  -2.21773219         2.27764142E-26
  -2.09093952         2.94536811E-26
  -1.96414697         1.11304522E-26
  -1.83735430        -6.19380981E-26
  -1.71056163        -2.08079443E-25
  -1.58376896        -3.85316447E-25
  -1.45697629        -4.17972281E-25
  -1.33018374         6.81072738E-26
  -1.20339108         1.62755218E-24
  -1.07659841         4.78836795E-24
 -0.949805737         9.56278331E-24
 -0.823013067         1.46841993E-23
 -0.696220458         1.67903553E-23
 -0.569427788         1.00652467E-23
 -0.442635119        -1.28870053E-23
 -0.315842479        -5.81310970E-23
 -0.189049825        -1.25078036E-22
  -6.22571707E-02    -1.99439776E-22
   6.45354837E-02    -2.46799665E-22
  0.191328138        -2.10978666E-22
  0.318120778        -2.25895653E-23
  0.444913447         3.77373134E-22
  0.571706116         9.97467737E-22
  0.698498726         1.74463599E-21
  0.825291395         2.37678535E-21
  0.952084064         2.48368188E-21
   1.07887673         1.52636270E-21
   1.20566940        -1.03834956E-21
   1.33246195        -5.53908855E-21
   1.45925462        -1.18003599E-20
   1.58604729        -1.88490002E-20
   1.71283996        -2.47266871E-20
   1.83963263        -2.65439674E-20
   1.96642530        -2.08995486E-20
   2.09321785        -4.72416096E-21
   2.22001052         2.35115749E-20
   2.34680319         6.24449889E-20
   2.47359586         1.06704929E-19
   2.60038853         1.46516537E-19
   2.72718120         1.68502468E-19
   2.85397387         1.57985229E-19
   2.98076653         1.02751465E-19
   3.10755920        -2.22955972E-21
   3.23435187        -1.50136874E-19
   3.36114454        -3.19054212E-19
   3.48793697        -4.71619042E-19
   3.61472964        -5.58719248E-19
   3.74152231        -5.27641556E-19
   3.86831498        -3.33978618E-19
   3.99510765         4.46275217E-20
   4.12190056         5.95848336E-19
   4.24869299         1.26458142E-18
   4.37548542         1.95254102E-18
   4.50227833         2.52747083E-18
   4.62907076         2.84200709E-18
   4.75586367         2.75997249E-18
   4.88265610         2.18587088E-18
   5.00944901         1.09203712E-18
   5.13624144        -4.62199058E-19
   5.26303434        -2.32394677E-18
   5.38982677        -4.25536449E-18
   5.51661968        -5.95760706E-18
   5.64341211        -7.10800188E-18
   5.77020502        -7.40668605E-18
   5.89699745        -6.62803074E-18
   6.02379036        -4.67171137E-18
   6.15058279        -1.60783759E-18
   6.27737522         2.29026046E-18
   6.40416813         6.53318043E-18
   6.53096056         1.04310486E-17
   6.65775347         1.31455411E-17
   6.78454590         1.37830144E-17
   6.91133881         1.15264285E-17
   7.03813124         5.79357218E-18
   7.16492414        -3.60241789E-18
   7.29171658        -1.63236666E-17
   7.41850948        -3.14457077E-17
   7.54530191        -4.74927469E-17
   7.67209482        -6.25818448E-17
   7.79888725        -7.46609912E-17
   7.92567968        -8.17969791E-17
   8.05247211        -8.24452306E-17
   8.17926502        -7.56264632E-17
   8.30605793        -6.09495991E-17
   8.43285084        -3.84583498E-17
   8.55964279        -8.33616739E-18
   8.68643570         2.94361320E-17
   8.81322861         7.53279635E-17
   8.94002151         1.30255258E-16
   9.06681347         1.95201138E-16
   9.19360638         2.70418339E-16
   9.32039928         3.54293024E-16
   9.44719219         4.42090159E-16
   9.57398415         5.24924211E-16
   9.70077705         5.89370713E-16
   9.82756996         6.18119382E-16
   9.95436192         5.91949240E-16
   10.0811548         4.93085884E-16
   10.2079477         3.09692239E-16
   10.3347406         4.09117840E-17
   10.4615326        -2.98423154E-16
   10.5883255        -6.74510282E-16
   10.7151184        -1.03385115E-15
   10.8419113        -1.30603354E-15
   10.9687033        -1.41057244E-15
   11.0954962        -1.26776935E-15
   11.2222891        -8.12809375E-16
   11.3490820        -1.15869359E-17
   11.4758739         1.12391447E-15
   11.6026669         2.52324106E-15
   11.7294598         4.05071061E-15
   11.8562517         5.50652561E-15
   11.9830446         6.63723921E-15
   12.1098375         7.15593000E-15
   12.2366304         6.77112505E-15
   12.3634224         5.22217835E-15
   12.4902153         2.31769623E-15
   12.6170082        -2.02717240E-15
   12.7438011        -7.75893191E-15
   12.8705931        -1.46634532E-14
   12.9973860        -2.23563657E-14
   13.1241789        -3.02879670E-14
   13.2509708        -3.77632055E-14
   13.3777637        -4.39758025E-14
   13.5045567        -4.80546186E-14
   13.6313496        -4.91196710E-14
   13.7581415        -4.63450892E-14
   13.8849344        -3.90262604E-14
   14.0117273        -2.66490152E-14
   14.1385202        -8.95862279E-15
   14.2653122         1.39735203E-14
   14.3921051         4.16884646E-14
   14.5188980         7.32877843E-14
   14.6456909         1.07397042E-13
   14.7724829         1.42152512E-13
   14.8992758         1.75220461E-13
   15.0260687         2.03859255E-13
   15.1528606         2.25032869E-13
   15.2796535         2.35582468E-13
   15.4064465         2.32456171E-13
   15.5332394         2.12991652E-13
   15.6600313         1.75236168E-13
   15.7868242         1.18279640E-13
   15.9136171         4.25691078E-14
   16.0404091        -4.98349564E-14
   16.1672020        -1.55101084E-13
   16.2939949        -2.67607361E-13
   16.4207878        -3.80091602E-13
   16.5475807        -4.83990452E-13
   16.6743736        -5.69970124E-13
   16.8011646        -6.28631641E-13
   16.9279575        -6.51351802E-13
   17.0547504        -6.31205429E-13
   17.1815434        -5.63893984E-13
   17.3083363        -4.48596889E-13
   17.4351292        -2.88657309E-13
   17.5619221        -9.20133246E-14
   17.6887150         1.28705626E-13
   17.8155060         3.56482422E-13
   17.9422989         5.70663362E-13
   18.0690918         7.48175339E-13
   18.1958847         8.65200218E-13
   18.3226776         8.99252894E-13
   18.4494705         8.31575043E-13
   18.5762634         6.49702351E-13
   18.7030544         3.50018707E-13
   18.8298473        -5.99319314E-14
   18.9566402        -5.59643911E-13
   19.0834332        -1.11463996E-12
   19.2102261        -1.67652545E-12
   19.3370190        -2.18434992E-12
   19.4638119        -2.56742826E-12
   19.5906048        -2.74970107E-12
   19.7173958        -2.65552337E-12
   19.8441887        -2.21669514E-12
   19.9709816        -1.38030603E-12
   20.0977745        -1.16887701E-13
   20.2245674         1.57179966E-12
   20.3513603         3.64606869E-12
   20.4781532         6.02345430E-12
   20.6049442         8.57643817E-12
   20.7317371         1.11333616E-11
   20.8585300         1.34830038E-11
   20.9853230         1.53831184E-11
   21.1121159         1.65728629E-11
   21.2389088         1.67890320E-11
   21.3657017         1.57853487E-11
   21.4924946         1.33541572E-11
   21.6192856         9.34927222E-12
   21.7460785         3.70863973E-12
   21.8728714        -3.52483429E-12
   21.9996643        -1.21860308E-11
   22.1264572        -2.19758291E-11
   22.2532501        -3.24565860E-11
   22.3800430        -4.30564473E-11
   22.5068340        -5.30839261E-11
   22.6336269        -6.17533108E-11
   22.7604198        -6.82212967E-11
   22.8872128        -7.16339141E-11
   23.0140057        -7.11825043E-11
   23.1407986        -6.61660171E-11
   23.2675915        -5.60565205E-11
   23.3943844        -4.05636844E-11
   23.5211754        -1.96938334E-11
   23.6479683         6.20170061E-12
   23.7747612         3.63934785E-11
   23.9015541         6.97608082E-11
   24.0283470         1.04802174E-10
   24.1551399         1.39671968E-10
   24.2819328         1.72244621E-10
   24.4087238         2.00205519E-10
   24.5355167         2.21166696E-10
   24.6623096         2.32802472E-10
   24.7891026         2.32999703E-10
   24.9158955         2.20014951E-10
   25.0426884         1.92628372E-10
   25.1694813         1.50286700E-10
   25.2962742         9.32240327E-11
   25.4230652         2.25500781E-11
   25.5498581        -5.97020072E-11
   25.6766510        -1.50575968E-10
   25.8034439        -2.46246801E-10
   25.9302368        -3.42131101E-10
   26.0570297        -4.33053482E-10
   26.1838226        -5.13465825E-10
   26.3106136        -5.77711434E-10
   26.4374065        -6.20325569E-10
   26.5641994        -6.36357467E-10
   26.6909924        -6.21698359E-10
   26.8177853        -5.73400438E-10
   26.9445782        -4.89963237E-10
   27.0713711        -3.71573411E-10
   27.1981640        -2.20276866E-10
   27.3249550        -4.00686220E-11
   27.4517479         1.63114841E-10
   27.5785408         3.81509685E-10
   27.7053337         6.05747064E-10
   27.8321266         8.25187751E-10
   27.9589195         1.02835895E-09
   28.0857124         1.20348098E-09
   28.2125034         1.33906275E-09
   28.3392963         1.42454204E-09
   28.4660892         1.45093748E-09
   28.5928822         1.41147771E-09
   28.7196751         1.30216982E-09
   28.8464680         1.12226850E-09
   28.9732609         8.74609829E-10
   29.1000538         5.65771874E-10
   29.2268448         2.06047152E-10
   29.3536377        -1.90799876E-10
   29.4804306        -6.07996764E-10
   29.6072235        -1.02643272E-09
   29.7340164        -1.42552425E-09
   29.8608093        -1.78423498E-09
   29.9876022        -2.08221085E-09
   30.1143932        -2.30096942E-09
   30.2411861        -2.42507303E-09
   30.3679790        -2.44322429E-09
   30.4947720        -2.34920128E-09
   30.6215649        -2.14256946E-09
   30.7483578        -1.82910509E-09
   30.8751507        -1.42088497E-09
   31.0019417        -9.36001943E-10
   31.1287346        -3.97903210E-10
   31.2555275         1.65641403E-10
   31.3823204         7.23912430E-10
   31.5091133         1.24488642E-09
   31.6359062         1.69709979E-09
   31.7626991         2.05158202E-09
   31.8894920         2.28381780E-09
   32.0162849         2.37555176E-09
   32.1430779         2.31635733E-09
   32.2698708         2.10484230E-09
   32.3966637         1.74939052E-09
   32.5234528         1.26836786E-09
   32.6502457         6.89738155E-10
   32.7770386         5.00707392E-11
   32.9038315        -6.07040973E-10
   33.0306244        -1.23309996E-09
   33.1574173        -1.77726767E-09
   33.2842102        -2.18926255E-09
   33.4110031        -2.42242915E-09
   33.5377960        -2.43684672E-09
   33.6645889        -2.20225171E-09
   33.7913818        -1.70064518E-09
   33.9181747        -9.28415844E-10
   34.0449677         1.02216291E-10
   34.1717606         1.36247302E-09
   34.2985535         2.80715451E-09
   34.4253426         4.37565051E-09
   34.5521355         5.99380989E-09
   34.6789284         7.57663887E-09
   34.8057213         9.03171493E-09
   34.9325142         1.02631743E-08
   35.0593071         1.11761116E-08
   35.1861000         1.16811840E-08
   35.3128929         1.16991963E-08
   35.4396858         1.11654703E-08
   35.5664787         1.00337623E-08
   35.6932716         8.27952285E-09
   35.8200645         5.90237592E-09
   35.9468575         2.92761082E-09
   36.0736504        -5.93338212E-10
   36.2004433        -4.58352734E-09
   36.3272324        -8.94215546E-09
   36.4540253        -1.35473011E-08
   36.5808182        -1.82595770E-08
   36.7076111        -2.29265300E-08
   36.8344040        -2.73876530E-08
   36.9611969        -3.14798534E-08
   37.0879898        -3.50430795E-08
   37.2147827        -3.79259149E-08
   37.3415756        -3.99909510E-08
   37.4683685        -4.11197689E-08
   37.5951614        -4.12172341E-08
   37.7219543        -4.02150953E-08
   37.8487473        -3.80747380E-08
   37.9755402        -3.47889220E-08
   38.1023293        -3.03826155E-08
   38.2291222        -2.49128096E-08
   38.3559151        -1.84674196E-08
   38.4827080        -1.11632881E-08
   38.6095009        -3.14338622E-09
   38.7362938         5.42662448E-09
   38.8630867         1.43624277E-08
   38.9898796         2.34654856E-08
   39.1166725         3.25277298E-08
   39.2434654         4.13365306E-08
   39.3702583         4.96795245E-08
   39.4970512         5.73494887E-08
   39.6238441         6.41490345E-08
   39.7506371         6.98949734E-08
   39.8774300         7.44223811E-08
   40.0042191         7.75883322E-08
   40.1310120         7.92751464E-08
   40.2578049         7.93932955E-08
   40.3845978         7.78836409E-08
   40.5113907         7.47195230E-08
   40.6381836         6.99080047E-08
   40.7649765         6.34908304E-08
   40.8917694         5.55447279E-08
   41.0185623         4.61811460E-08
   41.1453552         3.55453409E-08
   41.2721481         2.38146818E-08
   41.3989410         1.11962457E-08
   41.5257339        -2.07663975E-09
   41.6525269        -1.57487090E-08
   41.7793198        -2.95482323E-08
   41.9061089        -4.31936868E-08
   42.0329018        -5.64016140E-08
   42.1596947        -6.88957300E-08
   42.2864876        -8.04173226E-08
   42.4132805        -9.07368971E-08
   42.5400734        -9.96668348E-08
   42.6668663        -1.07075110E-07
   42.7936592        -1.12899670E-07
   42.9204521        -1.17163424E-07
   43.0472450        -1.19989366E-07
   43.1740379        -1.21615486E-07
   43.3008308        -1.22409347E-07
   43.4276237        -1.22881460E-07
   43.5544167        -1.23697319E-07
   43.6812096        -1.25687762E-07
   43.8079987        -1.29856716E-07
   43.9347916        -1.37386550E-07
   44.0615845        -1.49640059E-07
   44.1883774        -1.68158948E-07
   44.3151703        -1.94658327E-07
   44.4419632        -2.31017353E-07
   44.5687561        -2.79264782E-07
   44.6955490        -3.41560735E-07
   44.8223419        -4.20172654E-07
   44.9491348        -5.17447404E-07
   45.0759277        -6.35778065E-07
   45.2027206        -7.77566015E-07
   45.3295135        -9.45178499E-07
   45.4563065        -1.14090415E-06
   45.5830994        -1.36690028E-06
   45.7098885        -1.62514402E-06
   45.8366814        -1.91737604E-06
   45.9634743        -2.24504220E-06
   46.0902672        -2.60924389E-06
   46.2170601        -3.01068008E-06
   46.3438530        -3.44959199E-06
   46.4706459        -3.92572383E-06
   46.5974388        -4.43827412E-06
   46.7242317        -4.98586405E-06
   46.8510246        -5.56651185E-06
   46.9778175        -6.17761543E-06
   47.1046104        -6.81595475E-06
   47.2314034        -7.47769445E-06
   47.3581963        -8.15842304E-06
   47.4849892        -8.85317513E-06
   47.6117783        -9.55650285E-06
   47.7385712        -1.02625409E-05
   47.8653641        -1.09651064E-05
   47.9921570        -1.16577730E-05
   48.1189499        -1.23340251E-05
   48.2457428        -1.29873488E-05
   48.3725357        -1.36113831E-05
   48.4993286        -1.42000681E-05
   48.6261215        -1.47477667E-05
   48.7529144        -1.52494213E-05
   48.8797073        -1.57006798E-05
   49.0065002        -1.60980235E-05
   49.1332932        -1.64388857E-05
   49.2600861        -1.67217277E-05
   49.3868790        -1.69461364E-05
   49.5136681        -1.71128486E-05
   49.6404610        -1.72237960E-05
   49.7672539        -1.72820837E-05
   49.8940468        -1.72919572E-05
   50.0208397        -1.72587461E-05
   50.1476326        -1.71887586E-05
   50.2744255        -1.70891581E-05
   50.4012184        -1.69678278E-05
   50.5280113        -1.68331953E-05
   50.6548042        -1.66940408E-05
   50.7815971        -1.65593083E-05
   50.9083900        -1.64378798E-05
   51.0351830        -1.63383938E-05
   51.1619759        -1.62690121E-05
   51.2887688        -1.62372362E-05
   51.4155579        -1.62497254E-05
   51.5423508        -1.63121385E-05
   51.6691437        -1.64289813E-05
   51.7959366        -1.66035134E-05
   51.9227295        -1.68376610E-05
   52.0495224        -1.71319734E-05
   52.1763153        -1.74856068E-05
   52.3031082        -1.78963564E-05
   52.4299011        -1.83606971E-05
   52.5566940        -1.88738868E-05
   52.6834869        -1.94300537E-05
   52.8102798        -2.00223640E-05
   52.9370728        -2.06431559E-05
   53.0638657        -2.12841187E-05
   53.1906586        -2.19364811E-05
   53.3174477        -2.25912045E-05
   53.4442406        -2.32391521E-05
   53.5710335        -2.38712928E-05
   53.6978264        -2.44788753E-05
   53.8246193        -2.50535850E-05
   53.9514122        -2.55877112E-05
   54.0782051        -2.60742690E-05
   54.2049980        -2.65071212E-05
   54.3317909        -2.68810545E-05
   54.4585838        -2.71918816E-05
   54.5853767        -2.74364829E-05
   54.7121696        -2.76128321E-05
   54.8389626        -2.77200197E-05
   54.9657555        -2.77582640E-05
   55.0925484        -2.77288673E-05
   55.2193375        -2.76341962E-05
   55.3461304        -2.74776376E-05
   55.4729233        -2.72635425E-05
   55.5997162        -2.69971461E-05
   55.7265091        -2.66845036E-05
   55.8533020        -2.63323891E-05
   55.9800949        -2.59482022E-05
   56.1068878        -2.55398791E-05
   56.2336807        -2.51157562E-05
   56.3604736        -2.46844647E-05
   56.4872665        -2.42548103E-05
   56.6140594        -2.38356297E-05
   56.7408524        -2.34356557E-05
   56.8676453        -2.30633959E-05
   56.9944382        -2.27269684E-05
   57.1212273        -2.24339819E-05
   57.2480202        -2.21913888E-05
   57.3748131        -2.20053662E-05
   57.5016060        -2.18811874E-05
   57.6283989        -2.18231326E-05
   57.7551918        -2.18343903E-05
   57.8819847        -2.19169870E-05
   58.0087776        -2.20717484E-05
   58.1355705        -2.22982817E-05
   58.2623634        -2.25949843E-05
   58.3891563        -2.29590714E-05
   58.5159492        -2.33866431E-05
   58.6427422        -2.38727807E-05
   58.7695351        -2.44116545E-05
   58.8963280        -2.49966597E-05
   59.0231171        -2.56205876E-05
   59.1499100        -2.62757621E-05
   59.2767029        -2.69542543E-05
   59.4034958        -2.76480296E-05
   59.5302887        -2.83491318E-05
   59.6570816        -2.90498429E-05
   59.7838745        -2.97428232E-05
   59.9106674        -3.04212426E-05
   60.0374603        -3.10788637E-05
   60.1642532        -3.17101185E-05
   60.2910461        -3.23101449E-05
   60.4178391        -3.28747337E-05
   60.5446320        -3.34003598E-05
   60.6714249        -3.38840764E-05
   60.7982178        -3.43234424E-05
   60.9250069        -3.47163987E-05
   61.0517998        -3.50611153E-05
   61.1785927        -3.53559190E-05
   61.3053856        -3.55991033E-05
   61.4321785        -3.57888202E-05
   61.5589714        -3.59229671E-05
   61.6857643        -3.59991391E-05
   61.8125572        -3.60145350E-05
   61.9393501        -3.59659716E-05
   62.0661430        -3.58499201E-05
   62.1929359        -3.56625460E-05
   62.3197289        -3.53998694E-05
   62.4465218        -3.50579176E-05
   62.5733147        -3.46328998E-05
   62.7001076        -3.41214654E-05
   62.8268967        -3.35209552E-05
   62.9536896        -3.28296446E-05
   63.0804825        -3.20470608E-05
   63.2072754        -3.11742115E-05
   63.3340683        -3.02138233E-05
   63.4608612        -2.91705819E-05
   63.5876541        -2.80512741E-05
   63.7144470        -2.68648764E-05
   63.8412399        -2.56226631E-05
   63.9680328        -2.43381037E-05
   64.0948257        -2.30268197E-05
   64.2216187        -2.17063989E-05
   64.3484116        -2.03961408E-05
   64.4752045        -1.91167528E-05
   64.6019974        -1.78899591E-05
   64.7287903        -1.67380822E-05
   64.8555832        -1.56835667E-05
   64.9823761        -1.47484971E-05
   65.1091690        -1.39540571E-05
   65.2359619        -1.33200538E-05
   65.3627548        -1.28644178E-05
   65.4895477        -1.26027571E-05
   65.6163330        -1.25479492E-05
   65.7431259        -1.27098219E-05
   65.8699188        -1.30948765E-05
   65.9967117        -1.37061243E-05
   66.1235046        -1.45429840E-05
   66.2502975        -1.56013102E-05
   66.3770905        -1.68734696E-05
   66.5038834        -1.83485536E-05
   66.6306763        -2.00126233E-05
   66.7574692        -2.18490732E-05
   66.8842621        -2.38390312E-05
   67.0110550        -2.59617991E-05
   67.1378479        -2.81953598E-05
   67.2646408        -3.05168469E-05
   67.3914337        -3.29030554E-05
   67.5182266        -3.53309115E-05
   67.6450195        -3.77779324E-05
   67.7718124        -4.02225814E-05
   67.8986053        -4.26446459E-05
   68.0253983        -4.50254483E-05
   68.1521912        -4.73481123E-05
   68.2789841        -4.95975764E-05
   68.4057770        -5.17606932E-05
   68.5325699        -5.38261338E-05
   68.6593628        -5.57843159E-05
   68.7861557        -5.76272105E-05
   68.9129486        -5.93480763E-05
   69.0397415        -6.09412455E-05
   69.1665344        -6.24017994E-05
   69.2933273        -6.37253033E-05
   69.4201126        -6.49075300E-05
   69.5469055        -6.59441939E-05
   69.6736984        -6.68307330E-05
   69.8004913        -6.75621341E-05
   69.9272842        -6.81329038E-05
   70.0540771        -6.85369596E-05
   70.1808701        -6.87677166E-05
   70.3076630        -6.88181972E-05
   70.4344559        -6.86812564E-05
   70.5612488        -6.83497710E-05
   70.6880417        -6.78170327E-05
   70.8148346        -6.70770387E-05
   70.9416275        -6.61249578E-05
   71.0684204        -6.49574940E-05
   71.1952133        -6.35733304E-05
   71.3220062        -6.19734856E-05
   71.4487991        -6.01617357E-05
   71.5755920        -5.81449203E-05
   71.7023849        -5.59331384E-05
   71.8291779        -5.35400577E-05
   71.9559708        -5.09828642E-05
   72.0827637        -4.82824107E-05
   72.2095566        -4.54630244E-05
   72.3363495        -4.25524304E-05
   72.4631424        -3.95814204E-05
   72.5899353        -3.65835149E-05
   72.7167282        -3.35945551E-05
   72.8435211        -3.06521906E-05
   72.9703140        -2.77953641E-05
   73.0971069        -2.50636785E-05
   73.2238922        -2.24968280E-05
   73.3506851        -2.01339517E-05
   73.4774780        -1.80130191E-05
   73.6042709        -1.61702264E-05
   73.7310638        -1.46394341E-05
   73.8578568        -1.34516076E-05
   73.9846497        -1.26343430E-05
   74.1114426        -1.22114307E-05
   74.2382355        -1.22024658E-05
   74.3650284        -1.26225550E-05
   74.4918213        -1.34820448E-05
   74.6186142        -1.47863429E-05
   74.7454071        -1.65357997E-05
   74.8722000        -1.87256319E-05
   74.9989929        -2.13459243E-05
   75.1257858        -2.43816812E-05
   75.2525787        -2.78129464E-05
   75.3793716        -3.16149344E-05
   75.5061646        -3.57582830E-05
   75.6329575        -4.02092701E-05
   75.7597504        -4.49301624E-05
   75.8865433        -4.98795343E-05
   76.0133362        -5.50126715E-05
   76.1401291        -6.02820473E-05
   76.2669220        -6.56377451E-05
   76.3937149        -7.10279637E-05
   76.5205078        -7.63996213E-05
   76.6473007        -8.16988031E-05
   76.7740936        -8.68714415E-05
   76.9008865        -9.18637961E-05
   77.0276718        -9.66230946E-05
   77.1544647        -1.01098041E-04
   77.2812576        -1.05239385E-04
   77.4080505        -1.09000342E-04
   77.5348434        -1.12337162E-04
   77.6616364        -1.15209448E-04
   77.7884293        -1.17580486E-04
   77.9152222        -1.19417637E-04
   78.0420151        -1.20692363E-04
   78.1688080        -1.21380646E-04
   78.2956009        -1.21462828E-04
   78.4223938        -1.20923767E-04
   78.5491867        -1.19752782E-04
   78.6759796        -1.17943629E-04
   78.8027725        -1.15494375E-04
   78.9295654        -1.12407302E-04
   79.0563583        -1.08688706E-04
   79.1831512        -1.04348925E-04
   79.3099442        -9.94020884E-05
   79.4367371        -9.38659941E-05
   79.5635300        -8.77621569E-05
   79.6903229        -8.11156133E-05
   79.8171158        -7.39549359E-05
   79.9439087        -6.63122337E-05
   80.0707016        -5.82230532E-05
   80.1974945        -4.97264446E-05
   80.3242874        -4.08648775E-05
   80.4510803        -3.16842052E-05
   80.5778732        -2.22335675E-05
   80.7046585        -1.25652186E-05
   80.8314514        -2.73435194E-06
   80.9582443         7.20128128E-06
   81.0850372         1.71816828E-05
   81.2118301         2.71451572E-05
   81.3386230         3.70288799E-05
   81.4654160         4.67695936E-05
   81.5922089         5.63043759E-05
   81.7190018         6.55715339E-05
   81.8457947         7.45114448E-05
   81.9725876         8.30676290E-05
   82.0993805         9.11876341E-05
   82.2261734         9.88240208E-05
   82.3529663         1.05935338E-04
   82.4797592         1.12486829E-04
   82.6065521         1.18451331E-04
   82.7333450         1.23809848E-04
   82.8601379         1.28551925E-04
   82.9869308         1.32675879E-04
   83.1137238         1.36189061E-04
   83.2405167         1.39107447E-04
   83.3673096         1.41455355E-04
   83.4941025         1.43264959E-04
   83.6208954         1.44575257E-04
   83.7476883         1.45431346E-04
   83.8744812         1.45883052E-04
   84.0012741         1.45983708E-04
   84.1280670         1.45788770E-04
   84.2548599         1.45354352E-04
   84.3816528         1.44735823E-04
   84.5084381         1.43986195E-04
   84.6352310         1.43155063E-04
   84.7620239         1.42287012E-04
   84.8888168         1.41420824E-04
   85.0156097         1.40588396E-04
   85.1424026         1.39814161E-04
   85.2691956         1.39114607E-04
   85.3959885         1.38498057E-04
   85.5227814         1.37964744E-04
   85.6495743         1.37507130E-04
   85.7763672         1.37110474E-04
   85.9031601         1.36753515E-04
   86.0299530         1.36409464E-04
   86.1567459         1.36047136E-04
   86.2835388         1.35632028E-04
   86.4103317         1.35127862E-04
   86.5371246         1.34497677E-04
   86.6639175         1.33705253E-04
   86.7907104         1.32716450E-04
   86.9175034         1.31500245E-04
   87.0442963         1.30029948E-04
   87.1710892         1.28284082E-04
   87.2978821         1.26247105E-04
   87.4246750         1.23910024E-04
   87.5514679         1.21270852E-04
   87.6782608         1.18334654E-04
   87.8050537         1.15113675E-04
   87.9318466         1.11627080E-04
   88.0586395         1.07900560E-04
   88.1854324         1.03965896E-04
   88.3122177         9.98601827E-05
   88.4390106         9.56251170E-05
   88.5658035         9.13061085E-05
   88.6925964         8.69512587E-05
   88.8193893         8.26104879E-05
   88.9461823         7.83344440E-05
   89.0729752         7.41734693E-05
   89.1997681         7.01766694E-05
   89.3265610         6.63909668E-05
   89.4533539         6.28601993E-05
   89.5801468         5.96243190E-05
   89.7069397         5.67187235E-05
   89.8337326         5.41736044E-05
   89.9605255         5.20135727E-05
   90.0873184         5.02572075E-05
   90.2141113         4.89168633E-05
   90.3409042         4.79986120E-05
   90.4676971         4.75023044E-05
   90.5944901         4.74216795E-05
   90.7212830         4.77447102E-05
   90.8480759         4.84539923E-05
   90.9748688         4.95272761E-05
   91.1016617         5.09380370E-05
   91.2284546         5.26561525E-05
   91.3552475         5.46486481E-05
   91.4820404         5.68803916E-05
   91.6088333         5.93148980E-05
   91.7356262         6.19150233E-05
   91.8624191         6.46437766E-05
   91.9892120         6.74648836E-05
   92.1159973         7.03434634E-05
   92.2427902         7.32464978E-05
   92.3695831         7.61432675E-05
   92.4963760         7.90056874E-05
   92.6231689         8.18085173E-05
   92.7499619         8.45294780E-05
   92.8767548         8.71492084E-05
   93.0035477         8.96512647E-05
   93.1303406         9.20218954E-05
   93.2571335         9.42497863E-05
   93.3839264         9.63258135E-05
   93.5107193         9.82426645E-05
   93.6375122         9.99945332E-05
   93.7643051         1.01576683E-04
   93.8910980         1.02985228E-04
   94.0178909         1.04216750E-04
   94.1446838         1.05268067E-04
   94.2714767         1.06136031E-04
   94.3982697         1.06817388E-04
   94.5250626         1.07308806E-04
   94.6518555         1.07606727E-04
   94.7786484         1.07707558E-04
   94.9054413         1.07607782E-04
   95.0322342         1.07304120E-04
   95.1590271         1.06793748E-04
   95.2858200         1.06074614E-04
   95.4126129         1.05145657E-04
   95.5394058         1.04006984E-04
   95.6661987         1.02660262E-04
   95.7929916         1.01108788E-04
   95.9197769         9.93575741E-05
   96.0465698         9.74136638E-05
   96.1733627         9.52858245E-05
   96.3001556         9.29847520E-05
   96.4269485         9.05226916E-05
   96.5537415         8.79134095E-05
   96.6805344         8.51718214E-05
   96.8073273         8.23136434E-05
   96.9341202         7.93550862E-05
   97.0609131         7.63124117E-05
   97.1877060         7.32015542E-05
   97.3144989         7.00377204E-05
   97.4412918         6.68350549E-05
   97.5680847         6.36063269E-05
   97.6948776         6.03627159E-05
   97.8216705         5.71136225E-05
   97.9484634         5.38666500E-05
   98.0752563         5.06275792E-05
   98.2020493         4.74005283E-05
   98.3288422         4.41881639E-05
   98.4556351         4.09919921E-05
   98.5824280         3.78127079E-05
   98.7092209         3.46506458E-05
   98.8360138         3.15061916E-05
   98.9628067         2.83802528E-05
   99.0895996         2.52746904E-05
   99.2163925         2.21927239E-05
   99.3431854         1.91392446E-05
   99.4699783         1.61211010E-05
   99.5967712         1.31472107E-05
   99.7235565         1.02286403E-05
   99.8503494         7.37850769E-06
   99.9771423         4.61174932E-06
   100.103935         1.94487848E-06
   100.230728        -6.04540503E-07
   100.357521        -3.01833484E-06
   100.484314        -5.27841803E-06
   100.611107        -7.36733136E-06
   100.737900        -9.26902612E-06
   100.864693        -1.09694729E-05
   100.991486        -1.24573608E-05
   101.118279        -1.37245906E-05
   101.245071        -1.47668861E-05
   101.371864        -1.55841008E-05
   101.498657        -1.61804892E-05
   101.625450        -1.65648235E-05
   101.752243        -1.67503549E-05
   101.879036        -1.67546223E-05
   102.005829        -1.65990805E-05
   102.132622        -1.63086443E-05
   102.259415        -1.59109986E-05
   102.386208        -1.54359477E-05
   102.513000        -1.49145653E-05
   102.639793        -1.43783145E-05
   102.766586        -1.38581863E-05
   102.893379        -1.33837839E-05
   103.020172        -1.29824912E-05
   103.146965        -1.26786836E-05
   103.273758        -1.24930139E-05
   103.400551        -1.24418102E-05
   103.527336        -1.25366387E-05
   103.654129        -1.27839685E-05
   103.780922        -1.31849874E-05
   103.907715        -1.37355619E-05
   104.034508        -1.44263749E-05
   104.161301        -1.52431548E-05
   104.288094        -1.61670669E-05
   104.414886        -1.71751944E-05
   104.541679        -1.82411386E-05
   104.668472        -1.93356500E-05
   104.795265        -2.04273729E-05
   104.922058        -2.14835800E-05
   105.048851        -2.24709474E-05
   105.175644        -2.33563587E-05
   105.302437        -2.41076377E-05
   105.429230        -2.46943400E-05
   105.556023        -2.50884441E-05
   105.682816        -2.52650698E-05
   105.809608        -2.52030932E-05
   105.936401        -2.48857759E-05
   106.063194        -2.43012728E-05
   106.189987        -2.34431318E-05
   106.316780        -2.23107108E-05
   106.443573        -2.09095233E-05
   106.570366        -1.92514835E-05
   106.697159        -1.73550852E-05
   106.823952        -1.52454750E-05
   106.950745        -1.29544014E-05
   107.077538        -1.05200243E-05
   107.204330        -7.98661131E-06
   107.331116        -5.40406654E-06
   107.457909        -2.82729707E-06
   107.584702        -3.15421715E-07
   107.711494         2.06920117E-06
   107.838287         4.26209590E-06
   107.965080         6.19794946E-06
   108.091873         7.81202561E-06
   108.218666         9.04168792E-06
   108.345459         9.82800248E-06
   108.472252         1.01173709E-05
   108.599045         9.86315899E-06
   108.725838         9.02728971E-06
   108.852631         7.58168926E-06
   108.979424         5.50961022E-06
   109.106216         2.80672862E-06
   109.233009        -5.18037439E-07
   109.359802        -4.44199259E-06
   109.486595        -8.92847765E-06
   109.613388        -1.39270687E-05
   109.740181        -1.93741398E-05
   109.866974        -2.51938200E-05
   109.993767        -3.12993325E-05
   110.120560        -3.75946947E-05
   110.247353        -4.39766845E-05
   110.374146        -5.03371230E-05
   110.500938        -5.65653281E-05
   110.627731        -6.25506946E-05
   110.754524        -6.81853489E-05
   110.881317        -7.33666893E-05
   111.008102        -7.79999173E-05
   111.134895        -8.20002460E-05
   111.261688        -8.52949306E-05
   111.388481        -8.78249193E-05
   111.515274        -8.95460616E-05
   111.642067        -9.04298577E-05
   111.768860        -9.04639019E-05
   111.895653        -8.96515849E-05
   112.022446        -8.80115549E-05
   112.149239        -8.55766048E-05
   112.276031        -8.23922455E-05
   112.402824        -7.85148877E-05
   112.529617        -7.40097676E-05
   112.656410        -6.89487861E-05
   112.783203        -6.34080789E-05
   112.909996        -5.74658516E-05
   113.036789        -5.12000115E-05
   113.163582        -4.46862614E-05
   113.290375        -3.79962803E-05
   113.417168        -3.11962649E-05
   113.543961        -2.43458890E-05
   113.670753        -1.74976321E-05
   113.797546        -1.06965217E-05
   113.924339        -3.98030579E-06
   114.051132         2.61999094E-06
   114.177925         9.07918820E-06
   114.304718         1.53767651E-05
   114.431511         2.14954980E-05
   114.558304         2.74199374E-05
   114.685097         3.31348856E-05
   114.811882         3.86239008E-05
   114.938675         4.38679745E-05
   115.065468         4.88443839E-05
   115.192261         5.35259132E-05
   115.319054         5.78803592E-05
   115.445847         6.18704580E-05
   115.572639         6.54542237E-05
   115.699432         6.85857231E-05
   115.826225         7.12161709E-05
   115.953018         7.32954577E-05
   116.079811         7.47739541E-05
   116.206604         7.56044465E-05
   116.333397         7.57443631E-05
   116.460190         7.51578336E-05
   116.586983         7.38178933E-05
   116.713776         7.17083458E-05
   116.840569         6.88254877E-05
   116.967361         6.51793816E-05
   117.094154         6.07948132E-05
   117.220947         5.57116946E-05
   117.347740         4.99849994E-05
   117.474533         4.36841510E-05
   117.601326         3.68919318E-05
   117.728119         2.97028637E-05
   117.854912         2.22211929E-05
   117.981705         1.45584881E-05
   118.108498         6.83098870E-06
   118.235291        -8.43237899E-07
   118.362083        -8.34720777E-06
   118.488876        -1.55678972E-05
   118.615662        -2.23989609E-05
   118.742455        -2.87431958E-05
   118.869247        -3.45147273E-05
   118.996040        -3.96406977E-05
   119.122833        -4.40625627E-05
   119.249626        -4.77369103E-05
   119.376419        -5.06356082E-05
   119.503212        -5.27456796E-05
   119.630005        -5.40685614E-05
   119.756798        -5.46189622E-05
   119.883591        -5.44233953E-05
   120.010384        -5.35184408E-05
   120.137177        -5.19487985E-05
   120.263969        -4.97652909E-05
   120.390762        -4.70228297E-05
   120.517555        -4.37785347E-05
   120.644348        -4.00899989E-05
   120.771141        -3.60138038E-05
   120.897934        -3.16043515E-05
   121.024727        -2.69130778E-05
   121.151520        -2.19879075E-05
   121.278313        -1.68732095E-05
   121.405106        -1.16099736E-05
   121.531898        -6.23631695E-06
   121.658691        -7.88231716E-07
   121.785484         4.69951829E-06
   121.912277         1.01923997E-05
   122.039070         1.56550923E-05
   122.165863         2.10505495E-05
   122.292656         2.63391921E-05
   122.419441         3.14783065E-05
   122.546234         3.64216867E-05
   122.673027         4.11196124E-05
   122.799820         4.55191184E-05
   122.926613         4.95645945E-05
   123.053406         5.31987207E-05
   123.180199         5.63636640E-05
   123.306992         5.90025556E-05
   123.433784         6.10610950E-05
   123.560577         6.24893582E-05
   123.687370         6.32435404E-05
   123.814163         6.32877272E-05
   123.940956         6.25955363E-05
   124.067749         6.11515570E-05
   124.194542         5.89525152E-05
   124.321335         5.60081680E-05
   124.448128         5.23417766E-05
   124.574921         4.79901973E-05
   124.701714         4.30036307E-05
   124.828506         3.74448791E-05
   124.955299         3.13882665E-05
   125.082092         2.49182140E-05
   125.208885         1.81274663E-05
   125.335678         1.11151212E-05
   125.462471         3.98443126E-06
   125.589264        -3.15947227E-06
   125.716057        -1.02119120E-05
   125.842850        -1.70709518E-05
   125.969643        -2.36395808E-05
   126.096436        -2.98277173E-05
   126.223221        -3.55539887E-05
   126.350014        -4.07472253E-05
   126.476807        -4.53476641E-05
   126.603600        -4.93077896E-05
   126.730392        -5.25928153E-05
   126.857185        -5.51809062E-05
   126.983978        -5.70629090E-05
   127.110771        -5.82419707E-05
   127.237564        -5.87327049E-05
   127.364357        -5.85602684E-05
   127.491150        -5.77591236E-05
   127.617943        -5.63718204E-05
   127.744736        -5.44475442E-05
   127.871529        -5.20407120E-05
   127.998322        -4.92095933E-05
   128.125107        -4.60149313E-05
   128.251907        -4.25186627E-05
   128.378693        -3.87828040E-05
   128.505493        -3.48684152E-05
   128.632278        -3.08347480E-05
   128.759079        -2.67385349E-05
   128.885864        -2.26334232E-05
   129.012665        -1.85696008E-05
   129.139450        -1.45934819E-05
   129.266251        -1.07475689E-05
   129.393036        -7.07039862E-06
   129.519836        -3.59653518E-06
   129.646622        -3.56640868E-07
   129.773422         2.62242270E-06
   129.900208         5.31750584E-06
   130.027008         7.70904899E-06
   130.153793         9.78101252E-06
   130.280594         1.15208049E-05
   130.407379         1.29192531E-05
   130.534180         1.39705935E-05
   130.660965         1.46724806E-05
   130.787766         1.50260357E-05
   130.914551         1.50358555E-05
   131.041351         1.47100754E-05
   131.168137         1.40603634E-05
   131.294937         1.31019124E-05
   131.421722         1.18533962E-05
   131.548523         1.03368602E-05
   131.675308         8.57757277E-06
   131.802109         6.60379374E-06
   131.928894         4.44650823E-06
   132.055679         2.13907038E-06
   132.182480        -2.83201160E-07
   132.309265        -2.78348398E-06
   132.436066        -5.32396416E-06
   132.562851        -7.86637793E-06
   132.689651        -1.03725861E-05
   132.816437        -1.28051533E-05
   132.943237        -1.51279291E-05
   133.070023        -1.73066164E-05
   133.196823        -1.93093074E-05
   133.323608        -2.11069819E-05
   133.450409        -2.26739576E-05
   133.577194        -2.39882684E-05
   133.703995        -2.50319881E-05
   133.830780        -2.57914562E-05
   133.957581        -2.62574522E-05
   134.084366        -2.64252667E-05
   134.211166        -2.62946887E-05
   134.337952        -2.58699220E-05
   134.464752        -2.51594029E-05
   134.591537        -2.41755879E-05
   134.718338        -2.29345951E-05
   134.845123        -2.14558750E-05
   134.971924        -1.97617555E-05
   135.098709        -1.78769860E-05
   135.225510        -1.58282328E-05
   135.352295        -1.36435829E-05
   135.479095        -1.13519936E-05
   135.605881        -8.98279086E-06
   135.732666        -6.56517796E-06
   135.859467        -4.12776672E-06
   135.986252        -1.69815360E-06
   136.113052         6.97430721E-07
   136.239838         3.03444017E-06
   136.366638         5.29023464E-06
   136.493423         7.44424688E-06
   136.620224         9.47807257E-06
   136.747009         1.13754759E-05
   136.873810         1.31223424E-05
   137.000595         1.47065539E-05
   137.127396         1.61178177E-05
   137.254181         1.73474436E-05
   137.380981         1.83880857E-05
   137.507767         1.92334955E-05
   137.634567         1.98782345E-05
   137.761353         2.03174550E-05
   137.888153         2.05466458E-05
   138.014938         2.05615088E-05
   138.141739         2.03578584E-05
   138.268524         1.99315837E-05
   138.395325         1.92787338E-05
   138.522110         1.83956527E-05
   138.648911         1.72792406E-05
   138.775696         1.59272877E-05
   138.902496         1.43388615E-05
   139.029282         1.25147990E-05
   139.156082         1.04582123E-05
   139.282867         8.17504497E-06
   139.409653         5.67459256E-06
   139.536453         2.97003476E-06
   139.663239         7.88798857E-08
   139.790039        -2.97666043E-06
   139.916824        -6.16941134E-06
   140.043625        -9.46711589E-06
   140.170410        -1.28324755E-05
   140.297211        -1.62233573E-05
   140.423996        -1.95931934E-05
   140.550797        -2.28915469E-05
   140.677582        -2.60648994E-05
   140.804382        -2.90575590E-05
   140.931168        -3.18127604E-05
   141.057968        -3.42738567E-05
   141.184753        -3.63856452E-05
   141.311554        -3.80956772E-05
   141.438339        -3.93556511E-05
   141.565140        -4.01227735E-05
   141.691925        -4.03610065E-05
   141.818726        -4.00421995E-05
   141.945511        -3.91471549E-05
   142.072311        -3.76663957E-05
   142.199097        -3.56007804E-05
   142.325897        -3.29618852E-05
   142.452682        -2.97721017E-05
   142.579483        -2.60644792E-05
   142.706268        -2.18823734E-05
   142.833069        -1.72787040E-05
   142.959854        -1.23151649E-05
   143.086655        -7.06111041E-06
   143.213440        -1.59228966E-06
   143.340225         4.01052648E-06
   143.467026         9.66304287E-06
   143.593811         1.52789726E-05
   143.720612         2.07716221E-05
   143.847397         2.60554098E-05
   143.974197         3.10473697E-05
   144.100983         3.56685741E-05
   144.227783         3.98454176E-05
   144.354568         4.35108013E-05
   144.481369         4.66051752E-05
   144.608154         4.90774401E-05
   144.734955         5.08856974E-05
   144.861740         5.19977912E-05
   144.988541         5.23918643E-05
   145.115326         5.20565372E-05
   145.242126         5.09911770E-05
   145.368912         4.92058534E-05
   145.495712         4.67212885E-05
   145.622498         4.35685979E-05
   145.749298         3.97889344E-05
   145.876083         3.54330150E-05
   146.002884         3.05604590E-05
   146.129669         2.52390746E-05
   146.256470         1.95439497E-05
   146.383255         1.35564042E-05
   146.510056         7.36284665E-06
   146.636841         1.05349261E-06
   146.763641        -5.27905831E-06
   146.890427        -1.15413040E-05
   147.017212        -1.76404392E-05
   147.144012        -2.34859581E-05
   147.270798        -2.89913005E-05
   147.397598        -3.40754777E-05
   147.524384        -3.86646134E-05
   147.651184        -4.26933875E-05
   147.777969        -4.61063391E-05
   147.904770        -4.88589721E-05
   148.031555        -5.09185993E-05
   148.158356        -5.22650189E-05
   148.285141        -5.28907804E-05
   148.411942        -5.28012170E-05
   148.538727        -5.20141766E-05
   148.665527        -5.05594362E-05
   148.792313        -4.84777629E-05
   148.919113        -4.58198156E-05
   149.045898        -4.26447041E-05
   149.172699        -3.90184432E-05
   149.299484        -3.50122100E-05
   149.426285        -3.07005466E-05
   149.553070        -2.61595269E-05
   149.679871        -2.14649481E-05
   149.806656        -1.66906357E-05
   149.933456        -1.19068754E-05
   150.060242        -7.17901094E-06
   150.187042        -2.56632620E-06
   150.313828         1.87888327E-06
   150.440628         6.11192445E-06
   150.567413         1.00960669E-05
   150.694214         1.38026335E-05
   150.820999         1.72108139E-05
   150.947784         2.03072850E-05
   151.074585         2.30856003E-05
   151.201370         2.55454233E-05
   151.328171         2.76916599E-05
   151.454956         2.95334830E-05
   151.581757         3.10833530E-05
   151.708542         3.23559980E-05
   151.835342         3.33674870E-05
   151.962128         3.41343548E-05
   152.088928         3.46727938E-05
   152.215714         3.49980364E-05
   152.342514         3.51238195E-05
   152.469299         3.50620176E-05
   152.596100         3.48224130E-05
   152.722885         3.44126092E-05
   152.849686         3.38380560E-05
   152.976471         3.31022347E-05
   153.103271         3.22068699E-05
   153.230057         3.11522817E-05
   153.356857         2.99377698E-05
   153.483643         2.85620190E-05
   153.610443         2.70235196E-05
   153.737228         2.53210037E-05
   153.864029         2.34538329E-05
   153.990814         2.14223601E-05
   154.117615         1.92282369E-05
   154.244400         1.68746683E-05
   154.371201         1.43666175E-05
   154.497986         1.17109330E-05
   154.624771         8.91645050E-06
   154.751572         5.99402983E-06
   154.878357         2.95653626E-06
   155.005157        -1.81168076E-07
   155.131943        -3.40230463E-06
   155.258743        -6.68824532E-06
   155.385529        -1.00185825E-05
   155.512329        -1.33712483E-05
   155.639114        -1.67225662E-05
   155.765915        -2.00473678E-05
   155.892700        -2.33190876E-05
   156.019501        -2.65098497E-05
   156.146286        -2.95906048E-05
   156.273087        -3.25312867E-05
   156.399872        -3.53009527E-05
   156.526672        -3.78680706E-05
   156.653458        -4.02007063E-05
   156.780258        -4.22669727E-05
   156.907043        -4.40353178E-05
   157.033844        -4.54750843E-05
   157.160629        -4.65569610E-05
   157.287430        -4.72536522E-05
   157.414215        -4.75404595E-05
   157.541016        -4.73960135E-05
   157.667801        -4.68029430E-05
   157.794601        -4.57486312E-05
   157.921387        -4.42258752E-05
   158.048187        -4.22335688E-05
   158.174973        -3.97772601E-05
   158.301773        -3.68696674E-05
   158.428558        -3.35310251E-05
   158.555344        -2.97892711E-05
   158.682144        -2.56801159E-05
   158.808929        -2.12468713E-05
   158.935730        -1.65400579E-05
   159.062515        -1.16168549E-05
   159.189316        -6.54028008E-06
   159.316101        -1.37820450E-06
   159.442902         3.79784524E-06
   159.569687         8.91403397E-06
   159.696487         1.38957002E-05
   159.823273         1.86689431E-05
   159.950073         2.31622253E-05
   160.076859         2.73080295E-05
   160.203659         3.10444229E-05
