  -4.50000000         0.00000000    
  -4.37320757         0.00000000    
  -4.24641466         0.00000000    
  -4.11962223         0.00000000    
  -3.99282932         0.00000000    
  -3.86603665         0.00000000    
  -3.73924398         0.00000000    
  -3.61245155        -7.57872476E-31
  -3.48565888        -1.69607246E-30
  -3.35886621        -1.61370796E-29
  -3.23207355        -4.53350066E-29
  -3.10528088         1.10472232E-28
  -2.97848821         1.05546228E-27
  -2.85169554         3.40933165E-27
  -2.72490287         4.84450768E-27
  -2.59811020        -7.63197041E-27
  -2.47131753        -6.73869514E-26
  -2.34452486        -2.21850884E-25
  -2.21773219        -4.68526925E-25
  -2.09093952        -5.81578532E-25
  -1.96414697         1.69422239E-25
  -1.83735430         3.23290996E-24
  -1.71056163         1.04550126E-23
  -1.58376896         2.25272011E-23
  -1.45697629         3.57342662E-23
  -1.33018374         3.77351109E-23
  -1.20339108         5.43962350E-24
  -1.07659841        -8.93404286E-23
 -0.949805737        -2.60185739E-22
 -0.823013067        -4.70639515E-22
 -0.696220458        -5.93289185E-22
 -0.569427788        -3.90597523E-22
 -0.442635119         4.42085628E-22
 -0.315842479         2.13611012E-21
 -0.189049825         4.61370246E-21
  -6.22571707E-02     7.22930087E-21
   6.45354837E-02     8.64273605E-21
  0.191328138         7.02578536E-21
  0.318120778         7.57118354E-22
  0.444913447        -1.04180264E-20
  0.571706116        -2.40816187E-20
  0.698498726        -3.43235396E-20
  0.825291395        -3.22163552E-20
  0.952084064        -8.24592523E-21
   1.07887673         4.32100993E-20
   1.20566940         1.18202287E-19
   1.33246195         1.98221943E-19
   1.45925462         2.48523830E-19
   1.58604729         2.22306573E-19
   1.71283996         7.21110661E-20
   1.83963263        -2.32460629E-19
   1.96642530        -6.84419320E-19
   2.09321785        -1.22259807E-18
   2.22001052        -1.72547084E-18
   2.34680319        -2.02123134E-18
   2.47359586        -1.91591098E-18
   2.60038853        -1.23586088E-18
   2.72718120         1.24155312E-19
   2.85397387         2.15852140E-18
   2.98076653         4.72344656E-18
   3.10755920         7.52824603E-18
   3.23435187         1.01408389E-17
   3.36114454         1.19979826E-17
   3.48793697         1.24133208E-17
   3.61472964         1.05894297E-17
   3.74152231         5.66181100E-18
   3.86831498        -3.17557967E-18
   3.99510765        -1.64066775E-17
   4.12190056        -3.37579257E-17
   4.24869299        -5.36208715E-17
   4.37548542        -7.24633709E-17
   4.50227833        -8.44721871E-17
   4.62907076        -8.17543429E-17
   4.75586367        -5.54227322E-17
   4.88265610         2.23980596E-18
   5.00944901         9.46279401E-17
   5.13624144         2.17163922E-16
   5.26303434         3.54078698E-16
   5.38982677         4.76874891E-16
   5.51661968         5.45778639E-16
   5.64341211         5.15147968E-16
   5.77020502         3.43010598E-16
   5.89699745         3.76059426E-18
   6.02379036        -4.98240609E-16
   6.15058279        -1.11748877E-15
   6.27737522        -1.76238768E-15
   6.40416813        -2.29988948E-15
   6.53096056        -2.57162210E-15
   6.65775347        -2.42098428E-15
   6.78454590        -1.72780025E-15
   6.91133881        -4.44430511E-16
   7.03813124         1.37465856E-15
   7.16492414         3.55809954E-15
   7.29171658         5.82427732E-15
   7.41850948         7.81264396E-15
   7.54530191         9.13825307E-15
   7.67209482         9.46292334E-15
   7.79888725         8.57211742E-15
   7.92567968         6.44388573E-15
   8.05247211         3.29592929E-15
   8.17926502        -4.00968457E-16
   8.30605793        -3.95051339E-15
   8.43285084        -6.50116972E-15
   8.55964279        -7.15470519E-15
   8.68643570        -5.10326043E-15
   8.81322861         2.18792051E-16
   8.94002151         8.98427010E-15
   9.06681347         2.08406036E-14
   9.19360638         3.48110145E-14
   9.32039928         4.92437308E-14
   9.44719219         6.18208420E-14
   9.57398415         6.96355747E-14
   9.70077705         6.93426843E-14
   9.82756996         5.73818608E-14
   9.95436192         3.02688613E-14
   10.0811548        -1.50584162E-14
   10.2079477        -8.08590730E-14
   10.3347406        -1.68199520E-13
   10.4615326        -2.76587103E-13
   10.5883255        -4.03661832E-13
   10.7151184        -5.44979209E-13
   10.8419113        -6.93914490E-13
   10.9687033        -8.41706370E-13
   11.0954962        -9.77649710E-13
   11.2222891        -1.08942868E-12
   11.3490820        -1.16357022E-12
   11.4758739        -1.18597959E-12
   11.6026669        -1.14251609E-12
   11.7294598        -1.01956128E-12
   11.8562517        -8.04533035E-13
   11.9830446        -4.86329510E-13
   12.1098375        -5.56824416E-14
   12.2366304         4.94534264E-13
   12.3634224         1.16901063E-12
   12.4902153         1.96960612E-12
   12.6170082         2.89478641E-12
   12.7438011         3.93876338E-12
   12.8705931         5.09026502E-12
   12.9973860         6.33089067E-12
   13.1241789         7.63303483E-12
   13.2509708         8.95747712E-12
   13.3777637         1.02507620E-11
   13.5045567         1.14426003E-11
   13.6313496         1.24435080E-11
   13.7581415         1.31431558E-11
   13.8849344         1.34096189E-11
   14.0117273         1.30901574E-11
   14.1385202         1.20137676E-11
   14.2653122         9.99619051E-12
   14.3921051         6.84760105E-12
   14.5188980         2.38359397E-12
   14.6456909        -3.56035253E-12
   14.7724829        -1.11108284E-11
   14.8992758        -2.03349108E-11
   15.0260687        -3.12157244E-11
   15.1528606        -4.36260576E-11
   15.2796535        -5.73016808E-11
   15.4064465        -7.18163237E-11
   15.5332394        -8.65611749E-11
   15.6600313        -1.00731583E-10
   15.7868242        -1.13324565E-10
   15.9136171        -1.23150254E-10
   16.0404091        -1.28860034E-10
   16.1672020        -1.28993691E-10
   16.2939949        -1.22046692E-10
   16.4207878        -1.06558304E-10
   16.5475807        -8.12173453E-11
   16.6743736        -4.49840477E-11
   16.8011646         2.77848599E-12
   16.9279575         6.21693114E-11
   17.0547504         1.32619790E-10
   17.1815434         2.12778503E-10
   17.3083363         3.00421132E-10
   17.4351292         3.92395894E-10
   17.5619221         4.84614071E-10
   17.6887150         5.72097092E-10
   17.8155060         6.49082454E-10
   17.9422989         7.09198367E-10
   18.0690918         7.45703388E-10
   18.1958847         7.51793794E-10
   18.3226776         7.20965787E-10
   18.4494705         6.47426335E-10
   18.5762634         5.26534372E-10
   18.7030544         3.55253910E-10
   18.8298473         1.32594963E-10
   18.9566402        -1.39983775E-10
   19.0834332        -4.58237309E-10
   19.2102261        -8.14889434E-10
   19.3370190        -1.19950860E-09
   19.4638119        -1.59852753E-09
   19.5906048        -1.99542138E-09
   19.7173958        -2.37106668E-09
   19.8441887        -2.70427702E-09
   19.9709816        -2.97251979E-09
   20.0977745        -3.15279425E-09
   20.2245674        -3.22265903E-09
   20.3513603        -3.16136717E-09
   20.4781532        -2.95107805E-09
   20.6049442        -2.57808930E-09
   20.7317371        -2.03404515E-09
   20.8585300        -1.31705058E-09
   20.9853230        -4.32634234E-10
   21.1121159         6.05495654E-10
   21.2389088         1.77497272E-09
   21.3657017         3.04461723E-09
   21.4924946         4.37464731E-09
   21.6192856         5.71730485E-09
   21.7460785         7.01788894E-09
   21.8728714         8.21624102E-09
   21.9996643         9.24862054E-09
   22.1264572         1.00499866E-08
   22.2532501         1.05565814E-08
   22.3800430         1.07087770E-08
   22.5068340         1.04540838E-08
   22.6336269         9.75020953E-09
   22.7604198         8.56801208E-09
   22.8872128         6.89428070E-09
   23.0140057         4.73412864E-09
   23.1407986         2.11291429E-09
   23.2675915        -9.22488697E-10
   23.3943844        -4.30314762E-09
   23.5211754        -7.93840282E-09
   23.6479683        -1.17171073E-08
   23.7747612        -1.55098547E-08
   23.9015541        -1.91721874E-08
   24.0283470        -2.25487504E-08
   24.1551399        -2.54782986E-08
   24.2819328        -2.77995102E-08
   24.4087238        -2.93573432E-08
   24.5355167        -3.00097831E-08
   24.6623096        -2.96347533E-08
   24.7891026        -2.81368795E-08
   24.9158955        -2.54538683E-08
   25.0426884        -2.15621228E-08
   25.1694813        -1.64813727E-08
   25.2962742        -1.02780113E-08
   25.4230652        -3.06685366E-09
   25.5498581         4.98884889E-09
   25.6766510         1.36793208E-08
   25.8034439         2.27521753E-08
   25.9302368         3.19183364E-08
   26.0570297         4.08599057E-08
   26.1838226         4.92398087E-08
   26.3106136         5.67130023E-08
   26.4374065         6.29387955E-08
   26.5641994         6.75940299E-08
   26.6909924         7.03865624E-08
   26.8177853         7.10685129E-08
   26.9445782         6.94488165E-08
   27.0713711         6.54043646E-08
   27.1981640         5.88894409E-08
   27.3249550         4.99426065E-08
   27.4517479         3.86909953E-08
   27.5785408         2.53513015E-08
   27.7053337         1.02274615E-08
   27.8321266        -6.29514485E-09
   27.9589195        -2.37590712E-08
   28.0857124        -4.16473931E-08
   28.2125034        -5.93993548E-08
   28.3392963        -7.64285133E-08
   28.4660892        -9.21428835E-08
   28.5928822        -1.05966258E-07
   28.7196751        -1.17359995E-07
   28.8464680        -1.25844423E-07
   28.9732609        -1.31018922E-07
   29.1000538        -1.32579771E-07
   29.2268448        -1.30335110E-07
   29.3536377        -1.24215987E-07
   29.4804306        -1.14283210E-07
   29.6072235        -1.00729196E-07
   29.7340164        -8.38747738E-08
   29.8608093        -6.41607159E-08
   29.9876022        -4.21342961E-08
   30.1143932        -1.84309830E-08
   30.2411861         6.24778718E-09
   30.3679790         3.11603507E-08
   30.4947720         5.55527357E-08
   30.6215649         7.86879752E-08
   30.7483578         9.98752725E-08
   30.8751507         1.18498043E-07
   31.0019417         1.34039240E-07
   31.1287346         1.46103133E-07
   31.2555275         1.54432044E-07
   31.3823204         1.58917530E-07
   31.5091133         1.59605023E-07
   31.6359062         1.56691684E-07
   31.7626991         1.50517380E-07
   31.8894920         1.41549066E-07
   32.0162849         1.30358757E-07
   32.1430779         1.17596500E-07
   32.2698708         1.03958975E-07
   32.3966637         9.01553960E-08
   32.5234528         7.68722046E-08
   32.6502457         6.47379750E-08
   32.7770386         5.42904317E-08
   32.9038315         4.59471607E-08
   33.0306244         3.99812947E-08
   33.1574173         3.65038346E-08
   33.2842102         3.54531657E-08
   33.4110031         3.65928408E-08
   33.5377960         3.95176230E-08
   33.6645889         4.36680665E-08
   33.7913818         4.83527351E-08
   33.9181747         5.27775406E-08
   34.0449677         5.60808324E-08
   34.1717606         5.73729118E-08
   34.2985535         5.57778002E-08
   34.4253426         5.04759576E-08
   34.5521355         4.07453271E-08
   34.6789284         2.59999116E-08
   34.8057213         5.82193049E-09
   34.9325142        -2.00111874E-08
   35.0593071        -5.15088416E-08
   35.1861000        -8.84572984E-08
   35.3128929        -1.30420062E-07
   35.4396858        -1.76746752E-07
   35.5664787        -2.26591112E-07
   35.6932716        -2.78937648E-07
   35.8200645        -3.32634215E-07
   35.9468575        -3.86429946E-07
   36.0736504        -4.39016020E-07
   36.2004433        -4.89067361E-07
   36.3272324        -5.35283050E-07
   36.4540253        -5.76422906E-07
   36.5808182        -6.11338464E-07
   36.7076111        -6.38996710E-07
   36.8344040        -6.58495253E-07
   36.9611969        -6.69068868E-07
   37.0879898        -6.70085512E-07
   37.2147827        -6.61033482E-07
   37.3415756        -6.41502481E-07
   37.4683685        -6.11157702E-07
   37.5951614        -5.69708504E-07
   37.7219543        -5.16879652E-07
   37.8487473        -4.52381727E-07
   37.9755402        -3.75888334E-07
   38.1023293        -2.87023653E-07
   38.2291222        -1.85356271E-07
   38.3559151        -7.04148633E-08
   38.4827080         5.82872453E-08
   38.6095009         2.01204756E-07
   38.7362938         3.58697775E-07
   38.8630867         5.30951013E-07
   38.9898796         7.17877526E-07
   39.1166725         9.19009096E-07
   39.2434654         1.13337830E-06
   39.3702583         1.35939274E-06
   39.4970512         1.59471256E-06
   39.6238441         1.83613429E-06
   39.7506371         2.07948142E-06
   39.8774300         2.31952026E-06
   40.0042191         2.54989550E-06
   40.1310120         2.76309538E-06
   40.2578049         2.95045356E-06
   40.3845978         3.10218297E-06
   40.5113907         3.20746017E-06
   40.6381836         3.25453652E-06
   40.7649765         3.23090671E-06
   40.8917694         3.12350289E-06
   41.0185623         2.91892457E-06
   41.1453552         2.60370643E-06
   41.2721481         2.16460421E-06
   41.3989410         1.58889270E-06
   41.5257339         8.64674178E-07
   41.6525269        -1.88167775E-08
   41.7793198        -1.07092296E-06
   41.9061089        -2.29929810E-06
   42.0329018        -3.70967291E-06
   42.1596947        -5.30565922E-06
   42.2864876        -7.08861080E-06
   42.4132805        -9.05753859E-06
   42.5400734        -1.12090756E-05
   42.6668663        -1.35375258E-05
   42.7936592        -1.60349646E-05
   42.9204521        -1.86914021E-05
   43.0472450        -2.14950032E-05
   43.1740379        -2.44323892E-05
   43.3008308        -2.74889353E-05
   43.4276237        -3.06491602E-05
   43.5544167        -3.38970785E-05
   43.6812096        -3.72166251E-05
   43.8079987        -4.05920364E-05
   43.9347916        -4.40082586E-05
   44.0615845        -4.74512162E-05
   44.1883774        -5.09082092E-05
   44.3151703        -5.43681235E-05
   44.4419632        -5.78216132E-05
   44.5687561        -6.12612203E-05
   44.6955490        -6.46813569E-05
   44.8223419        -6.80783414E-05
   44.9491348        -7.14501512E-05
   45.0759277        -7.47963131E-05
   45.2027206        -7.81175040E-05
   45.3295135        -8.14151645E-05
   45.4563065        -8.46912226E-05
   45.5830994        -8.79474755E-05
   45.7098885        -9.11851239E-05
   45.8366814        -9.44043713E-05
   45.9634743        -9.76037700E-05
   46.0902672        -1.00779900E-04
   46.2170601        -1.03926883E-04
   46.3438530        -1.07036118E-04
   46.4706459        -1.10095934E-04
   46.5974388        -1.13091526E-04
   46.7242317        -1.16004885E-04
   46.8510246        -1.18814940E-04
   46.9778175        -1.21497724E-04
   47.1046104        -1.24026730E-04
   47.2314034        -1.26373459E-04
   47.3581963        -1.28507992E-04
   47.4849892        -1.30399625E-04
   47.6117783        -1.32017827E-04
   47.7385712        -1.33333000E-04
   47.8653641        -1.34317321E-04
   47.9921570        -1.34945934E-04
   48.1189499        -1.35197581E-04
   48.2457428        -1.35055670E-04
   48.3725357        -1.34509042E-04
   48.4993286        -1.33552705E-04
   48.6261215        -1.32188332E-04
   48.7529144        -1.30424858E-04
   48.8797073        -1.28278640E-04
   49.0065002        -1.25773557E-04
   49.1332932        -1.22940983E-04
   49.2600861        -1.19819328E-04
   49.3868790        -1.16453732E-04
   49.5136681        -1.12895184E-04
   49.6404610        -1.09199835E-04
   49.7672539        -1.05427724E-04
   49.8940468        -1.01641883E-04
   50.0208397        -9.79069227E-05
   50.1476326        -9.42877014E-05
   50.2744255        -9.08480652E-05
   50.4012184        -8.76493505E-05
   50.5280113        -8.47491829E-05
   50.6548042        -8.22001384E-05
   50.7815971        -8.00486960E-05
   50.9083900        -7.83341602E-05
   51.0351830        -7.70879415E-05
   51.1619759        -7.63328280E-05
   51.2887688        -7.60826370E-05
   51.4155579        -7.63419375E-05
   51.5423508        -7.71061605E-05
   51.6691437        -7.83617434E-05
   51.7959366        -8.00866037E-05
   51.9227295        -8.22508082E-05
   52.0495224        -8.48173077E-05
   52.1763153        -8.77429848E-05
   52.3031082        -9.09796290E-05
   52.4299011        -9.44751082E-05
   52.5566940        -9.81746780E-05
   52.6834869        -1.02021993E-04
   52.8102798        -1.05960527E-04
   52.9370728        -1.09934532E-04
   53.0638657        -1.13890259E-04
   53.1906586        -1.17776763E-04
   53.3174477        -1.21546851E-04
   53.4442406        -1.25157763E-04
   53.5710335        -1.28571570E-04
   53.6978264        -1.31755718E-04
   53.8246193        -1.34683083E-04
   53.9514122        -1.37332143E-04
   54.0782051        -1.39686759E-04
   54.2049980        -1.41736178E-04
   54.3317909        -1.43474303E-04
   54.4585838        -1.44899663E-04
   54.5853767        -1.46014732E-04
   54.7121696        -1.46825347E-04
   54.8389626        -1.47340266E-04
   54.9657555        -1.47570521E-04
   55.0925484        -1.47528961E-04
   55.2193375        -1.47229686E-04
   55.3461304        -1.46687671E-04
   55.4729233        -1.45918399E-04
   55.5997162        -1.44937614E-04
   55.7265091        -1.43761048E-04
   55.8533020        -1.42404388E-04
   55.9800949        -1.40883203E-04
   56.1068878        -1.39213065E-04
   56.2336807        -1.37409486E-04
   56.3604736        -1.35488212E-04
   56.4872665        -1.33465306E-04
   56.6140594        -1.31357418E-04
   56.7408524        -1.29181892E-04
   56.8676453        -1.26956933E-04
   56.9944382        -1.24701794E-04
   57.1212273        -1.22436715E-04
   57.2480202        -1.20183082E-04
   57.3748131        -1.17963231E-04
   57.5016060        -1.15800358E-04
   57.6283989        -1.13718292E-04
   57.7551918        -1.11741203E-04
   57.8819847        -1.09893153E-04
   58.0087776        -1.08197841E-04
   58.1355705        -1.06677930E-04
   58.2623634        -1.05354658E-04
   58.3891563        -1.04247287E-04
   58.5159492        -1.03372586E-04
   58.6427422        -1.02744329E-04
   58.7695351        -1.02372927E-04
   58.8963280        -1.02264952E-04
   59.0231171        -1.02422840E-04
   59.1499100        -1.02844780E-04
   59.2767029        -1.03524537E-04
   59.4034958        -1.04451450E-04
   59.5302887        -1.05610641E-04
   59.6570816        -1.06983178E-04
   59.7838745        -1.08546454E-04
   59.9106674        -1.10274610E-04
   60.0374603        -1.12139132E-04
   60.1642532        -1.14109425E-04
   60.2910461        -1.16153416E-04
   60.4178391        -1.18238313E-04
   60.5446320        -1.20331293E-04
   60.6714249        -1.22400117E-04
   60.7982178        -1.24413898E-04
   60.9250069        -1.26343628E-04
   61.0517998        -1.28162792E-04
   61.1785927        -1.29847715E-04
   61.3053856        -1.31378110E-04
   61.4321785        -1.32737187E-04
   61.5589714        -1.33912006E-04
   61.6857643        -1.34893417E-04
   61.8125572        -1.35676120E-04
   61.9393501        -1.36258561E-04
   62.0661430        -1.36642702E-04
   62.1929359        -1.36833871E-04
   62.3197289        -1.36840288E-04
   62.4465218        -1.36672839E-04
   62.5733147        -1.36344694E-04
   62.7001076        -1.35870781E-04
   62.8268967        -1.35267532E-04
   62.9536896        -1.34552320E-04
   63.0804825        -1.33743262E-04
   63.2072754        -1.32858710E-04
   63.3340683        -1.31916968E-04
   63.4608612        -1.30936111E-04
   63.5876541        -1.29933600E-04
   63.7144470        -1.28926127E-04
   63.8412399        -1.27929525E-04
   63.9680328        -1.26958577E-04
   64.0948257        -1.26026920E-04
   64.2216187        -1.25147169E-04
   64.3484116        -1.24330632E-04
   64.4752045        -1.23587539E-04
   64.6019974        -1.22926984E-04
   64.7287903        -1.22356971E-04
   64.8555832        -1.21884557E-04
   64.9823761        -1.21515775E-04
   65.1091690        -1.21255864E-04
   65.2359619        -1.21109348E-04
   65.3627548        -1.21080018E-04
   65.4895477        -1.21171179E-04
   65.6163330        -1.21385659E-04
   65.7431259        -1.21726007E-04
   65.8699188        -1.22194513E-04
   65.9967117        -1.22793499E-04
   66.1235046        -1.23525140E-04
   66.2502975        -1.24391911E-04
   66.3770905        -1.25396429E-04
   66.5038834        -1.26541621E-04
   66.6306763        -1.27830746E-04
   66.7574692        -1.29267486E-04
   66.8842621        -1.30855842E-04
   67.0110550        -1.32600107E-04
   67.1378479        -1.34504764E-04
   67.2646408        -1.36574279E-04
   67.3914337        -1.38813004E-04
   67.5182266        -1.41224766E-04
   67.6450195        -1.43812606E-04
   67.7718124        -1.46578503E-04
   67.8986053        -1.49522864E-04
   68.0253983        -1.52644163E-04
   68.1521912        -1.55938484E-04
   68.2789841        -1.59399133E-04
   68.4057770        -1.63016273E-04
   68.5325699        -1.66776445E-04
   68.6593628        -1.70662490E-04
   68.7861557        -1.74653163E-04
   68.9129486        -1.78723189E-04
   69.0397415        -1.82843258E-04
   69.1665344        -1.86980178E-04
   69.2933273        -1.91097221E-04
   69.4201126        -1.95154600E-04
   69.5469055        -1.99110029E-04
   69.6736984        -2.02919633E-04
   69.8004913        -2.06538607E-04
   69.9272842        -2.09922378E-04
   70.0540771        -2.13027641E-04
   70.1808701        -2.15813387E-04
   70.3076630        -2.18242130E-04
   70.4344559        -2.20281116E-04
   70.5612488        -2.21903130E-04
   70.6880417        -2.23087714E-04
   70.8148346        -2.23821917E-04
   70.9416275        -2.24100892E-04
   71.0684204        -2.23928568E-04
   71.1952133        -2.23317707E-04
   71.3220062        -2.22290080E-04
   71.4487991        -2.20876042E-04
   71.5755920        -2.19114299E-04
   71.7023849        -2.17050969E-04
   71.8291779        -2.14738669E-04
   71.9559708        -2.12235318E-04
   72.0827637        -2.09602702E-04
   72.2095566        -2.06905039E-04
   72.3363495        -2.04207230E-04
   72.4631424        -2.01573261E-04
   72.5899353        -1.99064365E-04
   72.7167282        -1.96737514E-04
   72.8435211        -1.94643755E-04
   72.9703140        -1.92826847E-04
   73.0971069        -1.91322048E-04
   73.2238922        -1.90155188E-04
   73.3506851        -1.89341852E-04
   73.4774780        -1.88887163E-04
   73.6042709        -1.88785591E-04
   73.7310638        -1.89021259E-04
   73.8578568        -1.89568484E-04
   73.9846497        -1.90392631E-04
   74.1114426        -1.91451254E-04
   74.2382355        -1.92695588E-04
   74.3650284        -1.94071923E-04
   74.4918213        -1.95523549E-04
   74.6186142        -1.96992347E-04
   74.7454071        -1.98420719E-04
   74.8722000        -1.99753456E-04
   74.9989929        -2.00939176E-04
   75.1257858        -2.01932053E-04
   75.2525787        -2.02693031E-04
   75.3793716        -2.03191026E-04
   75.5061646        -2.03403513E-04
   75.6329575        -2.03317017E-04
   75.7597504        -2.02927346E-04
   75.8865433        -2.02239098E-04
   76.0133362        -2.01265342E-04
   76.1401291        -2.00026640E-04
   76.2669220        -1.98549926E-04
   76.3937149        -1.96867142E-04
   76.5205078        -1.95013577E-04
   76.6473007        -1.93026353E-04
   76.7740936        -1.90942577E-04
   76.9008865        -1.88797683E-04
   77.0276718        -1.86623744E-04
   77.1544647        -1.84447970E-04
   77.2812576        -1.82291551E-04
   77.4080505        -1.80168427E-04
   77.5348434        -1.78084723E-04
   77.6616364        -1.76038302E-04
   77.7884293        -1.74018816E-04
   77.9152222        -1.72007800E-04
   78.0420151        -1.69979801E-04
   78.1688080        -1.67903068E-04
   78.2956009        -1.65741003E-04
   78.4223938        -1.63453951E-04
   78.5491867        -1.61000804E-04
   78.6759796        -1.58341034E-04
   78.8027725        -1.55437039E-04
   78.9295654        -1.52255554E-04
   79.0563583        -1.48770268E-04
   79.1831512        -1.44963255E-04
   79.3099442        -1.40826654E-04
   79.4367371        -1.36363844E-04
   79.5635300        -1.31590583E-04
   79.6903229        -1.26535422E-04
   79.8171158        -1.21239776E-04
   79.9439087        -1.15757808E-04
   80.0707016        -1.10155568E-04
   80.1974945        -1.04509818E-04
   80.3242874        -9.89065884E-05
   80.4510803        -9.34392592E-05
   80.5778732        -8.82064196E-05
   80.7046585        -8.33093873E-05
   80.8314514        -7.88498073E-05
   80.9582443        -7.49270039E-05
   81.0850372        -7.16353752E-05
   81.2118301        -6.90619199E-05
   81.3386230        -6.72840033E-05
   81.4654160        -6.63671672E-05
   81.5922089        -6.63634419E-05
   81.7190018        -6.73100149E-05
   81.8457947        -6.92281392E-05
   81.9725876        -7.21226315E-05
   82.0993805        -7.59817485E-05
   82.2261734        -8.07774995E-05
   82.3529663        -8.64663816E-05
   82.4797592        -9.29905291E-05
   82.6065521        -1.00279220E-04
   82.7333450        -1.08250591E-04
   82.8601379        -1.16813768E-04
   82.9869308        -1.25870967E-04
   83.1137238        -1.35319919E-04
   83.2405167        -1.45055936E-04
   83.3673096        -1.54974463E-04
   83.4941025        -1.64973098E-04
   83.6208954        -1.74953442E-04
   83.7476883        -1.84823060E-04
   83.8744812        -1.94496635E-04
   84.0012741        -2.03897303E-04
   84.1280670        -2.12957253E-04
   84.2548599        -2.21618378E-04
   84.3816528        -2.29831930E-04
   84.5084381        -2.37558546E-04
   84.6352310        -2.44767754E-04
   84.7620239        -2.51436635E-04
   84.8888168        -2.57549458E-04
   85.0156097        -2.63095862E-04
   85.1424026        -2.68069882E-04
   85.2691956        -2.72468518E-04
   85.3959885        -2.76290259E-04
   85.5227814        -2.79534259E-04
   85.6495743        -2.82199006E-04
   85.7763672        -2.84281472E-04
   85.9031601        -2.85776565E-04
   86.0299530        -2.86676921E-04
   86.1567459        -2.86972703E-04
   86.2835388        -2.86651921E-04
   86.4103317        -2.85700982E-04
   86.5371246        -2.84105714E-04
   86.6639175        -2.81852088E-04
   86.7907104        -2.78927764E-04
   86.9175034        -2.75323371E-04
   87.0442963        -2.71033903E-04
   87.1710892        -2.66060408E-04
   87.2978821        -2.60411034E-04
   87.4246750        -2.54102604E-04
   87.5514679        -2.47161515E-04
   87.6782608        -2.39624642E-04
   87.8050537        -2.31539670E-04
   87.9318466        -2.22965435E-04
   88.0586395        -2.13971405E-04
   88.1854324        -2.04637297E-04
   88.3122177        -1.95051864E-04
   88.4390106        -1.85311626E-04
   88.5658035        -1.75518726E-04
   88.6925964        -1.65779304E-04
   88.8193893        -1.56200782E-04
   88.9461823        -1.46889390E-04
   89.0729752        -1.37947558E-04
   89.1997681        -1.29471344E-04
   89.3265610        -1.21547462E-04
   89.4533539        -1.14251088E-04
   89.5801468        -1.07643580E-04
   89.7069397        -1.01770340E-04
   89.8337326        -9.66595762E-05
   89.9605255        -9.23209300E-05
   90.0873184        -8.87452043E-05
   90.2141113        -8.59041102E-05
   90.3409042        -8.37507687E-05
   90.4676971        -8.22209186E-05
   90.5944901        -8.12344733E-05
   90.7212830        -8.06974276E-05
   90.8480759        -8.05046438E-05
   90.9748688        -8.05423988E-05
   91.1016617        -8.06917960E-05
   91.2284546        -8.08317709E-05
   91.3552475        -8.08427867E-05
   91.4820404        -8.06100725E-05
   91.6088333        -8.00265916E-05
   91.7356262        -7.89964324E-05
   91.8624191        -7.74371438E-05
   91.9892120        -7.52821070E-05
   92.1159973        -7.24822894E-05
   92.2427902        -6.90076049E-05
   92.3695831        -6.48473433E-05
   92.4963760        -6.00105413E-05
   92.6231689        -5.45253642E-05
   92.7499619        -4.84382435E-05
   92.8767548        -4.18121817E-05
   93.0035477        -3.47248861E-05
   93.1303406        -2.72664074E-05
   93.2571335        -1.95364337E-05
   93.3839264        -1.16413084E-05
   93.5107193        -3.69112649E-06
   93.6375122         4.20344759E-06
   93.7643051         1.19342194E-05
   93.8910980         1.93982414E-05
   94.0178909         2.65007056E-05
   94.1446838         3.31571864E-05
   94.2714767         3.92956572E-05
   94.3982697         4.48582359E-05
   94.5250626         4.98022746E-05
   94.6518555         5.41010813E-05
   94.7786484         5.77442224E-05
   94.9054413         6.07372203E-05
   95.0322342         6.31009170E-05
   95.1590271         6.48703135E-05
   95.2858200         6.60932128E-05
   95.4126129         6.68283028E-05
   95.5394058         6.71431917E-05
   95.6661987         6.71121015E-05
   95.7929916         6.68135472E-05
   95.9197769         6.63279498E-05
   96.0465698         6.57352211E-05
   96.1733627         6.51125665E-05
   96.3001556         6.45323598E-05
   96.4269485         6.40602520E-05
   96.5537415         6.37536650E-05
   96.6805344         6.36604309E-05
   96.8073273         6.38179408E-05
   96.9341202         6.42525629E-05
   97.0609131         6.49794529E-05
   97.1877060         6.60027217E-05
   97.3144989         6.73159520E-05
   97.4412918         6.89030567E-05
   97.5680847         7.07393119E-05
   97.6948776         7.27926963E-05
   97.8216705         7.50253312E-05
   97.9484634         7.73950378E-05
   98.0752563         7.98568944E-05
   98.2020493         8.23648370E-05
   98.3288422         8.48730706E-05
   98.4556351         8.73374011E-05
   98.5824280         8.97164209E-05
   98.7092209         9.19723461E-05
   98.8360138         9.40717509E-05
   98.9628067         9.59859972E-05
   99.0895996         9.76913652E-05
   99.2163925         9.91690395E-05
   99.3431854         1.00404824E-04
   99.4699783         1.01388672E-04
   99.5967712         1.02114092E-04
   99.7235565         1.02577564E-04
   99.8503494         1.02777682E-04
   99.9771423         1.02714497E-04
   100.103935         1.02388920E-04
   100.230728         1.01802027E-04
   100.357521         1.00954647E-04
   100.484314         9.98471296E-05
   100.611107         9.84791695E-05
   100.737900         9.68498716E-05
   100.864693         9.49580135E-05
   100.991486         9.28024674E-05
   101.118279         9.03826731E-05
   101.245071         8.76993508E-05
   101.371864         8.47552074E-05
   101.498657         8.15556486E-05
   101.625450         7.81095514E-05
   101.752243         7.44298959E-05
   101.879036         7.05343045E-05
   102.005829         6.64455365E-05
   102.132622         6.21915824E-05
   102.259415         5.78058098E-05
   102.386208         5.33266684E-05
   102.513000         4.87973011E-05
   102.639793         4.42648598E-05
   102.766586         3.97795920E-05
   102.893379         3.53937176E-05
   103.020172         3.11602344E-05
   103.146965         2.71314111E-05
   103.273758         2.33573974E-05
   103.400551         1.98845919E-05
   103.527336         1.67542239E-05
   103.654129         1.40007860E-05
   103.780922         1.16508509E-05
   103.907715         9.72178896E-06
   104.034508         8.22097354E-06
   104.161301         7.14506541E-06
   104.288094         6.47967636E-06
   104.414886         6.19939874E-06
   104.541679         6.26810379E-06
   104.668472         6.63960873E-06
   104.795265         7.25866266E-06
   104.922058         8.06228763E-06
   105.048851         8.98126927E-06
   105.175644         9.94201491E-06
   105.302437         1.08684862E-05
   105.429230         1.16842366E-05
   105.556023         1.23145583E-05
   105.682816         1.26885125E-05
   105.809608         1.27408957E-05
   105.936401         1.24140397E-05
   106.063194         1.16593783E-05
   106.189987         1.04387145E-05
   106.316780         8.72516557E-06
   106.443573         6.50375796E-06
   106.570366         3.77164679E-06
   106.697159         5.37956623E-07
   106.823952        -3.17674267E-06
   106.950745        -7.34131936E-06
   107.077538        -1.19151837E-05
   107.204330        -1.68498045E-05
   107.331116        -2.20902803E-05
   107.457909        -2.75770799E-05
   107.584702        -3.32478739E-05
   107.711494        -3.90393907E-05
   107.838287        -4.48890860E-05
   107.965080        -5.07368095E-05
   108.091873        -5.65262271E-05
   108.218666        -6.22059597E-05
   108.345459        -6.77306307E-05
   108.472252        -7.30613901E-05
   108.599045        -7.81663330E-05
   108.725838        -8.30204663E-05
   108.852631        -8.76055783E-05
   108.979424        -9.19096201E-05
   109.106216        -9.59261306E-05
   109.233009        -9.96532253E-05
   109.359802        -1.03092607E-04
   109.486595        -1.06248546E-04
   109.613388        -1.09126689E-04
   109.740181        -1.11733054E-04
   109.866974        -1.14073009E-04
   109.993767        -1.16150542E-04
   110.120560        -1.17967436E-04
   110.247353        -1.19522891E-04
   110.374146        -1.20813318E-04
   110.500938        -1.21832272E-04
   110.627731        -1.22570724E-04
   110.754524        -1.23017511E-04
   110.881317        -1.23159989E-04
   111.008102        -1.22984915E-04
   111.134895        -1.22479410E-04
   111.261688        -1.21632009E-04
   111.388481        -1.20433739E-04
   111.515274        -1.18879361E-04
   111.642067        -1.16968309E-04
   111.768860        -1.14705632E-04
   111.895653        -1.12102789E-04
   112.022446        -1.09178261E-04
   112.149239        -1.05957835E-04
   112.276031        -1.02474791E-04
   112.402824        -9.87695385E-05
   112.529617        -9.48893066E-05
   112.656410        -9.08873044E-05
   112.783203        -8.68217394E-05
   112.909996        -8.27545591E-05
   113.036789        -7.87500394E-05
   113.163582        -7.48731472E-05
   113.290375        -7.11879111E-05
   113.417168        -6.77555727E-05
   113.543961        -6.46329790E-05
   113.670753        -6.18708145E-05
   113.797546        -5.95121855E-05
   113.924339        -5.75911690E-05
   114.051132        -5.61317902E-05
   114.177925        -5.51471312E-05
   114.304718        -5.46388401E-05
   114.431511        -5.45969815E-05
   114.558304        -5.50001350E-05
   114.685097        -5.58159372E-05
   114.811882        -5.70018856E-05
   114.938675        -5.85064772E-05
   115.065468        -6.02706568E-05
   115.192261        -6.22293664E-05
   115.319054        -6.43134481E-05
   115.445847        -6.64514373E-05
   115.572639        -6.85716223E-05
   115.699432        -7.06039573E-05
   115.826225        -7.24819110E-05
   115.953018        -7.41441618E-05
   116.079811        -7.55362125E-05
   116.206604        -7.66116136E-05
   116.333397        -7.73329884E-05
   116.460190        -7.76727538E-05
   116.586983        -7.76135275E-05
   116.713776        -7.71482300E-05
   116.840569        -7.62798518E-05
   116.967361        -7.50209292E-05
   117.094154        -7.33929046E-05
   117.220947        -7.14250200E-05
   117.347740        -6.91533423E-05
   117.474533        -6.66193810E-05
   117.601326        -6.38688944E-05
   117.728119        -6.09504896E-05
   117.854912        -5.79143089E-05
   117.981705        -5.48108364E-05
   118.108498        -5.16896289E-05
   118.235291        -4.85983837E-05
   118.362083        -4.55819682E-05
   118.488876        -4.26817387E-05
   118.615662        -3.99348646E-05
   118.742455        -3.73739895E-05
   118.869247        -3.50268892E-05
   118.996040        -3.29163850E-05
   119.122833        -3.10603500E-05
   119.249626        -2.94717720E-05
   119.376419        -2.81590237E-05
   119.503212        -2.71261160E-05
   119.630005        -2.63730908E-05
   119.756798        -2.58964046E-05
   119.883591        -2.56893945E-05
   120.010384        -2.57427473E-05
   120.137177        -2.60449742E-05
   120.263969        -2.65829367E-05
   120.390762        -2.73423066E-05
   120.517555        -2.83080699E-05
   120.644348        -2.94649890E-05
   120.771141        -3.07980226E-05
   120.897934        -3.22927444E-05
   121.024727        -3.39356702E-05
   121.151520        -3.57145873E-05
   121.278313        -3.76187090E-05
   121.405106        -3.96388969E-05
   121.531898        -4.17676456E-05
   121.658691        -4.39990581E-05
   121.785484        -4.63286633E-05
   121.912277        -4.87532161E-05
   122.039070        -5.12702973E-05
   122.165863        -5.38778950E-05
   122.292656        -5.65739065E-05
   122.419441        -5.93555415E-05
   122.546234        -6.22187436E-05
   122.673027        -6.51575538E-05
   122.799820        -6.81635138E-05
   122.926613        -7.12251494E-05
   123.053406        -7.43274359E-05
   123.180199        -7.74515138E-05
   123.306992        -8.05743184E-05
   123.433784        -8.36685795E-05
   123.560577        -8.67028939E-05
   123.687370        -8.96419660E-05
   123.814163        -9.24470442E-05
   123.940956        -9.50766116E-05
   124.067749        -9.74871145E-05
   124.194542        -9.96340532E-05
   124.321335        -1.01472979E-04
   124.448128        -1.02960825E-04
   124.574921        -1.04057137E-04
   124.701714        -1.04725397E-04
   124.828506        -1.04934363E-04
   124.955299        -1.04659368E-04
   125.082092        -1.03883460E-04
   125.208885        -1.02598387E-04
   125.335678        -1.00805497E-04
   125.462471        -9.85163279E-05
   125.589264        -9.57529774E-05
   125.716057        -9.25482309E-05
   125.842850        -8.89453004E-05
   125.969643        -8.49974385E-05
   126.096436        -8.07670222E-05
   126.223221        -7.63245844E-05
   126.350014        -7.17473740E-05
   126.476807        -6.71178204E-05
   126.603600        -6.25216999E-05
   126.730392        -5.80462038E-05
   126.857185        -5.37778178E-05
   126.983978        -4.98001937E-05
   127.110771        -4.61920390E-05
   127.237564        -4.30249856E-05
   127.364357        -4.03616723E-05
   127.491150        -3.82539656E-05
   127.617943        -3.67413850E-05
   127.744736        -3.58498910E-05
   127.871529        -3.55909506E-05
   127.998322        -3.59609876E-05
   128.125107        -3.69412774E-05
   128.251907        -3.84981468E-05
   128.378693        -4.05837054E-05
   128.505493        -4.31369263E-05
   128.632278        -4.60850570E-05
   128.759079        -4.93455118E-05
   128.885864        -5.28279052E-05
   129.012665        -5.64364818E-05
   129.139450        -6.00726089E-05
   129.266251        -6.36374170E-05
   129.393036        -6.70345034E-05
   129.519836        -7.01725294E-05
   129.646622        -7.29677704E-05
   129.773422        -7.53463464E-05
   129.900208        -7.72463027E-05
   130.027008        -7.86192541E-05
   130.153793        -7.94317166E-05
   130.280594        -7.96659224E-05
   130.407379        -7.93203581E-05
   130.534180        -7.84095755E-05
   130.660965        -7.69637918E-05
   130.787766        -7.50278559E-05
   130.914551        -7.26599683E-05
   131.041351        -6.99299198E-05
   131.168137        -6.69169676E-05
   131.294937        -6.37077683E-05
   131.421722        -6.03937369E-05
   131.548523        -5.70685879E-05
   131.675308        -5.38258610E-05
   131.802109        -5.07563491E-05
   131.928894        -4.79458504E-05
   132.055679        -4.54729998E-05
   132.182480        -4.34074318E-05
   132.309265        -4.18082382E-05
   132.436066        -4.07227380E-05
   132.562851        -4.01856996E-05
   132.689651        -4.02187943E-05
   132.816437        -4.08305423E-05
   132.943237        -4.20165634E-05
   133.070023        -4.37601084E-05
   133.196823        -4.60329247E-05
   133.323608        -4.87962861E-05
   133.450409        -5.20023605E-05
   133.577194        -5.55954721E-05
   133.703995        -5.95136953E-05
   133.830780        -6.36903278E-05
   133.957581        -6.80554367E-05
   134.084366        -7.25373538E-05
   134.211166        -7.70640690E-05
   134.337952        -8.15645908E-05
   134.464752        -8.59701322E-05
   134.591537        -9.02152169E-05
   134.718338        -9.42386323E-05
   134.845123        -9.79842516E-05
   134.971924        -1.01401769E-04
   135.098709        -1.04447165E-04
   135.225510        -1.07083200E-04
   135.352295        -1.09279739E-04
   135.479095        -1.11013862E-04
   135.605881        -1.12269998E-04
   135.732666        -1.13039903E-04
   135.859467        -1.13322429E-04
   135.986252        -1.13123475E-04
   136.113052        -1.12455498E-04
   136.239838        -1.11337249E-04
   136.366638        -1.09793276E-04
   136.493423        -1.07853411E-04
   136.620224        -1.05552186E-04
   136.747009        -1.02928294E-04
   136.873810        -1.00023819E-04
   137.000595        -9.68836248E-05
   137.127396        -9.35546777E-05
   137.254181        -9.00852392E-05
   137.380981        -8.65242328E-05
   137.507767        -8.29205164E-05
   137.634567        -7.93221334E-05
   137.761353        -7.57757298E-05
   137.888153        -7.23258272E-05
   138.014938        -6.90142842E-05
   138.141739        -6.58796780E-05
   138.268524        -6.29567585E-05
   138.395325        -6.02760192E-05
   138.522110        -5.78631953E-05
   138.648911        -5.57388885E-05
   138.775696        -5.39182111E-05
   138.902496        -5.24105744E-05
   139.029282        -5.12193801E-05
   139.156082        -5.03419469E-05
   139.282867        -4.97694891E-05
   139.409653        -4.94871092E-05
   139.536453        -4.94739907E-05
   139.663239        -4.97036999E-05
   139.790039        -5.01445611E-05
   139.916824        -5.07602635E-05
   140.043625        -5.15105166E-05
   140.170410        -5.23518502E-05
   140.297211        -5.32385857E-05
   140.423996        -5.41238442E-05
   140.550797        -5.49607212E-05
   140.677582        -5.57034000E-05
   140.804382        -5.63083704E-05
   140.931168        -5.67356292E-05
   141.057968        -5.69498261E-05
   141.184753        -5.69212243E-05
   141.311554        -5.66267554E-05
   141.438339        -5.60506087E-05
   141.565140        -5.51849371E-05
   141.691925        -5.40301662E-05
   141.818726        -5.25950345E-05
   141.945511        -5.08966550E-05
   142.072311        -4.89600970E-05
   142.199097        -4.68178805E-05
   142.325897        -4.45092955E-05
   142.452682        -4.20794713E-05
   142.579483        -3.95783863E-05
   142.706268        -3.70597663E-05
   142.833069        -3.45798217E-05
   142.959854        -3.21960761E-05
   143.086655        -2.99660624E-05
   143.213440        -2.79460983E-05
   143.340225        -2.61900859E-05
   143.467026        -2.47483586E-05
   143.593811        -2.36666383E-05
   143.720612        -2.29850539E-05
   143.847397        -2.27372675E-05
   143.974197        -2.29497709E-05
   144.100983        -2.36412270E-05
   144.227783        -2.48220531E-05
   144.354568        -2.64940518E-05
   144.481369        -2.86502873E-05
   144.608154        -3.12750708E-05
   144.734955        -3.43441316E-05
   144.861740        -3.78249315E-05
   144.988541        -4.16771836E-05
   145.115326        -4.58534960E-05
   145.242126        -5.03001538E-05
   145.368912        -5.49580764E-05
   145.495712        -5.97638536E-05
   145.622498        -6.46508852E-05
   145.749298        -6.95506242E-05
   145.876083        -7.43938581E-05
   146.002884        -7.91119455E-05
   146.129669        -8.36382023E-05
   146.256470        -8.79090294E-05
   146.383255        -9.18651931E-05
   146.510056        -9.54528296E-05
   146.636841        -9.86244049E-05
   146.763641        -1.01339509E-04
   146.890427        -1.03565530E-04
   147.017212        -1.05278057E-04
   147.144012        -1.06461186E-04
   147.270798        -1.07107502E-04
   147.397598        -1.07218104E-04
   147.524384        -1.06802203E-04
   147.651184        -1.05876694E-04
   147.777969        -1.04465609E-04
   147.904770        -1.02599333E-04
   148.031555        -1.00313846E-04
   148.158356        -9.76498122E-05
   148.285141        -9.46517466E-05
   148.411942        -9.13671247E-05
   148.538727        -8.78453866E-05
   148.665527        -8.41372166E-05
   148.792313        -8.02937066E-05
   148.919113        -7.63656644E-05
   149.045898        -7.24029524E-05
   149.172699        -6.84540137E-05
   149.299484        -6.45653708E-05
   149.426285        -6.07812617E-05
   149.553070        -5.71433266E-05
   149.679871        -5.36903535E-05
   149.806656        -5.04581039E-05
   149.933456        -4.74790795E-05
   150.060242        -4.47824677E-05
   150.187042        -4.23939382E-05
   150.313828        -4.03355516E-05
   150.440628        -3.86256943E-05
   150.567413        -3.72789327E-05
   150.694214        -3.63059626E-05
   150.820999        -3.57135177E-05
   150.947784        -3.55042939E-05
   151.074585        -3.56769197E-05
   151.201370        -3.62259052E-05
   151.328171        -3.71416500E-05
   151.454956        -3.84104278E-05
   151.581757        -4.00144745E-05
   151.708542        -4.19320349E-05
   151.835342        -4.41375087E-05
   151.962128        -4.66016172E-05
   152.088928        -4.92916006E-05
   152.215714        -5.21714974E-05
   152.342514        -5.52024940E-05
   152.469299        -5.83432957E-05
   152.596100        -6.15505996E-05
   152.722885        -6.47796769E-05
   152.849686        -6.79849181E-05
   152.976471        -7.11205575E-05
   153.103271        -7.41414478E-05
   153.230057        -7.70037950E-05
   153.356857        -7.96660242E-05
   153.483643        -8.20896166E-05
   153.610443        -8.42399604E-05
   153.737228        -8.60871514E-05
   153.864029        -8.76067134E-05
   153.990814        -8.87802962E-05
   154.117615        -8.95961930E-05
   154.244400        -9.00497253E-05
   154.371201        -9.01435124E-05
   154.497986        -8.98874714E-05
   154.624771        -8.92987082E-05
   154.751572        -8.84011242E-05
   154.878357        -8.72248638E-05
   155.005157        -8.58055719E-05
   155.131943        -8.41834699E-05
   155.258743        -8.24022864E-05
   155.385529        -8.05079908E-05
   155.512329        -7.85475786E-05
   155.639114        -7.65675941E-05
   155.765915        -7.46129299E-05
   155.892700        -7.27253646E-05
   156.019501        -7.09423475E-05
   156.146286        -6.92959366E-05
   156.273087        -6.78117212E-05
   156.399872        -6.65082334E-05
   156.526672        -6.53963216E-05
   156.653458        -6.44789397E-05
   156.780258        -6.37511985E-05
   156.907043        -6.32006777E-05
   157.033844        -6.28079652E-05
   157.160629        -6.25475659E-05
   157.287430        -6.23889646E-05
   157.414215        -6.22978987E-05
   157.541016        -6.22377702E-05
   157.667801        -6.21712097E-05
   157.794601        -6.20616192E-05
   157.921387        -6.18747508E-05
   158.048187        -6.15801182E-05
   158.174973        -6.11524229E-05
   158.301773        -6.05727291E-05
   158.428558        -5.98293445E-05
   158.555344        -5.89185765E-05
   158.682144        -5.78450927E-05
   158.808929        -5.66220479E-05
   158.935730        -5.52708771E-05
   159.062515        -5.38207678E-05
   159.189316        -5.23078343E-05
   159.316101        -5.07740369E-05
   159.442902        -4.92659055E-05
   159.569687        -4.78329239E-05
   159.696487        -4.65259764E-05
   159.823273        -4.53954672E-05
   159.950073        -4.44895959E-05
   160.076859        -4.38525021E-05
   160.203659        -4.35226248E-05
