  -4.50000000         0.00000000    
  -4.37320757         0.00000000    
  -4.24641466         0.00000000    
  -4.11962223         0.00000000    
  -3.99282932         0.00000000    
  -3.86603665         0.00000000    
  -3.73924398         0.00000000    
  -3.61245155         0.00000000    
  -3.48565888         0.00000000    
  -3.35886621         0.00000000    
  -3.23207355         0.00000000    
  -3.10528088         0.00000000    
  -2.97848821         0.00000000    
  -2.85169554         0.00000000    
  -2.72490287         0.00000000    
  -2.59811020         0.00000000    
  -2.47131753         0.00000000    
  -2.34452486         0.00000000    
  -2.21773219         0.00000000    
  -2.09093952         0.00000000    
  -1.96414697         0.00000000    
  -1.83735430         0.00000000    
  -1.71056163         0.00000000    
  -1.58376896         0.00000000    
  -1.45697629         0.00000000    
  -1.33018374         0.00000000    
  -1.20339108         0.00000000    
  -1.07659841         0.00000000    
 -0.949805737         0.00000000    
 -0.823013067         0.00000000    
 -0.696220458         0.00000000    
 -0.569427788         0.00000000    
 -0.442635119         0.00000000    
 -0.315842479         0.00000000    
 -0.189049825         0.00000000    
  -6.22571707E-02     0.00000000    
   6.45354837E-02     0.00000000    
  0.191328138         0.00000000    
  0.318120778         0.00000000    
  0.444913447         0.00000000    
  0.571706116         0.00000000    
  0.698498726         0.00000000    
  0.825291395         0.00000000    
  0.952084064         0.00000000    
   1.07887673         0.00000000    
   1.20566940         0.00000000    
   1.33246195         0.00000000    
   1.45925462         0.00000000    
   1.58604729         0.00000000    
   1.71283996         0.00000000    
   1.83963263         0.00000000    
   1.96642530         0.00000000    
   2.09321785         0.00000000    
   2.22001052         0.00000000    
   2.34680319         0.00000000    
   2.47359586         0.00000000    
   2.60038853         0.00000000    
   2.72718120         0.00000000    
   2.85397387         0.00000000    
   2.98076653         0.00000000    
   3.10755920         0.00000000    
   3.23435187         0.00000000    
   3.36114454         0.00000000    
   3.48793697         0.00000000    
   3.61472964         0.00000000    
   3.74152231         0.00000000    
   3.86831498         0.00000000    
   3.99510765         0.00000000    
   4.12190056         0.00000000    
   4.24869299         0.00000000    
   4.37548542         0.00000000    
   4.50227833         0.00000000    
   4.62907076         0.00000000    
   4.75586367         0.00000000    
   4.88265610         0.00000000    
   5.00944901         0.00000000    
   5.13624144         0.00000000    
   5.26303434         0.00000000    
   5.38982677         0.00000000    
   5.51661968         0.00000000    
   5.64341211         0.00000000    
   5.77020502         0.00000000    
   5.89699745         0.00000000    
   6.02379036         0.00000000    
   6.15058279         0.00000000    
   6.27737522         0.00000000    
   6.40416813         0.00000000    
   6.53096056         0.00000000    
   6.65775347         0.00000000    
   6.78454590         0.00000000    
   6.91133881         0.00000000    
   7.03813124         0.00000000    
   7.16492414         0.00000000    
   7.29171658         0.00000000    
   7.41850948         0.00000000    
   7.54530191         0.00000000    
   7.67209482         0.00000000    
   7.79888725         0.00000000    
   7.92567968         0.00000000    
   8.05247211         0.00000000    
   8.17926502         0.00000000    
   8.30605793         0.00000000    
   8.43285084         0.00000000    
   8.55964279         0.00000000    
   8.68643570         0.00000000    
   8.81322861         0.00000000    
   8.94002151         0.00000000    
   9.06681347         0.00000000    
   9.19360638         0.00000000    
   9.32039928         0.00000000    
   9.44719219         0.00000000    
   9.57398415         0.00000000    
   9.70077705         0.00000000    
   9.82756996         0.00000000    
   9.95436192         0.00000000    
   10.0811548         0.00000000    
   10.2079477         0.00000000    
   10.3347406         0.00000000    
   10.4615326         0.00000000    
   10.5883255         0.00000000    
   10.7151184         0.00000000    
   10.8419113         0.00000000    
   10.9687033         0.00000000    
   11.0954962         0.00000000    
   11.2222891         0.00000000    
   11.3490820         0.00000000    
   11.4758739         0.00000000    
   11.6026669         0.00000000    
   11.7294598         0.00000000    
   11.8562517         0.00000000    
   11.9830446         0.00000000    
   12.1098375         0.00000000    
   12.2366304         0.00000000    
   12.3634224         0.00000000    
   12.4902153         0.00000000    
   12.6170082         0.00000000    
   12.7438011         0.00000000    
   12.8705931         0.00000000    
   12.9973860         0.00000000    
   13.1241789         0.00000000    
   13.2509708         0.00000000    
   13.3777637         0.00000000    
   13.5045567         0.00000000    
   13.6313496         0.00000000    
   13.7581415         0.00000000    
   13.8849344         0.00000000    
   14.0117273         0.00000000    
   14.1385202         0.00000000    
   14.2653122         0.00000000    
   14.3921051         0.00000000    
   14.5188980         0.00000000    
   14.6456909         0.00000000    
   14.7724829         0.00000000    
   14.8992758         0.00000000    
   15.0260687         0.00000000    
   15.1528606         0.00000000    
   15.2796535         0.00000000    
   15.4064465         0.00000000    
   15.5332394         0.00000000    
   15.6600313         0.00000000    
   15.7868242         0.00000000    
   15.9136171         0.00000000    
   16.0404091         0.00000000    
   16.1672020         0.00000000    
   16.2939949         0.00000000    
   16.4207878         0.00000000    
   16.5475807         0.00000000    
   16.6743736         0.00000000    
   16.8011646         0.00000000    
   16.9279575         0.00000000    
   17.0547504         0.00000000    
   17.1815434         0.00000000    
   17.3083363         0.00000000    
   17.4351292         0.00000000    
   17.5619221         0.00000000    
   17.6887150         0.00000000    
   17.8155060         0.00000000    
   17.9422989         0.00000000    
   18.0690918         0.00000000    
   18.1958847         0.00000000    
   18.3226776         0.00000000    
   18.4494705         0.00000000    
   18.5762634         0.00000000    
   18.7030544         0.00000000    
   18.8298473         0.00000000    
   18.9566402         0.00000000    
   19.0834332         0.00000000    
   19.2102261         0.00000000    
   19.3370190         0.00000000    
   19.4638119         0.00000000    
   19.5906048         0.00000000    
   19.7173958         0.00000000    
   19.8441887         0.00000000    
   19.9709816         0.00000000    
   20.0977745         0.00000000    
   20.2245674         0.00000000    
   20.3513603         0.00000000    
   20.4781532         0.00000000    
   20.6049442         0.00000000    
   20.7317371         0.00000000    
   20.8585300         0.00000000    
   20.9853230         0.00000000    
   21.1121159         0.00000000    
   21.2389088         0.00000000    
   21.3657017         0.00000000    
   21.4924946         0.00000000    
   21.6192856         0.00000000    
   21.7460785         0.00000000    
   21.8728714         0.00000000    
   21.9996643         0.00000000    
   22.1264572         0.00000000    
   22.2532501         0.00000000    
   22.3800430         0.00000000    
   22.5068340         0.00000000    
   22.6336269         0.00000000    
   22.7604198         0.00000000    
   22.8872128         0.00000000    
   23.0140057         0.00000000    
   23.1407986         0.00000000    
   23.2675915         0.00000000    
   23.3943844         0.00000000    
   23.5211754         0.00000000    
   23.6479683         0.00000000    
   23.7747612         0.00000000    
   23.9015541         0.00000000    
   24.0283470         0.00000000    
   24.1551399         0.00000000    
   24.2819328         0.00000000    
   24.4087238         0.00000000    
   24.5355167         0.00000000    
   24.6623096         0.00000000    
   24.7891026         0.00000000    
   24.9158955         0.00000000    
   25.0426884         0.00000000    
   25.1694813         0.00000000    
   25.2962742         0.00000000    
   25.4230652         0.00000000    
   25.5498581         0.00000000    
   25.6766510         0.00000000    
   25.8034439         0.00000000    
   25.9302368         0.00000000    
   26.0570297         0.00000000    
   26.1838226         0.00000000    
   26.3106136         0.00000000    
   26.4374065         0.00000000    
   26.5641994         0.00000000    
   26.6909924         0.00000000    
   26.8177853         0.00000000    
   26.9445782         0.00000000    
   27.0713711         0.00000000    
   27.1981640         0.00000000    
   27.3249550         0.00000000    
   27.4517479         0.00000000    
   27.5785408         0.00000000    
   27.7053337         0.00000000    
   27.8321266         0.00000000    
   27.9589195         0.00000000    
   28.0857124         0.00000000    
   28.2125034         0.00000000    
   28.3392963         0.00000000    
   28.4660892         0.00000000    
   28.5928822         0.00000000    
   28.7196751         0.00000000    
   28.8464680         0.00000000    
   28.9732609         0.00000000    
   29.1000538         2.86678277E-33
   29.2268448         9.20140391E-33
   29.3536377         1.55361944E-32
   29.4804306         1.86709322E-32
   29.6072235         6.03777612E-33
   29.7340164        -2.28877934E-32
   29.8608093        -5.62628448E-32
   29.9876022        -7.38848099E-32
   30.1143932        -8.53067594E-32
   30.2411861        -8.12039138E-32
   30.3679790        -3.46112204E-32
   30.4947720         2.31089230E-32
   30.6215649         4.97395271E-32
   30.7483578         1.25922952E-32
   30.8751507        -4.32481093E-32
   31.0019417        -6.20731900E-32
   31.1287346        -2.02606561E-32
   31.2555275         7.38164784E-32
   31.3823204         2.53138594E-31
   31.5091133         5.21596184E-31
   31.6359062         8.56649690E-31
   31.7626991         1.09846280E-30
   31.8894920         1.26256933E-30
   32.0162849         1.30657391E-30
   32.1430779         1.29301191E-30
   32.2698708         1.16546626E-30
   32.3966637         8.16905661E-31
   32.5234528         1.05994175E-30
   32.6502457         1.96445889E-30
   32.7770386         2.43379372E-30
   32.9038315         1.42709528E-30
   33.0306244         3.40485757E-30
   33.1574173         6.61565061E-30
   33.2842102         1.25109711E-29
   33.4110031         2.11072759E-29
   33.5377960         2.67265782E-29
   33.6645889         3.14537883E-29
   33.7913818         2.83981560E-29
   33.9181747         1.71762633E-29
   34.0449677        -6.19176368E-31
   34.1717606        -2.14920120E-29
   34.2985535        -4.80381516E-29
   34.4253426        -7.89280999E-29
   34.5521355        -1.07616740E-28
   34.6789284        -1.25829453E-28
   34.8057213        -1.26292194E-28
   34.9325142        -1.09064775E-28
   35.0593071        -7.41689223E-29
   35.1861000        -1.72786746E-29
   35.3128929         6.72303204E-29
   35.4396858         1.69874316E-28
   35.5664787         2.91786427E-28
   35.6932716         4.25866926E-28
   35.8200645         5.64313507E-28
   35.9468575         6.97217166E-28
   36.0736504         8.14665959E-28
   36.2004433         9.01713274E-28
   36.3272324         9.42917871E-28
   36.4540253         9.23624290E-28
   36.5808182         8.35099691E-28
   36.7076111         6.67077759E-28
   36.8344040         4.12886206E-28
   36.9611969         6.67726472E-29
   37.0879898        -3.73297296E-28
   37.2147827        -9.12544608E-28
   37.3415756        -1.55058006E-27
   37.4683685        -2.27577416E-27
   37.5951614        -3.06203833E-27
   37.7219543        -3.86728312E-27
   37.8487473        -4.63759578E-27
   37.9755402        -5.30579448E-27
   38.1023293        -5.78409379E-27
   38.2291222        -5.97828838E-27
   38.3559151        -5.79110995E-27
   38.4827080        -5.12856270E-27
   38.6095009        -3.91395534E-27
   38.7362938        -2.09322566E-27
   38.8630867         3.57968699E-28
   38.9898796         3.41988151E-27
   39.1166725         7.01943918E-27
   39.2434654         1.10298447E-26
   39.3702583         1.52595050E-26
   39.4970512         1.94572172E-26
   39.6238441         2.33175805E-26
   39.7506371         2.64861805E-26
   39.8774300         2.85731829E-26
   40.0042191         2.91723967E-26
   40.1310120         2.78850682E-26
   40.2578049         2.43450919E-26
   40.3845978         1.82541504E-26
   40.5113907         9.41496169E-27
   40.6381836        -2.22295842E-27
   40.7649765        -1.65314924E-26
   40.8917694        -3.31682176E-26
   41.0185623        -5.15461190E-26
   41.1453552        -7.08162530E-26
   41.2721481        -8.98642240E-26
   41.3989410        -1.07324797E-25
   41.5257339        -1.21618587E-25
   41.6525269        -1.31010112E-25
   41.7793198        -1.33694532E-25
   41.9061089        -1.27907620E-25
   42.0329018        -1.12058727E-25
   42.1596947        -8.48819264E-26
   42.2864876        -4.56000091E-26
   42.4132805         5.91043248E-27
   42.5400734         6.89613267E-26
   42.6668663         1.41918690E-25
   42.7936592         2.22101865E-25
   42.9204521         3.05733200E-25
   43.0472450         3.87952475E-25
   43.1740379         4.62907869E-25
   43.3008308         5.23934937E-25
   43.4276237         5.63828077E-25
   43.5544167         5.75207346E-25
   43.6812096         5.50975955E-25
   43.8079987         4.84855705E-25
   43.9347916         3.71982257E-25
   44.0615845         2.09533043E-25
   44.1883774        -2.64711406E-27
   44.3151703        -2.61468218E-25
   44.4419632        -5.60106773E-25
   44.5687561        -8.87665438E-25
   44.6955490        -1.22902922E-24
   44.8223419        -1.56496849E-24
   44.9491348        -1.87253156E-24
   45.0759277        -2.12576478E-24
   45.2027206        -2.29677444E-24
   45.3295135        -2.35712605E-24
   45.4563065        -2.27957116E-24
   45.5830994        -2.04003729E-24
   45.7098885        -1.61982095E-24
   45.8366814        -1.00786891E-24
   45.9634743        -2.03030573E-25
   46.0902672         7.83881221E-25
   46.2170601         1.92837088E-24
   46.3438530         3.19108712E-24
   46.4706459         4.51733230E-24
   46.5974388         5.83746460E-24
   46.7242317         7.06830336E-24
   46.8510246         8.11564559E-24
   46.9778175         8.87795896E-24
   47.1046104         9.25121638E-24
   47.2314034         9.13482706E-24
   47.3581963         8.43845930E-24
   47.4849892         7.08948901E-24
   47.6117783         5.04081803E-24
   47.7385712         2.27855432E-24
   47.8653641        -1.17094470E-24
   47.9921570        -5.23504899E-24
   48.1189499        -9.79061659E-24
   48.2457428        -1.46619723E-23
   48.3725357        -1.96216513E-23
   48.4993286        -2.43943071E-23
   48.6261215        -2.86642613E-23
   48.7529144        -3.20866176E-23
   48.8797073        -3.43021997E-23
   49.0065002        -3.49559003E-23
   49.1332932        -3.37178872E-23
   49.2600861        -3.03072503E-23
   49.3868790        -2.45167903E-23
   49.5136681        -1.62378245E-23
   49.6404610        -5.48368020E-24
   49.7672539         7.58985638E-24
   49.8940468         2.26684466E-23
   50.0208397         3.92697451E-23
   50.1476326         5.67414586E-23
   50.2744255         7.42686920E-23
   50.4012184         9.08913986E-23
   50.5280113         1.05533067E-22
   50.6548042         1.17039960E-22
   50.7815971         1.24231481E-22
   50.9083900         1.25959743E-22
   51.0351830         1.21177075E-22
   51.1619759         1.09009066E-22
   51.2887688         8.88296633E-23
   51.4155579         6.03350671E-23
   51.5423508         2.36123014E-23
   51.6691437        -2.08020649E-23
   51.7959366        -7.18780837E-23
   51.9227295        -1.28066481E-22
   52.0495224        -1.87296847E-22
   52.1763153        -2.47001185E-22
   52.3031082        -3.04167498E-22
   52.4299011        -3.55423414E-22
   52.5566940        -3.97151026E-22
   52.6834869        -4.25632186E-22
   52.8102798        -4.37219126E-22
   52.9370728        -4.28528833E-22
   53.0638657        -3.96652945E-22
   53.1906586        -3.39375686E-22
   53.3174477        -2.55390197E-22
   53.4442406        -1.44504071E-22
   53.5710335        -7.82127346E-24
   53.6978264         1.52110911E-22
   53.8246193         3.31202077E-22
   53.9514122         5.23777388E-22
   54.0782051         7.22603102E-22
   54.2049980         9.18990491E-22
   54.3317909         1.10298597E-21
   54.4585838         1.26364087E-21
   54.5853767         1.38937868E-21
   54.7121696         1.46843815E-21
   54.8389626         1.48939857E-21
   54.9657555         1.44176551E-21
   55.0925484         1.31661163E-21
   55.2193375         1.10723648E-21
   55.3461304         8.09838547E-22
   55.4729233         4.24152207E-22
   55.5997162        -4.59662623E-23
   55.7265091        -5.92056139E-22
   55.8533020        -1.20068628E-21
   55.9800949        -1.85327534E-21
   56.1068878        -2.52609872E-21
   56.2336807        -3.19054589E-21
   56.3604736        -3.81363099E-21
   56.4872665        -4.35880683E-21
   56.6140594        -4.78705980E-21
   56.7408524        -5.05833223E-21
   56.8676453        -5.13321348E-21
   56.9944382        -4.97490937E-21
   57.1212273        -4.55143652E-21
   57.2480202        -3.83796416E-21
   57.3748131        -2.81925448E-21
   57.5016060        -1.49205803E-21
   57.6283989         1.32606710E-22
   57.7551918         2.02747421E-21
   57.8819847         4.14745491E-21
   58.0087776         6.42864739E-21
   58.1355705         8.78810092E-21
   58.2623634         1.11244475E-20
   58.3891563         1.33195918E-20
   58.5159492         1.52415088E-20
   58.6427422         1.67482974E-20
   58.7695351         1.76934369E-20
   58.8963280         1.79322999E-20
   59.0231171         1.73297343E-20
   59.1499100         1.57685989E-20
   59.2767029         1.31589516E-20
   59.4034958         9.44756178E-21
   59.5302887         4.62727864E-21
   59.6570816        -1.25425542E-21
   59.7838745        -8.08708070E-21
   59.9106674        -1.56933223E-20
   60.0374603        -2.38240133E-20
   60.1642532        -3.21591569E-20
   60.2910461        -4.03114807E-20
   60.4178391        -4.78343911E-20
   60.5446320        -5.42346074E-20
   60.6714249        -5.89895582E-20
   60.7982178        -6.15693988E-20
   60.9250069        -6.14635068E-20
   61.0517998        -5.82107741E-20
   61.1785927        -5.14326882E-20
   61.3053856        -4.08678921E-20
   61.4321785        -2.64068121E-20
   61.5589714        -8.12427232E-21
   61.6857643         1.36920234E-20
   61.8125572         3.85192873E-20
   61.9393501         6.55862073E-20
   62.0661430         9.38703171E-20
   62.1929359         1.22108880E-19
   62.3197289         1.48824164E-19
   62.4465218         1.72364665E-19
   62.5733147         1.90963407E-19
   62.7001076         2.02811774E-19
   62.8268967         2.06149138E-19
   62.9536896         1.99364616E-19
   63.0804825         1.81108300E-19
   63.2072754         1.50407672E-19
   63.3340683         1.06783098E-19
   63.4608612         5.03563452E-20
   63.5876541        -1.80551459E-20
   63.7144470        -9.68652990E-20
   63.8412399        -1.83676360E-19
   63.9680328        -2.75271284E-19
   64.0948257        -3.67650143E-19
   64.2216187        -4.56113749E-19
   64.3484116        -5.35398855E-19
   64.4752045        -5.99865642E-19
   64.6019974        -6.43736561E-19
   64.7287903        -6.61379083E-19
   64.8555832        -6.47629273E-19
   64.9823761        -5.98140401E-19
   65.1091690        -5.09743177E-19
   65.2359619        -3.80801694E-19
   65.3627548        -2.11543532E-19
   65.4895477        -4.34175471E-21
   65.6163330         2.36071582E-19
   65.7431259         5.02486114E-19
   65.8699188         7.85204557E-19
   65.9967117         1.07216566E-18
   66.1235046         1.34921357E-18
   66.2502975         1.60051590E-18
   66.3770905         1.80913623E-18
   66.5038834         1.95775122E-18
   66.6306763         2.02949921E-18
   66.7574692         2.00892620E-18
   66.8842621         1.88300635E-18
   67.0110550         1.64218440E-18
   67.1378479         1.28138724E-18
   67.2646408         8.00956454E-19
   67.3914337         2.07428425E-19
   67.5182266        -4.85890958E-19
   67.6450195        -1.25862499E-18
   67.7718124        -2.08334516E-18
   67.8986053        -2.92596613E-18
   68.0253983        -3.74653715E-18
   68.1521912        -4.50045603E-18
   68.2789841        -5.14009412E-18
   68.4057770        -5.61680658E-18
   68.5325699        -5.88328323E-18
   68.6593628        -5.89614630E-18
   68.7861557        -5.61871985E-18
   68.9129486        -5.02383637E-18
   69.0397415        -4.09652678E-18
   69.1665344        -2.83646767E-18
   69.2933273        -1.26000132E-18
   69.4201126         5.98421591E-19
   69.5469055         2.68553326E-18
   69.6736984         4.92940212E-18
   69.8004913         7.24057495E-18
   69.9272842         9.51424050E-18
   70.0540771         1.16334739E-17
   70.1808701         1.34735256E-17
   70.3076630         1.49070702E-17
   70.4344559         1.58102405E-17
   70.5612488         1.60693019E-17
   70.6880417         1.55876446E-17
   70.8148346         1.42928075E-17
   70.9416275         1.21431777E-17
   71.0684204         9.13396986E-18
   71.1952133         5.30210737E-18
   71.3220062         7.29609128E-19
   71.4487991        -4.45488831E-18
   71.5755920        -1.00767481E-17
   71.7023849        -1.59183348E-17
   71.8291779        -2.17245687E-17
   71.9559708        -2.72110228E-17
   72.0827637        -3.20744213E-17
   72.2095566        -3.60054515E-17
   72.3363495        -3.87033077E-17
   72.4631424        -3.98915824E-17
   72.5899353        -3.93348138E-17
   72.7167282        -3.68549495E-17
   72.8435211        -3.23468251E-17
   72.9703140        -2.57918571E-17
   73.0971069        -1.72689520E-17
   73.2238922        -6.96182749E-18
   73.3506851         4.83802100E-18
   73.4774780         1.77334735E-17
   73.6042709         3.12293537E-17
   73.7310638         4.47458555E-17
   73.8578568         5.76375547E-17
   73.9846497         6.92179641E-17
   74.1114426         7.87888078E-17
   74.2382355         8.56731276E-17
   74.3650284         8.92510014E-17
   74.4918213         8.89963753E-17
   74.6186142         8.45132483E-17
   74.7454071         7.55693546E-17
   74.8722000         6.21252742E-17
   74.9989929         4.43572229E-17
   75.1257858         2.26714589E-17
   75.2525787        -2.29116519E-18
   75.3793716        -2.96618961E-17
   75.5061646        -5.83628928E-17
   75.6329575        -8.71383093E-17
   75.7597504        -1.14597748E-16
   75.8865433        -1.39271010E-16
   76.0133362        -1.59672593E-16
   76.1401291        -1.74373736E-16
   76.2669220        -1.82079486E-16
   76.3937149        -1.81706752E-16
   76.5205078        -1.72460514E-16
   76.6473007        -1.53903504E-16
   76.7740936        -1.26015064E-16
   76.9008865        -8.92358210E-17
   77.0276718        -4.44936713E-17
   77.1544647         6.79167726E-18
   77.2812576         6.27281168E-17
   77.4080505         1.20996460E-16
   77.5348434         1.78921443E-16
   77.6616364         2.33568091E-16
   77.7884293         2.81861092E-16
   77.9152222         3.20723493E-16
   78.0420151         3.47230119E-16
   78.1688080         3.58769196E-16
   78.2956009         3.53205645E-16
   78.4223938         3.29037280E-16
   78.5491867         2.85536448E-16
   78.6759796         2.22867550E-16
   78.8027725         1.42172852E-16
   78.9295654         4.56193483E-17
   79.0563583        -6.36008320E-17
   79.1831512        -1.81319751E-16
   79.3099442        -3.02496880E-16
   79.4367371        -4.21374963E-16
   79.5635300        -5.31688510E-16
   79.6903229        -6.26917830E-16
   79.8171158        -7.00582592E-16
   79.9439087        -7.46563352E-16
   80.0707016        -7.59440476E-16
   80.1974945        -7.34832475E-16
   80.3242874        -6.69720258E-16
   80.4510803        -5.62739944E-16
   80.5778732        -4.14425587E-16
   80.7046585        -2.27385333E-16
   80.8314514        -6.39880990E-18
   80.9582443         2.41581340E-16
   81.0850372         5.07529754E-16
   81.2118301         7.80557378E-16
   81.3386230         1.04823017E-15
   81.4654160         1.29699315E-15
   81.5922089         1.51268946E-15
   81.7190018         1.68116251E-15
   81.8457947         1.78891580E-15
   81.9725876         1.82381228E-15
   82.0993805         1.77577937E-15
   82.2261734         1.63749066E-15
   82.3529663         1.40498858E-15
   82.4797592         1.07821598E-15
   82.6065521         6.61423147E-16
   82.7333450         1.63419059E-16
   82.8601379        -4.02357008E-16
   82.9869308        -1.01796833E-15
   83.1137238        -1.66132437E-15
   83.2405167        -2.30674431E-15
   83.3673096        -2.92573502E-15
   83.4941025        -3.48796690E-15
   83.6208954        -3.96242352E-15
   83.7476883        -4.31868981E-15
   83.8744812        -4.52833597E-15
   84.0012741        -4.56634445E-15
   84.1280670        -4.41251904E-15
   84.2548599        -4.05281887E-15
   84.3816528        -3.48054901E-15
   84.5084381        -2.69734635E-15
   84.6352310        -1.71389515E-15
   84.7620239        -5.50331652E-16
   84.8888168         7.63722598E-16
   85.0156097         2.18951579E-15
   85.1424026         3.67994226E-15
   85.2691956         5.18072456E-15
   85.3959885         6.63200159E-15
   85.5227814         7.97027934E-15
   85.6495743         9.13069669E-15
   85.7763672         1.00495360E-14
   85.9031601         1.06669002E-14
   86.0299530         1.09294499E-14
   86.1567459         1.07930971E-14
   86.2835388         1.02255435E-14
   86.4103317         9.20856697E-15
   86.5371246         7.73989654E-15
   86.6639175         5.83462552E-15
   86.7907104         3.52603256E-15
   86.9175034         8.65763652E-16
   87.0442963        -2.07671790E-15
   87.1710892        -5.21538811E-15
   87.2978821        -8.44968728E-15
   87.4246750        -1.16672376E-14
   87.5514679        -1.47472146E-14
   87.6782608        -1.75643124E-14
   87.8050537        -1.99931285E-14
   87.9318466        -2.19128813E-14
   88.0586395        -2.32122755E-14
   88.1854324        -2.37943464E-14
   88.3122177        -2.35810720E-14
   88.4390106        -2.25176221E-14
   88.5658035        -2.05759736E-14
   88.6925964        -1.77577899E-14
   88.8193893        -1.40963774E-14
   88.9461823        -9.65759268E-15
   89.0729752        -4.53958965E-15
   89.1997681         1.12860682E-15
   89.3265610         7.18978930E-15
   89.4533539         1.34624088E-14
   89.5801468         1.97455543E-14
   89.7069397         2.58249283E-14
   89.8337326         3.14796542E-14
   89.9605255         3.64896711E-14
   90.0873184         4.06435953E-14
   90.2141113         4.37466022E-14
   90.3409042         4.56282351E-14
   90.4676971         4.61496821E-14
   90.5944901         4.52103666E-14
   90.7212830         4.27534900E-14
   90.8480759         3.87702701E-14
   90.9748688         3.33027707E-14
   91.1016617         2.64449903E-14
   91.2284546         1.83421885E-14
   91.3552475         9.18841859E-15
   91.4820404        -7.77820985E-16
   91.6088333        -1.12796786E-14
   91.7356262        -2.20096463E-14
   91.8624191        -3.26386697E-14
   91.9892120        -4.28263822E-14
   92.1159973        -5.22321783E-14
   92.2427902        -6.05267382E-14
   92.3695831        -6.74035141E-14
   92.4963760        -7.25900053E-14
   92.6231689        -7.58581227E-14
   92.7499619        -7.70333504E-14
   92.8767548        -7.60024706E-14
   93.0035477        -7.27192083E-14
   93.1303406        -6.72078428E-14
   93.2571335        -5.95642852E-14
   93.3839264        -4.99547743E-14
   93.5107193        -3.86119562E-14
   93.6375122        -2.58285282E-14
   93.7643051        -1.19484746E-14
   93.8910980         2.64359025E-15
   94.0178909         1.75349271E-14
   94.1446838         3.22984573E-14
   94.2714767         4.65071605E-14
   94.3982697         5.97489994E-14
   94.5250626         7.16412742E-14
   94.6518555         8.18441723E-14
   94.7786484         9.00728670E-14
   94.9054413         9.61075430E-14
   95.0322342         9.98010810E-14
   95.1590271         1.01083713E-13
   95.2858200         9.99647685E-14
   95.4126129         9.65311273E-14
   95.5394058         9.09422142E-14
   95.6661987         8.34221472E-14
   95.7929916         7.42488143E-14
   95.9197769         6.37405574E-14
   96.0465698         5.22409637E-14
   96.1733627         4.01024225E-14
   96.3001556         2.76691579E-14
   96.4269485         1.52606199E-14
   96.5537415         3.15590945E-15
   96.6805344        -8.41962777E-15
   96.8073273        -1.93052632E-14
   96.9341202        -2.94120942E-14
   97.0609131        -3.87263125E-14
   97.1877060        -4.73081250E-14
   97.3144989        -5.52857625E-14
   97.4412918        -6.28452165E-14
   97.5680847        -7.02151485E-14
   97.6948776        -7.76482015E-14
   97.8216705        -8.53988511E-14
   97.9484634        -9.36991641E-14
   98.0752563        -1.02733109E-13
   98.2020493        -1.12611458E-13
   98.3288422        -1.23347662E-13
   98.4556351        -1.34837250E-13
   98.5824280        -1.46841252E-13
   98.7092209        -1.58975806E-13
   98.8360138        -1.70708215E-13
   98.9628067        -1.81361897E-13
   99.0895996        -1.90128905E-13
   99.2163925        -1.96092478E-13
   99.3431854        -1.98257887E-13
   99.4699783        -1.95592132E-13
   99.5967712        -1.87070886E-13
   99.7235565        -1.71731742E-13
   99.8503494        -1.48731328E-13
   99.9771423        -1.17405177E-13
   100.103935        -7.73261663E-14
   100.230728        -2.83604114E-14
   100.357521         2.92836061E-14
   100.484314         9.50147282E-14
   100.611107         1.67830946E-13
   100.737900         2.46305689E-13
   100.864693         3.28590752E-13
   100.991486         4.12437472E-13
   101.118279         4.95237206E-13
   101.245071         5.74081472E-13
   101.371864         6.45840369E-13
   101.498657         7.07258958E-13
   101.625450         7.55069022E-13
   101.752243         7.86111519E-13
   101.879036         7.97467561E-13
   102.005829         7.86593067E-13
   102.132622         7.51450226E-13
   102.259415         6.90632284E-13
   102.386208         6.03474464E-13
   102.513000         4.90146010E-13
   102.639793         3.51718139E-13
   102.766586         1.90202766E-13
   102.893379         8.55890201E-15
   103.020172        -1.89336746E-13
   103.146965        -3.98756549E-13
   103.273758        -6.14224600E-13
   103.400551        -8.29656873E-13
   103.527336        -1.03853211E-12
   103.654129        -1.23409160E-12
   103.780922        -1.40956094E-12
   103.907715        -1.55838591E-12
   104.034508        -1.67447425E-12
   104.161301        -1.75243392E-12
   104.288094        -1.78779962E-12
   104.414886        -1.77723515E-12
   104.541679        -1.71870363E-12
   104.668472        -1.61159779E-12
   104.795265        -1.45682164E-12
   104.922058        -1.25681843E-12
   105.048851        -1.01553965E-12
   105.175644        -7.38356208E-13
   105.302437        -4.31912102E-13
   105.429230        -1.03919863E-13
   105.556023         2.37088615E-13
   105.682816         5.82053394E-13
   105.809608         9.21707480E-13
   105.936401         1.24691327E-12
   106.063194         1.54900290E-12
   106.189987         1.82010461E-12
   106.316780         2.05344444E-12
   106.443573         2.24360287E-12
   106.570366         2.38671908E-12
   106.697159         2.48062638E-12
   106.823952         2.52491192E-12
   106.950745         2.52089582E-12
   107.077538         2.47152277E-12
   107.204330         2.38117555E-12
   107.331116         2.25540658E-12
   107.457909         2.10060506E-12
   107.584702         1.92361144E-12
   107.711494         1.73129143E-12
   107.838287         1.53009745E-12
   107.965080         1.32563426E-12
   108.091873         1.12225778E-12
   108.218666         9.22722727E-13
   108.345459         7.27910733E-13
   108.472252         5.36655952E-13
   108.599045         3.45685096E-13
   108.725838         1.49687188E-13
   108.852631        -5.84790056E-14
   108.979424        -2.87439099E-13
   109.106216        -5.46822353E-13
   109.233009        -8.46659765E-13
   109.359802        -1.19667763E-12
   109.486595        -1.60551184E-12
   109.613388        -2.07988119E-12
   109.740181        -2.62374584E-12
   109.866974        -3.23750445E-12
   109.993767        -3.91726365E-12
   110.120560        -4.65423013E-12
   110.247353        -5.43426805E-12
   110.374146        -6.23765622E-12
   110.500938        -7.03908936E-12
   110.627731        -7.80793746E-12
   110.754524        -8.50880130E-12
   110.881317        -9.10233694E-12
   111.008102        -9.54639666E-12
   111.134895        -9.79740941E-12
   111.261688        -9.81201578E-12
   111.388481        -9.54889206E-12
   111.515274        -8.97071566E-12
   111.642067        -8.04619739E-12
   111.768860        -6.75211493E-12
   111.895653        -5.07525662E-12
   112.022446        -3.01419501E-12
   112.149239        -5.80798376E-13
   112.276031         2.19859981E-12
   112.402824         5.28245069E-12
   112.529617         8.61373646E-12
   112.656410         1.21202536E-11
   112.783203         1.57154845E-11
   112.909996         1.93000598E-11
   113.036789         2.27638394E-11
   113.163582         2.59885603E-11
   113.290375         2.88509962E-11
   113.417168         3.12266046E-11
   113.543961         3.29935038E-11
   113.670753         3.40367387E-11
   113.797546         3.42526146E-11
   113.924339         3.35530909E-11
   114.051132         3.18698991E-11
   114.177925         2.91584291E-11
   114.304718         2.54010389E-11
   114.431511         2.06098350E-11
   114.558304         1.48285915E-11
   114.685097         8.13385470E-12
   114.811882         6.35056244E-13
   114.938675        -7.52642913E-12
   115.065468        -1.61792593E-11
   115.192261        -2.51251849E-11
   115.319054        -3.41431362E-11
   115.445847        -4.29942644E-11
   115.572639        -5.14277926E-11
   115.699432        -5.91876409E-11
   115.826225        -6.60194607E-11
   115.953018        -7.16781079E-11
   116.079811        -7.59351887E-11
   116.206604        -7.85864082E-11
   116.333397        -7.94587104E-11
   116.460190        -7.84167176E-11
   116.586983        -7.53684268E-11
   116.713776        -7.02698108E-11
   116.840569        -6.31283498E-11
   116.967361        -5.40051753E-11
   117.094154        -4.30157299E-11
   117.220947        -3.03289963E-11
   117.347740        -1.61651977E-11
   117.474533        -7.91953959E-13
   117.601326         1.54809273E-11
   117.728119         3.23079931E-11
   117.854912         4.93157772E-11
   117.981705         6.61114150E-11
   118.108498         8.22919649E-11
   118.235291         9.74541212E-11
   118.362083         1.11204157E-10
   118.488876         1.23167920E-10
   118.615662         1.33000014E-10
   118.742455         1.40393072E-10
   118.869247         1.45085402E-10
   118.996040         1.46868157E-10
   119.122833         1.45590984E-10
   119.249626         1.41166176E-10
   119.376419         1.33571751E-10
   119.503212         1.22852464E-10
   119.630005         1.09119741E-10
   119.756798         9.25497942E-11
   119.883591         7.33806349E-11
   120.010384         5.19074679E-11
   120.137177         2.84772379E-11
   120.263969         3.48198488E-12
   120.390762        -2.26484005E-11
   120.517555        -4.94540311E-11
   120.644348        -7.64532604E-11
   120.771141        -1.03151113E-10
   120.897934        -1.29047620E-10
   121.024727        -1.53646013E-10
   121.151520        -1.76460679E-10
   121.278313        -1.97024508E-10
   121.405106        -2.14896045E-10
   121.531898        -2.29665745E-10
   121.658691        -2.40962111E-10
   121.785484        -2.48456755E-10
   121.912277        -2.51869581E-10
   122.039070        -2.50972798E-10
   122.165863        -2.45595377E-10
   122.292656        -2.35626046E-10
   122.419441        -2.21017107E-10
   122.546234        -2.01787267E-10
   122.673027        -1.78024206E-10
   122.799820        -1.49887255E-10
   122.926613        -1.17609214E-10
   123.053406        -8.14982318E-11
   123.180199        -4.19386158E-11
   123.306992         6.08695548E-13
   123.433784         4.56066261E-11
   123.560577         9.24436985E-11
   123.687370         1.40436898E-10
   123.814163         1.88836100E-10
   123.940956         2.36830167E-10
   124.067749         2.83555013E-10
   124.194542         3.28103517E-10
   124.321335         3.69537817E-10
   124.448128         4.06903178E-10
   124.574921         4.39244779E-10
   124.701714         4.65625455E-10
   124.828506         4.85146034E-10
   124.955299         4.96966579E-10
   125.082092         5.00328778E-10
   125.208885         4.94578822E-10
   125.335678         4.79190410E-10
   125.462471         4.53786897E-10
   125.589264         4.18162310E-10
   125.716057         3.72300274E-10
   125.842850         3.16389942E-10
   125.969643         2.50838683E-10
   126.096436         1.76280920E-10
   126.223221         9.35818020E-11
   126.350014         3.83577675E-12
   126.476807        -9.16402509E-11
   126.603600        -1.91319890E-10
   126.730392        -2.93486180E-10
   126.857185        -3.96256195E-10
   126.983978        -4.97611619E-10
   127.110771        -5.95434868E-10
   127.237564        -6.87548962E-10
   127.364357        -7.71763153E-10
   127.491150        -8.45919279E-10
   127.617943        -9.07942221E-10
   127.744736        -9.55890478E-10
   127.871529        -9.88005899E-10
   127.998322        -1.00276254E-09
   128.125107        -9.98912730E-10
   128.251907        -9.75527881E-10
   128.378693        -9.32034894E-10
   128.505493        -8.68246586E-10
   128.632278        -7.84382226E-10
   128.759079        -6.81082968E-10
   128.885864        -5.59415736E-10
   129.012665        -4.20869700E-10
   129.139450        -2.67341260E-10
   129.266251        -1.01111772E-10
   129.393036         7.51856771E-11
   129.519836         2.58607746E-10
   129.646622         4.45949389E-10
   129.773422         6.33800845E-10
   129.900208         8.18609014E-10
   130.027008         9.96744465E-10
   130.153793         1.16457144E-09
   130.280594         1.31851885E-09
   130.407379         1.45515255E-09
   130.534180         1.57124547E-09
   130.660965         1.66384517E-09
   130.787766         1.73033798E-09
   130.914551         1.76850568E-09
   131.041351         1.77657800E-09
   131.168137         1.75327441E-09
   131.294937         1.69784076E-09
   131.421722         1.61007396E-09
   131.548523         1.49033796E-09
   131.675308         1.33957079E-09
   131.802109         1.15927978E-09
   131.928894         9.51528301E-10
   132.055679         7.18912152E-10
   132.182480         4.64528332E-10
   132.309265         1.91932858E-10
   132.436066        -9.49068601E-11
   132.562851        -3.91667754E-10
   132.689651        -6.93733404E-10
   132.816437        -9.96260185E-10
   132.943237        -1.29424904E-09
   133.070023        -1.58261915E-09
   133.196823        -1.85628612E-09
   133.323608        -2.11023932E-09
   133.450409        -2.33962072E-09
   133.577194        -2.53980215E-09
   133.703995        -2.70646505E-09
   133.830780        -2.83567037E-09
   133.957581        -2.92393354E-09
   134.084366        -2.96828939E-09
   134.211166        -2.96635361E-09
   134.337952        -2.91637980E-09
   134.464752        -2.81730861E-09
   134.591537        -2.66880651E-09
   134.718338        -2.47130116E-09
   134.845123        -2.22600272E-09
   134.971924        -1.93491712E-09
   135.098709        -1.60084734E-09
   135.225510        -1.22738253E-09
   135.352295        -8.18876189E-10
   135.479095        -3.80411425E-10
   135.605881         8.22498458E-11
   135.732666         5.62725977E-10
   135.859467         1.05409204E-09
   135.986252         1.54896662E-09
   136.113052         2.03961048E-09
   136.239838         2.51803689E-09
   136.366638         2.97613378E-09
   136.493423         3.40578699E-09
   136.620224         3.79902154E-09
   136.747009         4.14813295E-09
   136.873810         4.44583614E-09
   137.000595         4.68539785E-09
   137.127396         4.86077889E-09
   137.254181         4.96676344E-09
   137.380981         4.99907893E-09
   137.507767         4.95450969E-09
   137.634567         4.83099116E-09
   137.761353         4.62768668E-09
   137.888153         4.34505099E-09
   138.014938         3.98486355E-09
   138.141739         3.55024854E-09
   138.268524         3.04566194E-09
   138.395325         2.47685916E-09
   138.522110         1.85083882E-09
   138.648911         1.17575283E-09
   138.775696         4.60804922E-10
   138.902496        -2.83882085E-10
   139.029282        -1.04741793E-09
   139.156082        -1.81831250E-09
   139.282867        -2.58466026E-09
   139.409653        -3.33433703E-09
   139.536453        -4.05520506E-09
   139.663239        -4.73532058E-09
   139.790039        -5.36314948E-09
   139.916824        -5.92776894E-09
   140.043625        -6.41906972E-09
   140.170410        -6.82794976E-09
   140.297211        -7.14647763E-09
   140.423996        -7.36806083E-09
   140.550797        -7.48757589E-09
   140.677582        -7.50147144E-09
   140.804382        -7.40786810E-09
   140.931168        -7.20660287E-09
   141.057968        -6.89925805E-09
   141.184753        -6.48916343E-09
   141.311554        -5.98135630E-09
   141.438339        -5.38252420E-09
   141.565140        -4.70090633E-09
   141.691925        -3.94617672E-09
   141.818726        -3.12929793E-09
   141.945511        -2.26235120E-09
   142.072311        -1.35833911E-09
   142.199097        -4.30982805E-10
   142.325897         5.05505970E-10
   142.452682         1.43666667E-09
   142.579483         2.34802755E-09
   142.706268         3.22536042E-09
   142.833069         4.05492973E-09
   142.959854         4.82373697E-09
   143.086655         5.51976731E-09
   143.213440         6.13220452E-09
   143.340225         6.65165034E-09
   143.467026         7.07032211E-09
   143.593811         7.38221040E-09
   143.720612         7.58322649E-09
   143.847397         7.67132136E-09
   143.974197         7.64655717E-09
   144.100983         7.51115170E-09
   144.227783         7.26948812E-09
   144.354568         6.92808078E-09
   144.481369         6.49550014E-09
   144.608154         5.98226357E-09
   144.734955         5.40066925E-09
   144.861740         4.76461226E-09
   144.988541         4.08934309E-09
   145.115326         3.39120820E-09
   145.242126         2.68733968E-09
   145.368912         1.99533767E-09
   145.495712         1.33291533E-09
   145.622498         7.17538307E-10
   145.749298         1.66043859E-10
   145.876083        -3.05724668E-10
   146.002884        -6.83304580E-10
   146.129669        -9.53956136E-10
   146.256470        -1.10700638E-09
   146.383255        -1.13415743E-09
   146.510056        -1.02974451E-09
   146.636841        -7.90968957E-10
   146.763641        -4.18063029E-10
   146.890427         8.55934490E-11
   147.017212         7.13408943E-10
   147.144012         1.45561552E-09
   147.270798         2.29932384E-09
   147.397598         3.22867222E-09
   147.524384         4.22505408E-09
   147.651184         5.26735322E-09
   147.777969         6.33231956E-09
   147.904770         7.39490558E-09
   148.031555         8.42871639E-09
   148.158356         9.40645961E-09
   148.285141         1.03004334E-08
   148.411942         1.10830287E-08
   148.538727         1.17272334E-08
   148.665527         1.22071295E-08
   148.792313         1.24984032E-08
   148.919113         1.25787842E-08
   149.045898         1.24284991E-08
   149.172699         1.20306618E-08
   149.299484         1.13716467E-08
   149.426285         1.04413909E-08
   149.553070         9.23367161E-09
   149.679871         7.74634223E-09
   149.806656         5.98151706E-09
   149.933456         3.94574950E-09
   150.060242         1.65014835E-09
   150.187042        -8.89491480E-10
   150.313828        -3.65255270E-09
   150.440628        -6.61352040E-09
   150.567413        -9.74180647E-09
   150.694214        -1.30016051E-08
   150.820999        -1.63517289E-08
   150.947784        -1.97453556E-08
   151.074585        -2.31297186E-08
   151.201370        -2.64458766E-08
   151.328171        -2.96282661E-08
   151.454956        -3.26043512E-08
   151.581757        -3.52941676E-08
   151.708542        -3.76098725E-08
   151.835342        -3.94553403E-08
   151.962128        -4.07256557E-08
   152.088928        -4.13067909E-08
   152.215714        -4.10752534E-08
   152.342514        -3.98978592E-08
   152.469299        -3.76316898E-08
   152.596100        -3.41240423E-08
   152.722885        -2.92127726E-08
   152.849686        -2.27267183E-08
   152.976471        -1.44863499E-08
   153.103271        -4.30475255E-09
   153.230057         8.01115529E-09
   153.356857         2.26591688E-08
   153.483643         3.98399536E-08
   153.610443         5.97550311E-08
   153.737228         8.26045223E-08
   153.864029         1.08584302E-07
   153.990814         1.37883703E-07
   154.117615         1.70681901E-07
   154.244400         2.07145462E-07
   154.371201         2.47424538E-07
   154.497986         2.91650025E-07
   154.624771         3.39930239E-07
   154.751572         3.92347857E-07
   154.878357         4.48956712E-07
   155.005157         5.09779397E-07
   155.131943         5.74804289E-07
   155.258743         6.43983981E-07
   155.385529         7.17233888E-07
   155.512329         7.94429923E-07
   155.639114         8.75408489E-07
   155.765915         9.59966201E-07
   155.892700         1.04786034E-06
   156.019501         1.13880913E-06
   156.146286         1.23249424E-06
   156.273087         1.32856235E-06
   156.399872         1.42662748E-06
   156.526672         1.52627490E-06
   156.653458         1.62706328E-06
   156.780258         1.72853026E-06
   156.907043         1.83019620E-06
   157.033844         1.93156848E-06
   157.160629         2.03214563E-06
   157.287430         2.13142357E-06
   157.414215         2.22890048E-06
   157.541016         2.32408183E-06
   157.667801         2.41648331E-06
   157.794601         2.50563585E-06
   157.921387         2.59109311E-06
   158.048187         2.67243240E-06
   158.174973         2.74925719E-06
   158.301773         2.82120300E-06
   158.428558         2.88793967E-06
   158.555344         2.94917254E-06
   158.682144         3.00464399E-06
   158.808929         3.05413437E-06
   158.935730         3.09746565E-06
   159.062515         3.13449573E-06
   159.189316         3.16512433E-06
   159.316101         3.18928846E-06
   159.442902         3.20696154E-06
   159.569687         3.21815537E-06
   159.696487         3.22291248E-06
   159.823273         3.22130745E-06
   159.950073         3.21344783E-06
   160.076859         3.19946616E-06
   160.203659         3.17951913E-06
