  -4.50000000         0.00000000    
  -4.37320757         0.00000000    
  -4.24641466         0.00000000    
  -4.11962223         0.00000000    
  -3.99282932         0.00000000    
  -3.86603665         0.00000000    
  -3.73924398         0.00000000    
  -3.61245155         0.00000000    
  -3.48565888         0.00000000    
  -3.35886621         0.00000000    
  -3.23207355         0.00000000    
  -3.10528088         0.00000000    
  -2.97848821         0.00000000    
  -2.85169554         0.00000000    
  -2.72490287         0.00000000    
  -2.59811020         0.00000000    
  -2.47131753         0.00000000    
  -2.34452486         0.00000000    
  -2.21773219         0.00000000    
  -2.09093952         0.00000000    
  -1.96414697         0.00000000    
  -1.83735430         0.00000000    
  -1.71056163         0.00000000    
  -1.58376896         0.00000000    
  -1.45697629         0.00000000    
  -1.33018374         0.00000000    
  -1.20339108         0.00000000    
  -1.07659841         0.00000000    
 -0.949805737         0.00000000    
 -0.823013067         0.00000000    
 -0.696220458         0.00000000    
 -0.569427788         0.00000000    
 -0.442635119         0.00000000    
 -0.315842479         0.00000000    
 -0.189049825         0.00000000    
  -6.22571707E-02     0.00000000    
   6.45354837E-02     0.00000000    
  0.191328138         0.00000000    
  0.318120778         0.00000000    
  0.444913447         0.00000000    
  0.571706116         0.00000000    
  0.698498726         0.00000000    
  0.825291395         0.00000000    
  0.952084064         0.00000000    
   1.07887673         0.00000000    
   1.20566940         0.00000000    
   1.33246195         0.00000000    
   1.45925462         0.00000000    
   1.58604729         0.00000000    
   1.71283996         0.00000000    
   1.83963263         0.00000000    
   1.96642530         0.00000000    
   2.09321785         0.00000000    
   2.22001052         0.00000000    
   2.34680319         0.00000000    
   2.47359586         0.00000000    
   2.60038853         0.00000000    
   2.72718120         0.00000000    
   2.85397387         0.00000000    
   2.98076653         0.00000000    
   3.10755920         0.00000000    
   3.23435187         0.00000000    
   3.36114454         0.00000000    
   3.48793697         0.00000000    
   3.61472964         0.00000000    
   3.74152231         0.00000000    
   3.86831498         0.00000000    
   3.99510765         0.00000000    
   4.12190056         0.00000000    
   4.24869299         0.00000000    
   4.37548542         0.00000000    
   4.50227833         0.00000000    
   4.62907076         0.00000000    
   4.75586367         0.00000000    
   4.88265610         0.00000000    
   5.00944901         0.00000000    
   5.13624144         0.00000000    
   5.26303434         0.00000000    
   5.38982677         0.00000000    
   5.51661968         0.00000000    
   5.64341211         0.00000000    
   5.77020502         0.00000000    
   5.89699745         0.00000000    
   6.02379036         0.00000000    
   6.15058279         0.00000000    
   6.27737522         0.00000000    
   6.40416813         0.00000000    
   6.53096056         0.00000000    
   6.65775347         0.00000000    
   6.78454590         0.00000000    
   6.91133881         0.00000000    
   7.03813124         0.00000000    
   7.16492414         0.00000000    
   7.29171658         0.00000000    
   7.41850948         0.00000000    
   7.54530191         0.00000000    
   7.67209482         0.00000000    
   7.79888725         0.00000000    
   7.92567968         0.00000000    
   8.05247211         0.00000000    
   8.17926502         0.00000000    
   8.30605793         0.00000000    
   8.43285084         0.00000000    
   8.55964279         0.00000000    
   8.68643570         0.00000000    
   8.81322861         0.00000000    
   8.94002151         0.00000000    
   9.06681347         0.00000000    
   9.19360638         0.00000000    
   9.32039928         0.00000000    
   9.44719219         0.00000000    
   9.57398415         0.00000000    
   9.70077705         0.00000000    
   9.82756996         0.00000000    
   9.95436192         0.00000000    
   10.0811548         0.00000000    
   10.2079477         0.00000000    
   10.3347406         0.00000000    
   10.4615326         0.00000000    
   10.5883255         0.00000000    
   10.7151184         0.00000000    
   10.8419113         0.00000000    
   10.9687033         0.00000000    
   11.0954962         0.00000000    
   11.2222891         0.00000000    
   11.3490820         0.00000000    
   11.4758739         0.00000000    
   11.6026669         0.00000000    
   11.7294598         0.00000000    
   11.8562517         0.00000000    
   11.9830446         0.00000000    
   12.1098375         0.00000000    
   12.2366304         0.00000000    
   12.3634224         0.00000000    
   12.4902153         0.00000000    
   12.6170082         0.00000000    
   12.7438011         0.00000000    
   12.8705931         0.00000000    
   12.9973860         0.00000000    
   13.1241789         0.00000000    
   13.2509708         0.00000000    
   13.3777637         0.00000000    
   13.5045567         0.00000000    
   13.6313496         0.00000000    
   13.7581415         0.00000000    
   13.8849344         0.00000000    
   14.0117273         0.00000000    
   14.1385202         0.00000000    
   14.2653122         0.00000000    
   14.3921051         0.00000000    
   14.5188980         0.00000000    
   14.6456909         0.00000000    
   14.7724829         0.00000000    
   14.8992758         0.00000000    
   15.0260687         0.00000000    
   15.1528606         0.00000000    
   15.2796535         0.00000000    
   15.4064465         0.00000000    
   15.5332394         0.00000000    
   15.6600313         0.00000000    
   15.7868242         0.00000000    
   15.9136171         0.00000000    
   16.0404091         0.00000000    
   16.1672020         0.00000000    
   16.2939949         0.00000000    
   16.4207878         0.00000000    
   16.5475807         0.00000000    
   16.6743736         0.00000000    
   16.8011646         0.00000000    
   16.9279575         0.00000000    
   17.0547504         0.00000000    
   17.1815434         0.00000000    
   17.3083363         0.00000000    
   17.4351292         0.00000000    
   17.5619221         0.00000000    
   17.6887150         0.00000000    
   17.8155060         0.00000000    
   17.9422989         0.00000000    
   18.0690918         0.00000000    
   18.1958847         0.00000000    
   18.3226776         0.00000000    
   18.4494705         0.00000000    
   18.5762634         0.00000000    
   18.7030544         0.00000000    
   18.8298473         0.00000000    
   18.9566402         0.00000000    
   19.0834332         0.00000000    
   19.2102261         0.00000000    
   19.3370190         0.00000000    
   19.4638119         0.00000000    
   19.5906048         0.00000000    
   19.7173958         0.00000000    
   19.8441887         0.00000000    
   19.9709816         0.00000000    
   20.0977745         0.00000000    
   20.2245674         0.00000000    
   20.3513603         0.00000000    
   20.4781532         0.00000000    
   20.6049442         0.00000000    
   20.7317371         0.00000000    
   20.8585300         0.00000000    
   20.9853230         0.00000000    
   21.1121159         0.00000000    
   21.2389088         0.00000000    
   21.3657017         0.00000000    
   21.4924946         0.00000000    
   21.6192856         0.00000000    
   21.7460785         0.00000000    
   21.8728714         0.00000000    
   21.9996643         0.00000000    
   22.1264572         0.00000000    
   22.2532501         0.00000000    
   22.3800430         0.00000000    
   22.5068340         0.00000000    
   22.6336269         0.00000000    
   22.7604198         0.00000000    
   22.8872128         0.00000000    
   23.0140057         0.00000000    
   23.1407986         0.00000000    
   23.2675915         0.00000000    
   23.3943844         0.00000000    
   23.5211754         0.00000000    
   23.6479683         0.00000000    
   23.7747612         0.00000000    
   23.9015541         0.00000000    
   24.0283470         0.00000000    
   24.1551399         0.00000000    
   24.2819328         0.00000000    
   24.4087238         0.00000000    
   24.5355167         0.00000000    
   24.6623096         0.00000000    
   24.7891026         0.00000000    
   24.9158955         0.00000000    
   25.0426884         0.00000000    
   25.1694813         0.00000000    
   25.2962742         0.00000000    
   25.4230652         0.00000000    
   25.5498581         0.00000000    
   25.6766510         0.00000000    
   25.8034439         0.00000000    
   25.9302368         0.00000000    
   26.0570297         0.00000000    
   26.1838226         0.00000000    
   26.3106136         0.00000000    
   26.4374065         0.00000000    
   26.5641994         0.00000000    
   26.6909924         0.00000000    
   26.8177853         0.00000000    
   26.9445782         0.00000000    
   27.0713711         0.00000000    
   27.1981640         0.00000000    
   27.3249550         0.00000000    
   27.4517479         0.00000000    
   27.5785408         0.00000000    
   27.7053337         0.00000000    
   27.8321266         0.00000000    
   27.9589195         0.00000000    
   28.0857124         0.00000000    
   28.2125034         0.00000000    
   28.3392963         0.00000000    
   28.4660892         0.00000000    
   28.5928822         0.00000000    
   28.7196751         0.00000000    
   28.8464680         0.00000000    
   28.9732609         0.00000000    
   29.1000538         2.13534757E-33
   29.2268448         2.99789465E-33
   29.3536377         3.86037010E-33
   29.4804306         2.33908590E-33
   29.6072235        -1.09271141E-32
   29.7340164        -3.63284854E-32
   29.8608093        -6.43834713E-32
   29.9876022        -7.81814299E-32
   30.1143932        -1.24821913E-31
   30.2411861        -2.04960088E-31
   30.3679790        -2.60170425E-31
   30.4947720        -3.21146585E-31
   30.6215649        -3.58569976E-31
   30.7483578        -3.10947667E-31
   30.8751507        -2.24410077E-31
   31.0019417        -8.97049773E-32
   31.1287346         7.62785278E-32
   31.2555275         3.02034763E-31
   31.3823204         5.65260392E-31
   31.5091133         8.48691217E-31
   31.6359062         1.11234849E-30
   31.7626991         1.28096826E-30
   31.8894920         1.31577079E-30
   32.0162849         1.18702698E-30
   32.1430779         9.75029306E-31
   32.2698708         6.00039132E-31
   32.3966637        -3.48667567E-33
   32.5234528        -3.52752877E-31
   32.6502457        -4.27167265E-31
   32.7770386        -1.25304914E-30
   32.9038315        -4.08895315E-30
   33.0306244        -4.43235097E-30
   33.1574173        -4.95559003E-30
   33.2842102        -3.28367896E-30
   33.4110031         1.49773976E-30
   33.5377960         5.59651807E-30
   33.6645889         1.23177258E-29
   33.7913818         1.79475561E-29
   33.9181747         1.87132261E-29
   34.0449677         1.34723374E-29
   34.1717606         4.65775399E-30
   34.2985535        -2.00598280E-30
   34.4253426        -5.33007544E-30
   34.5521355        -8.17765803E-30
   34.6789284        -1.33875934E-29
   34.8057213        -7.30186848E-30
   34.9325142         8.84708270E-30
   35.0593071         3.99135891E-29
   35.1861000         8.49700310E-29
   35.3128929         1.40431337E-28
   35.4396858         1.98273705E-28
   35.5664787         2.61866046E-28
   35.6932716         3.19399255E-28
   35.8200645         3.64660198E-28
   35.9468575         3.87139267E-28
   36.0736504         3.78738072E-28
   36.2004433         3.37676379E-28
   36.3272324         2.67957618E-28
   36.4540253         1.74768489E-28
   36.5808182         5.69727693E-29
   36.7076111        -7.64082011E-29
   36.8344040        -2.19963733E-28
   36.9611969        -3.73209208E-28
   37.0879898        -5.36017263E-28
   37.2147827        -7.03794939E-28
   37.3415756        -8.69073191E-28
   37.4683685        -1.02298205E-27
   37.5951614        -1.15764221E-27
   37.7219543        -1.25779326E-27
   37.8487473        -1.30348778E-27
   37.9755402        -1.27799627E-27
   38.1023293        -1.16710960E-27
   38.2291222        -9.54537006E-28
   38.3559151        -6.28854308E-28
   38.4827080        -1.84772804E-28
   38.6095009         3.76626843E-28
   38.7362938         1.04332758E-27
   38.8630867         1.79584782E-27
   38.9898796         2.60970614E-27
   39.1166725         3.44955855E-27
   39.2434654         4.27490003E-27
   39.3702583         5.03636805E-27
   39.4970512         5.67937019E-27
   39.6238441         6.14590553E-27
   39.7506371         6.36855575E-27
   39.8774300         6.28157844E-27
   40.0042191         5.81857910E-27
   40.1310120         4.91714220E-27
   40.2578049         3.52802247E-27
   40.3845978         1.62074632E-27
   40.5113907        -8.10510091E-28
   40.6381836        -3.74070715E-27
   40.7649765        -7.10479408E-27
   40.8917694        -1.07973495E-26
   41.0185623        -1.46707606E-26
   41.1453552        -1.85371343E-26
   41.2721481        -2.21723594E-26
   41.3989410        -2.53224751E-26
   41.5257339        -2.77121936E-26
   41.6525269        -2.90554882E-26
   41.7793198        -2.90672256E-26
   41.9061089        -2.74786107E-26
   42.0329018        -2.40550946E-26
   42.1596947        -1.86169094E-26
   42.2864876        -1.10624276E-26
   42.4132805        -1.39118567E-27
   42.5400734         1.02729874E-26
   42.6668663         2.36609630E-26
   42.7936592         3.83440819E-26
   42.9204521         5.37251193E-26
   43.0472450         6.90394301E-26
   43.1740379         8.33685954E-26
   43.3008308         9.56683482E-26
   43.4276237         1.04809798E-25
   43.5544167         1.09637528E-25
   43.6812096         1.09041864E-25
   43.8079987         1.02042930E-25
   43.9347916         8.78843372E-26
   44.0615845         6.61292113E-26
   44.1883774         3.67561850E-26
   44.3151703         2.42277750E-28
   44.4419632        -4.23694296E-26
   44.5687561        -8.94269855E-26
   44.6955490        -1.38660929E-25
   44.8223419        -1.87215515E-25
   44.9491348        -2.31726042E-25
   45.0759277        -2.68451609E-25
   45.2027206        -2.93462420E-25
   45.3295135        -3.02884550E-25
   45.4563065        -2.93197141E-25
   45.5830994        -2.61574320E-25
   45.7098885        -2.06254525E-25
   45.8366814        -1.26918192E-25
   45.9634743        -2.50470394E-26
   46.0902672         9.57759784E-26
   46.2170601         2.29645347E-25
   46.3438530         3.68257034E-25
   46.4706459         5.00982980E-25
   46.5974388         6.15154227E-25
   46.7242317         6.96582422E-25
   46.8510246         7.30305930E-25
   46.9778175         7.01609980E-25
   47.1046104         5.97265425E-25
   47.2314034         4.06983152E-25
   47.3581963         1.24981230E-25
   47.4849892        -2.48360357E-25
   47.6117783        -7.04932958E-25
   47.7385712        -1.22749912E-24
   47.8653641        -1.78866499E-24
   47.9921570        -2.35033928E-24
   48.1189499        -2.86386347E-24
   48.2457428        -3.27104014E-24
   48.3725357        -3.50608401E-24
   48.4993286        -3.49868371E-24
   48.6261215        -3.17820679E-24
   48.7529144        -2.47902162E-24
   48.8797073        -1.34681079E-24
   49.0065002         2.54277381E-25
   49.1332932         2.33401873E-24
   49.2600861         4.86846573E-24
   49.3868790         7.79273484E-24
   49.5136681         1.09949453E-23
   49.6404610         1.43120163E-23
   49.7672539         1.75281075E-23
   49.8940468         2.03761873E-23
   50.0208397         2.25440417E-23
   50.1476326         2.36846068E-23
   50.2744255         2.34315386E-23
   50.4012184         2.14199701E-23
   50.5280113         1.73122831E-23
   50.6548042         1.08284657E-23
   50.7815971         1.78006522E-24
   50.9083900        -9.89393765E-24
   51.0351830        -2.40910058E-23
   51.1619759        -4.05112828E-23
   51.2887688        -5.86287609E-23
   51.4155579        -7.76709166E-23
   51.5423508        -9.66095042E-23
   51.6691437        -1.14166740E-22
   51.7959366        -1.28838353E-22
   51.9227295        -1.38938575E-22
   52.0495224        -1.42665785E-22
   52.1763153        -1.38192414E-22
   52.3031082        -1.23776782E-22
   52.4299011        -9.78953349E-23
   52.5566940        -5.93909647E-23
   52.6834869        -7.63327292E-24
   52.8102798         5.73206529E-23
   52.9370728         1.34570709E-22
   53.0638657         2.22237415E-22
   53.1906586         3.17356596E-22
   53.3174477         4.15818428E-22
   53.4442406         5.12364375E-22
   53.5710335         6.00655758E-22
   53.6978264         6.73423569E-22
   53.8246193         7.22708267E-22
   53.9514122         7.40195129E-22
   54.0782051         7.17642694E-22
   54.2049980         6.47398733E-22
   54.3317909         5.22992768E-22
   54.4585838         3.39778068E-22
   54.5853767         9.56038706E-23
   54.7121696        -2.08523705E-22
   54.8389626        -5.67834045E-22
   54.9657555        -9.73279066E-22
   55.0925484        -1.41117467E-21
   55.2193375        -1.86304157E-21
   55.3461304        -2.30569568E-21
   55.4729233        -2.71164325E-21
   55.5997162        -3.04980078E-21
   55.7265091        -3.28657800E-21
   55.8533020        -3.38731814E-21
   55.9800949        -3.31809689E-21
   56.1068878        -3.04782653E-21
   56.2336807        -2.55061546E-21
   56.3604736        -1.80828669E-21
   56.4872665        -8.12947845E-22
   56.6140594         4.30540946E-22
   56.7408524         1.90234496E-21
   56.8676453         3.56586980E-21
   56.9944382         5.36658989E-21
   57.1212273         7.23168224E-21
   57.2480202         9.07061299E-21
   57.3748131         1.07768644E-20
   57.5016060         1.22308614E-20
   57.6283989         1.33042041E-20
   57.7551918         1.38651740E-20
   57.8819847         1.37854254E-20
   58.0087776         1.29477273E-20
   58.1355705         1.12545419E-20
   58.2623634         8.63695467E-21
   58.3891563         5.06374727E-21
   58.5159492         5.49950909E-22
   58.6427422        -4.83565505E-21
   58.7695351        -1.09645916E-20
   58.8963280        -1.76450452E-20
   59.0231171        -2.46210099E-20
   59.1499100        -3.15748475E-20
   59.2767029        -3.81336014E-20
   59.4034958        -4.38794726E-20
   59.5302887        -4.83645105E-20
   59.6570816        -5.11294909E-20
   59.7838745        -5.17265732E-20
   59.9106674        -4.97452074E-20
   60.0374603        -4.48404917E-20
   60.1642532        -3.67625818E-20
   60.2910461        -2.53860809E-20
   60.4178391        -1.07374982E-20
   60.5446320         6.98066847E-21
   60.6714249         2.73715422E-20
   60.7982178         4.98326721E-20
   60.9250069         7.35538888E-20
   61.0517998         9.75259707E-20
   61.1785927         1.20561148E-19
   61.3053856         1.41326406E-19
   61.4321785         1.58389552E-19
   61.5589714         1.70278141E-19
   61.6857643         1.75549414E-19
   61.8125572         1.72869982E-19
   61.9393501         1.61102045E-19
   62.0661430         1.39392612E-19
   62.1929359         1.07262029E-19
   62.3197289         6.46863705E-20
   62.4465218         1.21688551E-20
   62.5733147        -4.92055334E-20
   62.7001076        -1.17736727E-19
   62.8268967        -1.91103485E-19
   62.9536896        -2.66388553E-19
   63.0804825        -3.40137495E-19
   63.2072754        -4.08454885E-19
   63.3340683        -4.67136499E-19
   63.4608612        -5.11836874E-19
   63.5876541        -5.38268758E-19
   63.7144470        -5.42427616E-19
   63.8412399        -5.20835462E-19
   63.9680328        -4.70790466E-19
   64.0948257        -3.90615106E-19
   64.2216187        -2.79885478E-19
   64.3484116        -1.39630246E-19
   64.4752045         2.75170710E-20
   64.6019974         2.17223703E-19
   64.7287903         4.23438900E-19
   64.8555832         6.38456978E-19
   64.9823761         8.53073330E-19
   65.1091690         1.05683666E-18
   65.2359619         1.23839908E-18
   65.3627548         1.38595601E-18
   65.4895477         1.48776963E-18
   65.6163330         1.53275906E-18
   65.7431259         1.51113345E-18
   65.8699188         1.41504650E-18
   65.9967117         1.23923733E-18
   66.1235046         9.81628571E-19
   66.2502975         6.43840424E-19
   66.3770905         2.31588470E-19
   66.5038834        -2.45069808E-19
   66.6306763        -7.71675346E-19
   66.7574692        -1.32951571E-18
   66.8842621        -1.89600570E-18
   67.0110550        -2.44530347E-18
   67.1378479        -2.94916813E-18
   67.2646408        -3.37803853E-18
   67.3914337        -3.70231277E-18
   67.5182266        -3.89378523E-18
   67.6450195        -3.92718844E-18
   67.7718124        -3.78178167E-18
   67.8986053        -3.44290004E-18
   68.0253983        -2.90339568E-18
   68.1521912        -2.16488655E-18
   68.2789841        -1.23870679E-18
   68.4057770        -1.46504634E-19
   68.5325699         1.07959560E-18
   68.6593628         2.39733092E-18
   68.7861557         3.75517954E-18
   68.9129486         5.09377863E-18
   69.0397415         6.34790768E-18
   69.1665344         7.44897648E-18
   69.2933273         8.32795432E-18
   69.4201126         8.91867791E-18
   69.5469055         9.16134788E-18
   69.6736984         9.00615639E-18
   69.8004913         8.41679517E-18
   69.9272842         7.37370470E-18
   70.0540771         5.87685397E-18
   70.1808701         3.94790393E-18
   70.3076630         1.63149940E-18
   70.4344559        -1.00437542E-18
   70.5612488        -3.86918943E-18
   70.6880417        -6.85179882E-18
   70.8148346        -9.82362921E-18
   70.9416275        -1.26430280E-17
   71.0684204        -1.51607516E-17
   71.1952133        -1.72263671E-17
   71.3220062        -1.86954267E-17
   71.4487991        -1.94370950E-17
   71.5755920        -1.93418849E-17
   71.7023849        -1.83292404E-17
   71.8291779        -1.63543996E-17
   71.9559708        -1.34142962E-17
   72.0827637        -9.55201784E-18
   72.2095566        -4.85944622E-18
   72.3363495         5.22151351E-19
   72.4631424         6.40398474E-18
   72.5899353         1.25539878E-17
   72.7167282         1.87037233E-17
   72.8435211         2.45577169E-17
   72.9703140         2.98050711E-17
   73.0971069         3.41330124E-17
   73.2238922         3.72418979E-17
   73.3506851         3.88611272E-17
   73.4774780         3.87652172E-17
   73.6042709         3.67893011E-17
   73.7310638         3.28432294E-17
   73.8578568         2.69234716E-17
   73.9846497         1.91219375E-17
   74.1114426         9.63106653E-18
   74.2382355        -1.25540902E-18
   74.3650284        -1.31466950E-17
   74.4918213        -2.55642005E-17
   74.6186142        -3.79559600E-17
   74.7454071        -4.97161323E-17
   74.8722000        -6.02089812E-17
   74.9989929        -6.87966976E-17
   75.1257858        -7.48701157E-17
   75.2525787        -7.78808414E-17
   75.3793716        -7.73739650E-17
   75.5061646        -7.30191568E-17
   75.6329575        -6.46388908E-17
   75.7597504        -5.22322106E-17
   75.8865433        -3.59920512E-17
   76.0133362        -1.63152939E-17
   76.1401291         6.19631526E-18
   76.2669220         3.07447847E-17
   76.3937149         5.63547563E-17
   76.5205078         8.19024281E-17
   76.6473007         1.06154854E-16
   76.7740936         1.27817550E-16
   76.9008865         1.45590048E-16
   77.0276718         1.58226813E-16
   77.1544647         1.64601279E-16
   77.2812576         1.63770459E-16
   77.4080505         1.55037033E-16
   77.5348434         1.38005516E-16
   77.6616364         1.12629746E-16
   77.7884293         7.92484489E-17
   77.9152222         3.86060114E-17
   78.0420151        -8.14359478E-18
   78.1688080        -5.94515948E-17
   78.2956009        -1.13408725E-16
   78.4223938        -1.67799622E-16
   78.5491867        -2.20175627E-16
   78.6759796        -2.67945903E-16
   78.8027725        -3.08481935E-16
   78.9295654        -3.39234313E-16
   79.0563583        -3.57855459E-16
   79.1831512        -3.62323981E-16
   79.3099442        -3.51065934E-16
   79.4367371        -3.23064772E-16
   79.5635300        -2.77957329E-16
   79.6903229        -2.16107169E-16
   79.8171158        -1.38652305E-16
   79.9439087        -4.75219034E-17
   80.0707016         5.45815557E-17
   80.1974945         1.64234924E-16
   80.3242874         2.77385238E-16
   80.4510803         3.89474299E-16
   80.5778732         4.95597177E-16
   80.7046585         5.90688431E-16
   80.8314514         6.69729787E-16
   80.9582443         7.27972832E-16
   81.0850372         7.61167470E-16
   81.2118301         7.65784859E-16
   81.3386230         7.39228364E-16
   81.4654160         6.80016738E-16
   81.5922089         5.87934145E-16
   81.7190018         4.64136733E-16
   81.8457947         3.11204828E-16
   81.9725876         1.33139193E-16
   82.0993805        -6.47060380E-17
   82.2261734        -2.75753932E-16
   82.3529663        -4.92397299E-16
   82.4797592        -7.06249560E-16
   82.6065521        -9.08447812E-16
   82.7333450        -1.08999556E-15
   82.8601379        -1.24213549E-15
   82.9869308        -1.35673809E-15
   83.1137238        -1.42668650E-15
   83.2405167        -1.44624364E-15
   83.3673096        -1.41138379E-15
   83.4941025        -1.32007131E-15
   83.6208954        -1.17246978E-15
   83.7476883        -9.71069276E-16
   83.8744812        -7.20718683E-16
   84.0012741        -4.28561852E-16
   84.1280670        -1.03864034E-16
   84.2548599         2.42261164E-16
   84.3816528         5.97223343E-16
   84.5084381         9.47410904E-16
   84.6352310         1.27872445E-15
   84.7620239         1.57715470E-15
   84.8888168         1.82939487E-15
   85.0156097         2.02345393E-15
   85.1424026         2.14924658E-15
   85.2691956         2.19913343E-15
   85.3959885         2.16837724E-15
   85.5227814         2.05549528E-15
   85.6495743         1.86248569E-15
   85.7763672         1.59490565E-15
   85.9031601         1.26178972E-15
   86.0299530         8.75408180E-16
   86.1567459         4.50849909E-16
   86.2835388         5.46766261E-18
   86.4103317        -4.41831973E-16
   86.5371246        -8.71404573E-16
   86.6639175        -1.26376596E-15
   86.7907104        -1.60054636E-15
   86.9175034        -1.86543612E-15
   87.0442963        -2.04510557E-15
   87.1710892        -2.13002189E-15
   87.2978821        -2.11515287E-15
   87.4246750        -2.00047435E-15
   87.5514679        -1.79128347E-15
   87.6782608        -1.49826089E-15
   87.8050537        -1.13726063E-15
   87.9318466        -7.28847658E-16
   88.0586395        -2.97525961E-16
   88.1854324         1.29256248E-16
   88.3122177         5.22355637E-16
   88.4390106         8.52367667E-16
   88.5658035         1.09120650E-15
   88.6925964         1.21373003E-15
   88.8193893         1.19940829E-15
   88.9461823         1.03387656E-15
   89.0729752         7.10343482E-16
   89.1997681         2.30758377E-16
   89.3265610        -3.93357813E-16
   89.4533539        -1.14045204E-15
   89.5801468        -1.97896119E-15
   89.7069397        -2.86779648E-15
   89.8337326        -3.75737547E-15
   89.9605255        -4.59115236E-15
   90.0873184        -5.30768421E-15
   90.2141113        -5.84312507E-15
   90.3409042        -6.13413298E-15
   90.4676971        -6.12106665E-15
   90.5944901        -5.75136684E-15
   90.7212830        -4.98299530E-15
   90.8480759        -3.78774203E-15
   90.9748688        -2.15433386E-15
   91.1016617        -9.10369637E-17
   91.2284546         2.37224240E-15
   91.3552475         5.18265579E-15
   91.4820404         8.26394227E-15
   91.6088333         1.15169545E-14
   91.7356262         1.48212572E-14
   91.8624191         1.80377801E-14
   91.9892120         2.10126275E-14
   92.1159973         2.35819089E-14
   92.2427902         2.55775676E-14
   92.3695831         2.68339292E-14
   92.4963760         2.71950245E-14
   92.6231689         2.65221703E-14
   92.7499619         2.47017203E-14
   92.8767548         2.16526202E-14
   93.0035477         1.73334671E-14
   93.1303406         1.17486316E-14
   93.2571335         4.95333051E-15
   93.3839264        -2.94294334E-15
   93.5107193        -1.17747151E-14
   93.6375122        -2.13208815E-14
   93.7643051        -3.13072525E-14
   93.8910980        -4.14114950E-14
   94.0178909        -5.12703893E-14
   94.1446838        -6.04894281E-14
   94.2714767        -6.86545750E-14
   94.3982697        -7.53459524E-14
   94.5250626        -8.01530202E-14
   94.6518555        -8.26910426E-14
   94.7786484        -8.26179335E-14
   94.9054413        -7.96513869E-14
   95.0322342        -7.35850928E-14
   95.1590271        -6.43039292E-14
   95.2858200        -5.17969592E-14
   95.4126129        -3.61678833E-14
   95.5394058        -1.76421953E-14
   95.6661987         3.42954238E-15
   95.7929916         2.65726365E-14
   95.9197769         5.11938650E-14
   96.0465698         7.65919378E-14
   96.1733627         1.01972609E-13
   96.3001556         1.26468809E-13
   96.4269485         1.49164670E-13
   96.5537415         1.69123775E-13
   96.6805344         1.85420337E-13
   96.8073273         1.97172438E-13
   96.9341202         2.03576766E-13
   97.0609131         2.03943118E-13
   97.1877060         1.97727807E-13
   97.3144989         1.84564441E-13
   97.4412918         1.64291188E-13
   97.5680847         1.36972302E-13
   97.6948776         1.02914185E-13
   97.8216705         6.26735670E-14
   97.9484634         1.70579120E-14
   98.0752563        -3.28831438E-14
   98.2020493        -8.58752021E-14
   98.3288422        -1.40445652E-13
   98.4556351        -1.94959012E-13
   98.5824280        -2.47660372E-13
   98.7092209        -2.96726077E-13
   98.8360138        -3.40320030E-13
   98.9628067        -3.76654518E-13
   99.0895996        -4.04053283E-13
   99.2163925        -4.21014867E-13
   99.3431854        -4.26274548E-13
   99.4699783        -4.18861343E-13
   99.5967712        -3.98149423E-13
   99.7235565        -3.63900397E-13
   99.8503494        -3.16295574E-13
   99.9771423        -2.55954925E-13
   100.103935        -1.83943694E-13
   100.230728        -1.01763168E-13
   100.357521        -1.13267482E-14
   100.484314         8.50793638E-14
   100.611107         1.84850168E-13
   100.737900         2.85129450E-13
   100.864693         3.82889548E-13
   100.991486         4.75020576E-13
   101.118279         5.58427545E-13
   101.245071         6.30131093E-13
   101.371864         6.87369378E-13
   101.498657         7.27697741E-13
   101.625450         7.49082274E-13
   101.752243         7.49982867E-13
   101.879036         7.29425201E-13
   102.005829         6.87054905E-13
   102.132622         6.23173984E-13
   102.259415         5.38758003E-13
   102.386208         4.35448417E-13
   102.513000         3.15526061E-13
   102.639793         1.81859112E-13
   102.766586         3.78318796E-14
   102.893379        -1.12747302E-13
   103.020172        -2.65754351E-13
   103.146965        -4.16872185E-13
   103.273758        -5.61722869E-13
   103.400551        -6.96005645E-13
   103.527336        -8.15635537E-13
   103.654129        -9.16878119E-13
   103.780922        -9.96475363E-13
   103.907715        -1.05175721E-12
   104.034508        -1.08073717E-12
   104.161301        -1.08218295E-12
   104.288094        -1.05566619E-12
   104.414886        -1.00158185E-12
   104.541679        -9.21142286E-13
   104.668472        -8.16339888E-13
   104.795265        -6.89886353E-13
   104.922058        -5.45122432E-13
   105.048851        -3.85908617E-13
   105.175644        -2.16494723E-13
   105.302437        -4.13778068E-14
   105.429230         1.34849827E-13
   105.556023         3.07653995E-13
   105.682816         4.72708461E-13
   105.809608         6.26037416E-13
   105.936401         7.64139132E-13
   106.063194         8.84093146E-13
   106.189987         9.83640253E-13
   106.316780         1.06123595E-12
   106.443573         1.11607154E-12
   106.570366         1.14806840E-12
   106.697159         1.15783641E-12
   106.823952         1.14660592E-12
   106.950745         1.11613453E-12
   107.077538         1.06858999E-12
   107.204330         1.00641923E-12
   107.331116         9.32206569E-13
   107.457909         8.48527954E-13
   107.584702         7.57812649E-13
   107.711494         6.62211551E-13
   107.838287         5.63489576E-13
   107.965080         4.62937251E-13
   108.091873         3.61316446E-13
   108.218666         2.58836951E-13
   108.345459         1.55170500E-13
   108.472252         4.95011814E-14
   108.599045        -5.93877906E-14
   108.725838        -1.72995583E-13
   108.852631        -2.92956712E-13
   108.979424        -4.20870831E-13
   109.106216        -5.58120553E-13
   109.233009        -7.05685564E-13
   109.359802        -8.63956367E-13
   109.486595        -1.03257008E-12
   109.613388        -1.21026648E-12
   109.740181        -1.39478023E-12
   109.866974        -1.58277601E-12
   109.993767        -1.76983515E-12
   110.120560        -1.95049402E-12
   110.247353        -2.11834521E-12
   110.374146        -2.26619288E-12
   110.500938        -2.38626501E-12
   110.627731        -2.47047868E-12
   110.754524        -2.51074508E-12
   110.881317        -2.49930892E-12
   111.008102        -2.42910791E-12
   111.134895        -2.29413775E-12
   111.261688        -2.08981118E-12
   111.388481        -1.81328357E-12
   111.515274        -1.46374688E-12
   111.642067        -1.04266379E-12
   111.768860        -5.53929678E-13
   111.895653        -3.95482478E-15
   112.022446         5.98339683E-13
   112.149239         1.24162551E-12
   112.276031         1.91236718E-12
   112.402824         2.59511271E-12
   112.529617         3.27287676E-12
   112.656410         3.92759696E-12
   112.783203         4.54065952E-12
   112.909996         5.09345907E-12
   113.036789         5.56799962E-12
   113.163582         5.94748990E-12
   113.290375         6.21691414E-12
   113.417168         6.36357156E-12
   113.543961         6.37754563E-12
   113.670753         6.25208956E-12
   113.797546         5.98391042E-12
   113.924339         5.57330961E-12
   114.051132         5.02427310E-12
   114.177925         4.34433479E-12
   114.304718         3.54439156E-12
   114.431511         2.63836002E-12
   114.558304         1.64273987E-12
   114.685097         5.76085241E-13
   114.811882        -5.41586199E-13
   114.938675        -1.68942117E-12
   115.065468        -2.84637808E-12
   115.192261        -3.99183768E-12
   115.319054        -5.10618414E-12
   115.445847        -6.17128484E-12
   115.572639        -7.17090319E-12
   115.699432        -8.09093504E-12
   115.826225        -8.91957602E-12
   115.953018        -9.64726996E-12
   116.079811        -1.02665949E-11
   116.206604        -1.07719372E-11
   116.333397        -1.11590667E-11
   116.460190        -1.14247023E-11
   116.586983        -1.15658533E-11
   116.713776        -1.15792983E-11
   116.840569        -1.14609502E-11
   116.967361        -1.12053916E-11
   117.094154        -1.08054269E-11
   117.220947        -1.02518436E-11
   117.347740        -9.53332118E-12
   117.474533        -8.63659925E-12
   117.601326        -7.54684509E-12
   117.728119        -6.24832651E-12
   117.854912        -4.72530392E-12
   117.981705        -2.96318135E-12
   118.108498        -9.49880365E-13
   118.235291         1.32263764E-12
   118.362083         3.85668450E-12
   118.488876         6.64718020E-12
   118.615662         9.67992700E-12
   118.742455         1.29300867E-11
   118.869247         1.63608242E-11
   118.996040         1.99222392E-11
   119.122833         2.35507083E-11
   119.249626         2.71687655E-11
   119.376419         3.06853813E-11
   119.503212         3.39970170E-11
   119.630005         3.69892138E-11
   119.756798         3.95388444E-11
   119.883591         4.15170814E-11
   120.010384         4.27929289E-11
   120.137177         4.32373061E-11
   120.263969         4.27275888E-11
   120.390762         4.11524738E-11
   120.517555         3.84171306E-11
   120.644348         3.44481908E-11
   120.771141         2.91988066E-11
   120.897934         2.26532109E-11
   121.024727         1.48308293E-11
   121.151520         5.78963006E-12
   121.278313        -4.37143247E-12
   121.405106        -1.55110109E-11
   121.531898        -2.74452457E-11
   121.658691        -3.99488845E-11
   121.785484        -5.27578745E-11
   121.912277        -6.55733245E-11
   122.039070        -7.80669349E-11
   122.165863        -8.98877292E-11
   122.292656        -1.00670125E-10
   122.419441        -1.10042968E-10
   122.546234        -1.17639523E-10
   122.673027        -1.23108065E-10
   122.799820        -1.26123001E-10
   122.926613        -1.26395658E-10
   123.053406        -1.23685270E-10
   123.180199        -1.17808985E-10
   123.306992        -1.08651206E-10
   123.433784        -9.61713764E-11
   123.560577        -8.04104769E-11
   123.687370        -6.14955309E-11
   123.814163        -3.96420952E-11
   123.940956        -1.51544489E-11
   124.067749         1.15763961E-11
   124.194542         4.00773546E-11
   124.321335         6.98001656E-11
   124.448128         1.00130633E-10
   124.574921         1.30399899E-10
   124.701714         1.59898220E-10
   124.828506         1.87889607E-10
   124.955299         2.13628559E-10
   125.082092         2.36377473E-10
   125.208885         2.55424543E-10
   125.335678         2.70102052E-10
   125.462471         2.79804263E-10
   125.589264         2.84004514E-10
   125.716057         2.82271151E-10
   125.842850         2.74282180E-10
   125.969643         2.59837235E-10
   126.096436         2.38868231E-10
   126.223221         2.11446388E-10
   126.350014         1.77787257E-10
   126.476807         1.38252271E-10
   126.603600         9.33474201E-11
   126.730392         4.37187578E-11
   126.857185        -9.85524943E-12
   126.983978        -6.64743052E-11
   127.110771        -1.25129740E-10
   127.237564        -1.84720378E-10
   127.364357        -2.44071124E-10
   127.491150        -3.01953490E-10
   127.617943        -3.57107260E-10
   127.744736        -4.08264811E-10
   127.871529        -4.54174670E-10
   127.998322        -4.93626917E-10
   128.125107        -5.25478494E-10
   128.251907        -5.48677381E-10
   128.378693        -5.62286995E-10
   128.505493        -5.65509362E-10
   128.632278        -5.57705826E-10
   128.759079        -5.38417144E-10
   128.885864        -5.07380304E-10
   129.012665        -4.64543015E-10
   129.139450        -4.10075335E-10
   129.266251        -3.44378026E-10
   129.393036        -2.68086914E-10
   129.519836        -1.82073759E-10
   129.646622        -8.74431638E-11
   129.773422         1.44750652E-11
   129.900208         1.22137855E-10
   130.027008         2.33805142E-10
   130.153793         3.47560453E-10
   130.280594         4.61336386E-10
   130.407379         5.72944248E-10
   130.534180         6.80107304E-10
   130.660965         7.80498499E-10
   130.787766         8.71781258E-10
   130.914551         9.51652868E-10
   131.041351         1.01789110E-09
   131.168137         1.06840148E-09
   131.294937         1.10126497E-09
   131.421722         1.11478782E-09
   131.548523         1.10754750E-09
   131.675308         1.07843856E-09
   131.802109         1.02671327E-09
   131.928894         9.52020907E-10
   132.055679         8.54438575E-10
   132.182480         7.34496963E-10
   132.309265         5.93199045E-10
   132.436066         4.32029246E-10
   132.562851         2.52953575E-10
   132.689651         5.84103529E-11
   132.816437        -1.48710114E-10
   132.943237        -3.65096037E-10
   133.070023        -5.87055737E-10
   133.196823        -8.10569833E-10
   133.323608        -1.03135278E-09
   133.450409        -1.24492450E-09
   133.577194        -1.44668977E-09
   133.703995        -1.63202585E-09
   133.830780        -1.79637250E-09
   133.957581        -1.93533056E-09
   134.084366        -2.04475836E-09
   134.211166        -2.12086970E-09
   134.337952        -2.16033103E-09
   134.464752        -2.16034990E-09
   134.591537        -2.11876316E-09
   134.718338        -2.03410977E-09
   134.845123        -1.90569760E-09
   134.971924        -1.73365611E-09
   135.098709        -1.51897472E-09
   135.225510        -1.26352362E-09
   135.352295        -9.70061365E-10
   135.479095        -6.42223108E-10
   135.605881        -2.84488794E-10
   135.732666         9.78631551E-11
   135.859467         4.98821540E-10
   135.986252         9.11726306E-10
   136.113052         1.32936628E-09
   136.239838         1.74409198E-09
   136.366638         2.14794338E-09
   136.493423         2.53278420E-09
   136.620224         2.89044921E-09
   136.747009         3.21289373E-09
   136.873810         3.49234708E-09
   137.000595         3.72147047E-09
   137.127396         3.89350463E-09
   137.254181         4.00242328E-09
   137.380981         4.04306411E-09
   137.507767         4.01126776E-09
   137.634567         3.90398469E-09
   137.761353         3.71937969E-09
   137.888153         3.45691609E-09
   138.014938         3.11741766E-09
   138.141739         2.70311307E-09
   138.268524         2.21765428E-09
   138.395325         1.66611858E-09
   138.522110         1.05497955E-09
   138.648911         3.92058774E-10
   138.775696        -3.13546161E-10
   138.902496        -1.05156150E-09
   139.029282        -1.81065563E-09
   139.156082        -2.57858179E-09
   139.282867        -3.34234063E-09
   139.409653        -4.08836121E-09
   139.536453        -4.80269957E-09
   139.663239        -5.47125367E-09
   139.790039        -6.07998718E-09
   139.916824        -6.61516619E-09
   140.043625        -7.06359682E-09
   140.170410        -7.41287698E-09
   140.297211        -7.65163044E-09
   140.423996        -7.76975462E-09
   140.550797        -7.75864439E-09
   140.677582        -7.61141816E-09
   140.804382        -7.32311189E-09
   140.931168        -6.89086610E-09
   141.057968        -6.31408170E-09
   141.184753        -5.59454216E-09
   141.311554        -4.73651518E-09
   141.438339        -3.74680953E-09
   141.565140        -2.63479349E-09
   141.691925        -1.41237733E-09
   141.818726        -9.39450878E-11
   141.945511         1.30375433E-09
   142.072311         2.76176282E-09
   142.199097         4.25911484E-09
   142.325897         5.77308112E-09
   142.452682         7.27946370E-09
   142.579483         8.75291217E-09
   142.706268         1.01673034E-08
   142.833069         1.14961267E-08
   142.959854         1.27129107E-08
   143.086655         1.37916700E-08
   143.213440         1.47073553E-08
   143.340225         1.54363118E-08
   143.467026         1.59567506E-08
   143.593811         1.62491922E-08
   143.720612         1.62968856E-08
   143.847397         1.60862275E-08
   143.974197         1.56071120E-08
   144.100983         1.48532617E-08
   144.227783         1.38224951E-08
   144.354568         1.25169359E-08
   144.481369         1.09431637E-08
   144.608154         9.11229225E-09
   144.734955         7.03996328E-09
   144.861740         4.74629358E-09
   144.988541         2.25571317E-09
   145.115326        -4.03258510E-10
   145.242126        -3.19831051E-09
   145.368912        -6.09371575E-09
   145.495712        -9.05077080E-09
   145.622498        -1.20283108E-08
   145.749298        -1.49832537E-08
   145.876083        -1.78712298E-08
   146.002884        -2.06472208E-08
   146.129669        -2.32662334E-08
   146.256470        -2.56840114E-08
   146.383255        -2.78577303E-08
   146.510056        -2.97467029E-08
   146.636841        -3.13130677E-08
   146.763641        -3.25224576E-08
   146.890427        -3.33445982E-08
   147.017212        -3.37539205E-08
   147.144012        -3.37300357E-08
   147.270798        -3.32582246E-08
   147.397598        -3.23297726E-08
   147.524384        -3.09422887E-08
   147.651184        -2.90998674E-08
   147.777969        -2.68132236E-08
   147.904770        -2.40996663E-08
   148.031555        -2.09830198E-08
   148.158356        -1.74934165E-08
   148.285141        -1.36669902E-08
   148.411942        -9.54550039E-09
   148.538727        -5.17581267E-09
   148.665527        -6.09356399E-10
   148.792313         4.09855438E-09
   148.919113         8.88942342E-09
   149.045898         1.37023637E-08
   149.172699         1.84749158E-08
   149.299484         2.31439063E-08
   149.426285         2.76463243E-08
   149.553070         3.19201980E-08
   149.679871         3.59054546E-08
   149.806656         3.95447550E-08
   149.933456         4.27842899E-08
   150.060242         4.55745059E-08
   150.187042         4.78707207E-08
   150.313828         4.96337087E-08
   150.440628         5.08301277E-08
   150.567413         5.14328491E-08
   150.694214         5.14211145E-08
   150.820999         5.07806028E-08
   150.947784         4.95033561E-08
   151.074585         4.75874167E-08
   151.201370         4.50365185E-08
   151.328171         4.18594190E-08
   151.454956         3.80692349E-08
   151.581757         3.36825217E-08
   151.708542         2.87182775E-08
   151.835342         2.31968329E-08
   151.962128         1.71385572E-08
   152.088928         1.05626263E-08
   152.215714         3.48557072E-09
   152.342514        -4.08009670E-09
   152.469299        -1.21273054E-08
   152.596100        -2.06558077E-08
   152.722885        -2.96735134E-08
   152.849686        -3.91977579E-08
   152.976471        -4.92563608E-08
   153.103271        -5.98886700E-08
   153.230057        -7.11462818E-08
   153.356857        -8.30936671E-08
   153.483643        -9.58084527E-08
   153.610443        -1.09381531E-07
   153.737228        -1.23916905E-07
   153.864029        -1.39531082E-07
   153.990814        -1.56352385E-07
   154.117615        -1.74519911E-07
   154.244400        -1.94182007E-07
   154.371201        -2.15494723E-07
   154.497986        -2.38619862E-07
   154.624771        -2.63722825E-07
   154.751572        -2.90970178E-07
   154.878357        -3.20527221E-07
   155.005157        -3.52554991E-07
   155.131943        -3.87207706E-07
   155.258743        -4.24629945E-07
   155.385529        -4.64953558E-07
   155.512329        -5.08295045E-07
   155.639114        -5.54752603E-07
   155.765915        -6.04403851E-07
   155.892700        -6.57303190E-07
   156.019501        -7.13479608E-07
   156.146286        -7.72935323E-07
   156.273087        -8.35643334E-07
   156.399872        -9.01546912E-07
   156.526672        -9.70558631E-07
   156.653458        -1.04255889E-06
   156.780258        -1.11739803E-06
   156.907043        -1.19489414E-06
   157.033844        -1.27483531E-06
   157.160629        -1.35697985E-06
   157.287430        -1.44105809E-06
   157.414215        -1.52677433E-06
   157.541016        -1.61380910E-06
   157.667801        -1.70181988E-06
   157.794601        -1.79044571E-06
   157.921387        -1.87930880E-06
   158.048187        -1.96801830E-06
   158.174973        -2.05617221E-06
   158.301773        -2.14336183E-06
   158.428558        -2.22917379E-06
   158.555344        -2.31319541E-06
   158.682144        -2.39501537E-06
   158.808929        -2.47422849E-06
   158.935730        -2.55043869E-06
   159.062515        -2.62326284E-06
   159.189316        -2.69233169E-06
   159.316101        -2.75729531E-06
   159.442902        -2.81782468E-06
   159.569687        -2.87361468E-06
   159.696487        -2.92438631E-06
   159.823273        -2.96988810E-06
   159.950073        -3.00990223E-06
   160.076859        -3.04424157E-06
   160.203659        -3.07275513E-06
