  -4.50000000         0.00000000    
  -4.37320757         0.00000000    
  -4.24641466         0.00000000    
  -4.11962223         0.00000000    
  -3.99282932        -2.71006631E-25
  -3.86603665         4.42091333E-22
  -3.73924398         2.59980443E-21
  -3.61245155         5.59209677E-21
  -3.48565888        -1.85248350E-21
  -3.35886621        -4.32850399E-20
  -3.23207355        -1.18877176E-19
  -3.10528088        -1.02767943E-19
  -2.97848821         4.02222260E-19
  -2.85169554         2.12551524E-18
  -2.72490287         5.88767349E-18
  -2.59811020         1.18625848E-17
  -2.47131753         1.83746080E-17
  -2.34452486         2.07045772E-17
  -2.21773219         1.09091987E-17
  -2.09093952        -2.00394446E-17
  -1.96414697        -7.68975817E-17
  -1.83735430        -1.52243293E-16
  -1.71056163        -2.19341895E-16
  -1.58376896        -2.31767590E-16
  -1.45697629        -1.36270369E-16
  -1.33018374         9.86102787E-17
  -1.20339108         4.44755348E-16
  -1.07659841         7.85282128E-16
 -0.949805737         9.18503470E-16
 -0.823013067         6.14430553E-16
 -0.696220458        -2.77064689E-16
 -0.569427788        -1.69756403E-15
 -0.442635119        -3.28844596E-15
 -0.315842479        -4.39972037E-15
 -0.189049825        -4.23813401E-15
  -6.22571707E-02    -2.14228375E-15
   6.45354837E-02     2.08592705E-15
  0.191328138         7.90426498E-15
  0.318120778         1.39208959E-14
  0.444913447         1.80281002E-14
  0.571706116         1.77899755E-14
  0.698498726         1.10265597E-14
  0.825291395        -3.51657671E-15
  0.952084064        -2.55563562E-14
   1.07887673        -5.28729519E-14
   1.20566940        -8.12721879E-14
   1.33246195        -1.05026854E-13
   1.45925462        -1.17843438E-13
   1.58604729        -1.14281685E-13
   1.71283996        -9.14009401E-14
   1.83963263        -5.02613020E-14
   1.96642530         3.16612827E-15
   2.09321785         5.80750590E-14
   2.22001052         1.00089967E-13
   2.34680319         1.13637642E-13
   2.47359586         8.50495347E-14
   2.60038853         5.82607599E-15
   2.72718120        -1.24526162E-13
   2.85397387        -2.96543036E-13
   2.98076653        -4.89988041E-13
   3.10755920        -6.74266036E-13
   3.23435187        -8.10130717E-13
   3.36114454        -8.52856848E-13
   3.48793697        -7.57156870E-13
   3.61472964        -4.84080874E-13
   3.74152231        -9.76593752E-15
   3.86831498         6.64769021E-13
   3.99510765         1.50443481E-12
   4.12190056         2.43379058E-12
   4.24869299         3.33611719E-12
   4.37548542         4.05965669E-12
   4.50227833         4.43151939E-12
   4.62907076         4.27797164E-12
   4.75586367         3.44823692E-12
   4.88265610         1.83783999E-12
   5.00944901        -5.92537087E-13
   5.13624144        -3.80597680E-12
   5.26303434        -7.68786337E-12
   5.38982677        -1.20544677E-11
   5.51661968        -1.66706527E-11
   5.64341211        -2.12750737E-11
   5.77020502        -2.56106195E-11
   5.89699745        -2.94573289E-11
   6.02379036        -3.26641908E-11
   6.15058279        -3.51751094E-11
   6.27737522        -3.70436216E-11
   6.40416813        -3.84312200E-11
   6.53096056        -3.95862093E-11
   6.65775347        -4.08040129E-11
   6.78454590        -4.23755267E-11
   6.91133881        -4.45353372E-11
   7.03813124        -4.74255461E-11
   7.16492414        -5.10908711E-11
   7.29171658        -5.55165740E-11
   7.41850948        -6.07132400E-11
   7.54530191        -6.68432393E-11
   7.67209482        -7.43769143E-11
   7.79888725        -8.42646300E-11
   7.92567968        -9.81143292E-11
   8.05247211        -1.18376489E-10
   8.17926502        -1.48548895E-10
   8.30605793        -1.93426844E-10
   8.43285084        -2.59423927E-10
   8.55964279        -3.54977853E-10
   8.68643570        -4.91029217E-10
   8.81322861        -6.81514900E-10
   8.94002151        -9.43765843E-10
   9.06681347        -1.29864319E-09
   9.19360638        -1.77019799E-09
   9.32039928        -2.38460629E-09
   9.44719219        -3.16813753E-09
   9.57398415        -4.14394430E-09
   9.70077705        -5.32754241E-09
   9.82756996        -6.72097578E-09
   9.95436192        -8.30580138E-09
   10.0811548        -1.00352340E-08
   10.2079477        -1.18259829E-08
   10.3347406        -1.35504443E-08
   10.4615326        -1.50302100E-08
   10.5883255        -1.60317395E-08
   10.7151184        -1.62653535E-08
   10.8419113        -1.53884301E-08
   10.9687033        -1.30136950E-08
   11.0954962        -8.72323902E-09
   11.2222891        -2.08858042E-09
   11.3490820         7.30336369E-09
   11.4758739         1.98189944E-08
   11.6026669         3.57426906E-08
   11.7294598         5.52392940E-08
   11.8562517         7.83171075E-08
   11.9830446         1.04794879E-07
   12.1098375         1.34276931E-07
   12.2366304         1.66141021E-07
   12.3634224         1.99544999E-07
   12.4902153         2.33457129E-07
   12.6170082         2.66715944E-07
   12.7438011         2.98124888E-07
   12.8705931         3.26586104E-07
   12.9973860         3.51275730E-07
   13.1241789         3.71862342E-07
   13.2509708         3.88767688E-07
   13.3777637         4.03465236E-07
   13.5045567         4.18810743E-07
   13.6313496         4.39395933E-07
   13.7581415         4.71912557E-07
   13.8849344         5.25512007E-07
   14.0117273         6.12146266E-07
   14.1385202         7.46868352E-07
   14.2653122         9.48076035E-07
   14.3921051         1.23768029E-06
   14.5188980         1.64117785E-06
   14.6456909         2.18761329E-06
   14.7724829         2.90942057E-06
   14.8992758         3.84213081E-06
   15.0260687         5.02394369E-06
   15.1528606         6.49516278E-06
   15.2796535         8.29749843E-06
   15.4064465         1.04732608E-05
   15.5332394         1.30644366E-05
   15.6600313         1.61117096E-05
   15.7868242         1.96533692E-05
   15.9136171         2.37242857E-05
   16.0404091         2.83547615E-05
   16.1672020         3.35695549E-05
   16.2939949         3.93867849E-05
   16.4207878         4.58171162E-05
   16.5475807         5.28628625E-05
   16.6743736         6.05173263E-05
   16.8011646         6.87642605E-05
   16.9279575         7.75774315E-05
   17.0547504         8.69204014E-05
   17.1815434         9.67464148E-05
   17.3083363         1.06998436E-04
   17.4351292         1.17609452E-04
   17.5619221         1.28502797E-04
   17.6887150         1.39592812E-04
   17.8155060         1.50785374E-04
   17.9422989         1.61978896E-04
   18.0690918         1.73065404E-04
   18.1958847         1.83931523E-04
   18.3226776         1.94460110E-04
   18.4494705         2.04531549E-04
   18.5762634         2.14025553E-04
   18.7030544         2.22823015E-04
   18.8298473         2.30808073E-04
   18.9566402         2.37870103E-04
   19.0834332         2.43906179E-04
   19.2102261         2.48823169E-04
   19.3370190         2.52540165E-04
   19.4638119         2.54990911E-04
   19.5906048         2.56125466E-04
   19.7173958         2.55912717E-04
   19.8441887         2.54341809E-04
   19.9709816         2.51423568E-04
   20.0977745         2.47191114E-04
   20.2245674         2.41700662E-04
   20.3513603         2.35030922E-04
   20.4781532         2.27282464E-04
   20.6049442         2.18576402E-04
   20.7317371         2.09051854E-04
   20.8585300         1.98863694E-04
   20.9853230         1.88179038E-04
   21.1121159         1.77173613E-04
   21.2389088         1.66027734E-04
   21.3657017         1.54921727E-04
   21.4924946         1.44031743E-04
   21.6192856         1.33525464E-04
   21.7460785         1.23557635E-04
   21.8728714         1.14266579E-04
   21.9996643         1.05770807E-04
   22.1264572         9.81663688E-05
   22.2532501         9.15249693E-05
   22.3800430         8.58928543E-05
   22.5068340         8.12905346E-05
   22.6336269         7.77136229E-05
   22.7604198         7.51338084E-05
   22.8872128         7.35013018E-05
   23.0140057         7.27476727E-05
   23.1407986         7.27889637E-05
   23.2675915         7.35295034E-05
   23.3943844         7.48657985E-05
   23.5211754         7.66907833E-05
   23.6479683         7.88974139E-05
   23.7747612         8.13825318E-05
   23.9015541         8.40503271E-05
   24.0283470         8.68148927E-05
   24.1551399         8.96025304E-05
   24.2819328         9.23534826E-05
   24.4087238         9.50228132E-05
   24.5355167         9.75807779E-05
   24.6623096         1.00012134E-04
   24.7891026         1.02315724E-04
   24.9158955         1.04502600E-04
   25.0426884         1.06594533E-04
   25.1694813         1.08621782E-04
   25.2962742         1.10620880E-04
   25.4230652         1.12632093E-04
   25.5498581         1.14697061E-04
   25.6766510         1.16856740E-04
   25.8034439         1.19149248E-04
   25.9302368         1.21607729E-04
   26.0570297         1.24259401E-04
   26.1838226         1.27124178E-04
   26.3106136         1.30213419E-04
   26.4374065         1.33530135E-04
   26.5641994         1.37068215E-04
   26.6909924         1.40812976E-04
   26.8177853         1.44741090E-04
   26.9445782         1.48821593E-04
   27.0713711         1.53016590E-04
   27.1981640         1.57281975E-04
   27.3249550         1.61568911E-04
   27.4517479         1.65825186E-04
   27.5785408         1.69996158E-04
   27.7053337         1.74026442E-04
   27.8321266         1.77861351E-04
   27.9589195         1.81448500E-04
   28.0857124         1.84739081E-04
   28.2125034         1.87689380E-04
   28.3392963         1.90262712E-04
   28.4660892         1.92430074E-04
   28.5928822         1.94171749E-04
   28.7196751         1.95478904E-04
   28.8464680         1.96353445E-04
   28.9732609         1.96809706E-04
   29.1000538         1.96874535E-04
   29.2268448         1.96587207E-04
   29.3536377         1.95999586E-04
   29.4804306         1.95175046E-04
   29.6072235         1.94187553E-04
   29.7340164         1.93120781E-04
   29.8608093         1.92065650E-04
   29.9876022         1.91119369E-04
   30.1143932         1.90381994E-04
   30.2411861         1.89954866E-04
   30.3679790         1.89937491E-04
   30.4947720         1.90425169E-04
   30.6215649         1.91505897E-04
   30.7483578         1.93258355E-04
   30.8751507         1.95749526E-04
   31.0019417         1.99032380E-04
   31.1287346         2.03144518E-04
   31.2555275         2.08106721E-04
   31.3823204         2.13922525E-04
   31.5091133         2.20577669E-04
   31.6359062         2.28040502E-04
   31.7626991         2.36262378E-04
   31.8894920         2.45179108E-04
   32.0162849         2.54712562E-04
   32.1430779         2.64772330E-04
   32.2698708         2.75257888E-04
   32.3966637         2.86061375E-04
   32.5234528         2.97070015E-04
   32.6502457         3.08167859E-04
   32.7770386         3.19239829E-04
   32.9038315         3.30172596E-04
   33.0306244         3.40857718E-04
   33.1574173         3.51193041E-04
   33.2842102         3.61084647E-04
   33.4110031         3.70448106E-04
   33.5377960         3.79209523E-04
   33.6645889         3.87305976E-04
   33.7913818         3.94686183E-04
   33.9181747         4.01309866E-04
   34.0449677         4.07148356E-04
   34.1717606         4.12182795E-04
   34.2985535         4.16404277E-04
   34.4253426         4.19812568E-04
   34.5521355         4.22414858E-04
   34.6789284         4.24225116E-04
   34.8057213         4.25262260E-04
   34.9325142         4.25548875E-04
   35.0593071         4.25111270E-04
   35.1861000         4.23977588E-04
   35.3128929         4.22176381E-04
   35.4396858         4.19737538E-04
   35.5664787         4.16689960E-04
   35.6932716         4.13061964E-04
   35.8200645         4.08880500E-04
   35.9468575         4.04171587E-04
   36.0736504         3.98959673E-04
   36.2004433         3.93267663E-04
   36.3272324         3.87117034E-04
   36.4540253         3.80528363E-04
   36.5808182         3.73521063E-04
   36.7076111         3.66113847E-04
   36.8344040         3.58324469E-04
   36.9611969         3.50170420E-04
   37.0879898         3.41669191E-04
   37.2147827         3.32837983E-04
   37.3415756         3.23694199E-04
   37.4683685         3.14255682E-04
   37.5951614         3.04540707E-04
   37.7219543         2.94567813E-04
   37.8487473         2.84356734E-04
   37.9755402         2.73927377E-04
   38.1023293         2.63300812E-04
   38.2291222         2.52498838E-04
   38.3559151         2.41544112E-04
   38.4827080         2.30460340E-04
   38.6095009         2.19272057E-04
   38.7362938         2.08005047E-04
   38.8630867         1.96686087E-04
   38.9898796         1.85343306E-04
   39.1166725         1.74006025E-04
   39.2434654         1.62704906E-04
   39.3702583         1.51472283E-04
   39.4970512         1.40341901E-04
   39.6238441         1.29349472E-04
   39.7506371         1.18532698E-04
   39.8774300         1.07931417E-04
   40.0042191         9.75878283E-05
   40.1310120         8.75468104E-05
   40.2578049         7.78556860E-05
   40.3845978         6.85645646E-05
   40.5113907         5.97260914E-05
   40.6381836         5.13953928E-05
   40.7649765         4.36295886E-05
   40.8917694         3.64874650E-05
   41.0185623         3.00287920E-05
   41.1453552         2.43134273E-05
   41.2721481         1.94004206E-05
   41.3989410         1.53466463E-05
   41.5257339         1.22055408E-05
   41.6525269         1.00256393E-05
   41.7793198         8.84881047E-06
   41.9061089         8.70863278E-06
   42.0329018         9.62880586E-06
   42.1596947         1.16213378E-05
   42.2864876         1.46851435E-05
   42.4132805         1.88046615E-05
   42.5400734         2.39485071E-05
   42.6668663         3.00689680E-05
   42.7936592         3.71011920E-05
   42.9204521         4.49632098E-05
   43.0472450         5.35562431E-05
   43.1740379         6.27656045E-05
   43.3008308         7.24618367E-05
   43.4276237         8.25025054E-05
   43.5544167         9.27344445E-05
   43.6812096         1.02996397E-04
   43.8079987         1.13121787E-04
   43.9347916         1.22942161E-04
   44.0615845         1.32290603E-04
   44.1883774         1.41005483E-04
   44.3151703         1.48933890E-04
   44.4419632         1.55935340E-04
   44.5687561         1.61885095E-04
   44.6955490         1.66677361E-04
   44.8223419         1.70227882E-04
   44.9491348         1.72476342E-04
   45.0759277         1.73388093E-04
   45.2027206         1.72955290E-04
   45.3295135         1.71197404E-04
   45.4563065         1.68161219E-04
   45.5830994         1.63920107E-04
   45.7098885         1.58572526E-04
   45.8366814         1.52240114E-04
   45.9634743         1.45065162E-04
   46.0902672         1.37207549E-04
   46.2170601         1.28841290E-04
   46.3438530         1.20150718E-04
   46.4706459         1.11326619E-04
   46.5974388         1.02561848E-04
   46.7242317         9.40473910E-05
   46.8510246         8.59680586E-05
   46.9778175         7.84987278E-05
   47.1046104         7.18005322E-05
   47.2314034         6.60174701E-05
   47.3581963         6.12735748E-05
   47.4849892         5.76701968E-05
   47.6117783         5.52840393E-05
   47.7385712         5.41658301E-05
   47.8653641         5.43393762E-05
   47.9921570         5.58012835E-05
   48.1189499         5.85213711E-05
   48.2457428         6.24435488E-05
   48.3725357         6.74873299E-05
   48.4993286         7.35497742E-05
   48.6261215         8.05079762E-05
   48.7529144         8.82218155E-05
   48.8797073         9.65371801E-05
   49.0065002         1.05289444E-04
   49.1332932         1.14306946E-04
   49.2600861         1.23414909E-04
   49.3868790         1.32438901E-04
   49.5136681         1.41208759E-04
   49.6404610         1.49561936E-04
   49.7672539         1.57346629E-04
   49.8940468         1.64425059E-04
   50.0208397         1.70675659E-04
   50.1476326         1.75995621E-04
   50.2744255         1.80302595E-04
   50.4012184         1.83535769E-04
   50.5280113         1.85657234E-04
   50.6548042         1.86651858E-04
   50.7815971         1.86527483E-04
   50.9083900         1.85314231E-04
   51.0351830         1.83063516E-04
   51.1619759         1.79846465E-04
   51.2887688         1.75752182E-04
   51.4155579         1.70885309E-04
   51.5423508         1.65363730E-04
   51.6691437         1.59315721E-04
   51.7959366         1.52877197E-04
   51.9227295         1.46188351E-04
   52.0495224         1.39390890E-04
   52.1763153         1.32624671E-04
   52.3031082         1.26024999E-04
   52.4299011         1.19719298E-04
   52.5566940         1.13824950E-04
   52.6834869         1.08446708E-04
   52.8102798         1.03674691E-04
   52.9370728         9.95828668E-05
   53.0638657         9.62278718E-05
   53.1906586         9.36482174E-05
   53.3174477         9.18640362E-05
   53.4442406         9.08774164E-05
   53.5710335         9.06728528E-05
   53.6978264         9.12183750E-05
   53.8246193         9.24670312E-05
   53.9514122         9.43586128E-05
   54.0782051         9.68216555E-05
   54.2049980         9.97756360E-05
   54.3317909         1.03133352E-04
   54.4585838         1.06803134E-04
   54.5853767         1.10691399E-04
   54.7121696         1.14704642E-04
   54.8389626         1.18751668E-04
   54.9657555         1.22745405E-04
   55.0925484         1.26604631E-04
   55.2193375         1.30255226E-04
   55.3461304         1.33631300E-04
   55.4729233         1.36675910E-04
   55.5997162         1.39341661E-04
   55.7265091         1.41590630E-04
   55.8533020         1.43394675E-04
   55.9800949         1.44734964E-04
   56.1068878         1.45601502E-04
   56.2336807         1.45992672E-04
   56.3604736         1.45914499E-04
   56.4872665         1.45379876E-04
   56.6140594         1.44407648E-04
   56.7408524         1.43021840E-04
   56.8676453         1.41250857E-04
   56.9944382         1.39126583E-04
   57.1212273         1.36683870E-04
   57.2480202         1.33959737E-04
   57.3748131         1.30992805E-04
   57.5016060         1.27822917E-04
   57.6283989         1.24490572E-04
   57.7551918         1.21036697E-04
   57.8819847         1.17502081E-04
   58.0087776         1.13927192E-04
   58.1355705         1.10351786E-04
   58.2623634         1.06814638E-04
   58.3891563         1.03353101E-04
   58.5159492         1.00002988E-04
   58.6427422         9.67980523E-05
   58.7695351         9.37696241E-05
   58.8963280         9.09460578E-05
   59.0231171         8.83522880E-05
   59.1499100         8.60092478E-05
   59.2767029         8.39331551E-05
   59.4034958         8.21351423E-05
   59.5302887         8.06206881E-05
   59.6570816         7.93893050E-05
   59.7838745         7.84343865E-05
   59.9106674         7.77430614E-05
   60.0374603         7.72966014E-05
   60.1642532         7.70705738E-05
   60.2910461         7.70356055E-05
   60.4178391         7.71580526E-05
   60.5446320         7.74012078E-05
   60.6714249         7.77264941E-05
   60.7982178         7.80949704E-05
   60.9250069         7.84689255E-05
   61.0517998         7.88135803E-05
   61.1785927         7.90986378E-05
   61.3053856         7.92998762E-05
   61.4321785         7.94003790E-05
   61.5589714         7.93915824E-05
   61.6857643         7.92738938E-05
   61.8125572         7.90571285E-05
   61.9393501         7.87602694E-05
   62.0661430         7.84110380E-05
   62.1929359         7.80449991E-05
   62.3197289         7.77042078E-05
   62.4465218         7.74355358E-05
   62.5733147         7.72885469E-05
   62.7001076         7.73134307E-05
   62.8268967         7.75582885E-05
   62.9536896         7.80670089E-05
   63.0804825         7.88767211E-05
   63.2072754         8.00158668E-05
   63.3340683         8.15024250E-05
   63.4608612         8.33426529E-05
   63.5876541         8.55304243E-05
   63.7144470         8.80467851E-05
   63.8412399         9.08604416E-05
   63.9680328         9.39283927E-05
   64.0948257         9.71975460E-05
   64.2216187         1.00606274E-04
   64.3484116         1.04086925E-04
   64.4752045         1.07568347E-04
   64.6019974         1.10978675E-04
   64.7287903         1.14248403E-04
   64.8555832         1.17312906E-04
   64.9823761         1.20115343E-04
   65.1091690         1.22608704E-04
   65.2359619         1.24757556E-04
   65.3627548         1.26539497E-04
   65.4895477         1.27945750E-04
   65.6163330         1.28981046E-04
   65.7431259         1.29663546E-04
   65.8699188         1.30023473E-04
   65.9967117         1.30101747E-04
   66.1235046         1.29947846E-04
   66.2502975         1.29617416E-04
   66.3770905         1.29169712E-04
   66.5038834         1.28664833E-04
   66.6306763         1.28161075E-04
   66.7574692         1.27712250E-04
   66.8842621         1.27365871E-04
   67.0110550         1.27161111E-04
   67.1378479         1.27127627E-04
   67.2646408         1.27284948E-04
   67.3914337         1.27641950E-04
   67.5182266         1.28197498E-04
   67.6450195         1.28940781E-04
   67.7718124         1.29852677E-04
   67.8986053         1.30907065E-04
   68.0253983         1.32072601E-04
   68.1521912         1.33314446E-04
   68.2789841         1.34596121E-04
   68.4057770         1.35881259E-04
   68.5325699         1.37134950E-04
   68.6593628         1.38325209E-04
   68.7861557         1.39423515E-04
   68.9129486         1.40405566E-04
   69.0397415         1.41251134E-04
   69.1665344         1.41943994E-04
   69.2933273         1.42471297E-04
   69.4201126         1.42822901E-04
   69.5469055         1.42990408E-04
   69.6736984         1.42966193E-04
   69.8004913         1.42742516E-04
   69.9272842         1.42310761E-04
   70.0540771         1.41660785E-04
   70.1808701         1.40780452E-04
   70.3076630         1.39655822E-04
   70.4344559         1.38271222E-04
   70.5612488         1.36610077E-04
   70.6880417         1.34655769E-04
   70.8148346         1.32392859E-04
   70.9416275         1.29808468E-04
   71.0684204         1.26893909E-04
   71.1952133         1.23646169E-04
   71.3220062         1.20069344E-04
   71.4487991         1.16175972E-04
   71.5755920         1.11987902E-04
   71.7023849         1.07537126E-04
   71.8291779         1.02865954E-04
   71.9559708         9.80269033E-05
   72.0827637         9.30819733E-05
   72.2095566         8.81015585E-05
   72.3363495         8.31629441E-05
   72.4631424         7.83482974E-05
   72.5899353         7.37424707E-05
   72.7167282         6.94303453E-05
   72.8435211         6.54942196E-05
   72.9703140         6.20110441E-05
   73.0971069         5.90496893E-05
   73.2238922         5.66684939E-05
   73.3506851         5.49128526E-05
   73.4774780         5.38136374E-05
   73.6042709         5.33856291E-05
   73.7310638         5.36267544E-05
   73.8578568         5.45180119E-05
   73.9846497         5.60236731E-05
   74.1114426         5.80925298E-05
   74.2382355         6.06593712E-05
   74.3650284         6.36471959E-05
   74.4918213         6.69698711E-05
   74.6186142         7.05350903E-05
   74.7454071         7.42475313E-05
   74.8722000         7.80122864E-05
   74.9989929         8.17381369E-05
   75.1257858         8.53407037E-05
   75.2525787         8.87453061E-05
   75.3793716         9.18891528E-05
   75.5061646         9.47235021E-05
   75.6329575         9.72146809E-05
   75.7597504         9.93446010E-05
   75.8865433         1.01110731E-04
   76.0133362         1.02525330E-04
   76.1401291         1.03614046E-04
   76.2669220         1.04413943E-04
   76.3937149         1.04971165E-04
   76.5205078         1.05338237E-04
   76.6473007         1.05571133E-04
   76.7740936         1.05726322E-04
   76.9008865         1.05857798E-04
   77.0276718         1.06014479E-04
   77.1544647         1.06237858E-04
   77.2812576         1.06560205E-04
   77.4080505         1.07003230E-04
   77.5348434         1.07577442E-04
   77.6616364         1.08282024E-04
   77.7884293         1.09105385E-04
   77.9152222         1.10026063E-04
   78.0420151         1.11014306E-04
   78.1688080         1.12033878E-04
   78.2956009         1.13044254E-04
   78.4223938         1.14002862E-04
   78.5491867         1.14867536E-04
   78.6759796         1.15598777E-04
   78.8027725         1.16161893E-04
   78.9295654         1.16528950E-04
   79.0563583         1.16680152E-04
   79.1831512         1.16605050E-04
   79.3099442         1.16303003E-04
   79.4367371         1.15783470E-04
   79.5635300         1.15065610E-04
   79.6903229         1.14177616E-04
   79.8171158         1.13155693E-04
   79.9439087         1.12042428E-04
   80.0707016         1.10885419E-04
   80.1974945         1.09735294E-04
   80.3242874         1.08643821E-04
   80.4510803         1.07661916E-04
   80.5778732         1.06837782E-04
   80.7046585         1.06215171E-04
   80.8314514         1.05831758E-04
   80.9582443         1.05717845E-04
   81.0850372         1.05895495E-04
   81.2118301         1.06377687E-04
   81.3386230         1.07168089E-04
   81.4654160         1.08261003E-04
   81.5922089         1.09641696E-04
   81.7190018         1.11286943E-04
   81.8457947         1.13165937E-04
   81.9725876         1.15241288E-04
   82.0993805         1.17470503E-04
   82.2261734         1.19807381E-04
   82.3529663         1.22203506E-04
   82.4797592         1.24610087E-04
   82.6065521         1.26979576E-04
   82.7333450         1.29267035E-04
   82.8601379         1.31431749E-04
   82.9869308         1.33438167E-04
   83.1137238         1.35256982E-04
   83.2405167         1.36865696E-04
   83.3673096         1.38248812E-04
   83.4941025         1.39397947E-04
   83.6208954         1.40311473E-04
   83.7476883         1.40993870E-04
   83.8744812         1.41454817E-04
   84.0012741         1.41707918E-04
   84.1280670         1.41769502E-04
   84.2548599         1.41656928E-04
   84.3816528         1.41387180E-04
   84.5084381         1.40975273E-04
   84.6352310         1.40432894E-04
   84.7620239         1.39767348E-04
   84.8888168         1.38980686E-04
   85.0156097         1.38069110E-04
   85.1424026         1.37022886E-04
   85.2691956         1.35826762E-04
   85.3959885         1.34460352E-04
   85.5227814         1.32899440E-04
   85.6495743         1.31117195E-04
   85.7763672         1.29085893E-04
   85.9031601         1.26778963E-04
   86.0299530         1.24172875E-04
   86.1567459         1.21249272E-04
   86.2835388         1.17996846E-04
   86.4103317         1.14413189E-04
   86.5371246         1.10506247E-04
   86.6639175         1.06295200E-04
   86.7907104         1.01811202E-04
   86.9175034         9.70972469E-05
   87.0442963         9.22077088E-05
   87.1710892         8.72072706E-05
   87.2978821         8.21694339E-05
   87.4246750         7.71743944E-05
   87.5514679         7.23068588E-05
   87.6782608         6.76532654E-05
   87.8050537         6.32988958E-05
   87.9318466         5.93251825E-05
   88.0586395         5.58066749E-05
   88.1854324         5.28087621E-05
   88.3122177         5.03851916E-05
   88.4390106         4.85765195E-05
   88.5658035         4.74086846E-05
   88.6925964         4.68925646E-05
   88.8193893         4.70238556E-05
   88.9461823         4.77835601E-05
   89.0729752         4.91391293E-05
   89.1997681         5.10460886E-05
   89.3265610         5.34497522E-05
   89.4533539         5.62876703E-05
   89.5801468         5.94919875E-05
   89.7069397         6.29917413E-05
   89.8337326         6.67154527E-05
   89.9605255         7.05932616E-05
   90.0873184         7.45589350E-05
   90.2141113         7.85511947E-05
   90.3409042         8.25151656E-05
   90.4676971         8.64029280E-05
   90.5944901         9.01738094E-05
   90.7212830         9.37942677E-05
   90.8480759         9.72374255E-05
   90.9748688         1.00482299E-04
   91.1016617         1.03512888E-04
   91.2284546         1.06317304E-04
   91.3552475         1.08886787E-04
   91.4820404         1.11214853E-04
   91.6088333         1.13296701E-04
   91.7356262         1.15128780E-04
   91.8624191         1.16708499E-04
   91.9892120         1.18034528E-04
   92.1159973         1.19107019E-04
   92.2427902         1.19928307E-04
   92.3695831         1.20503617E-04
   92.4963760         1.20841949E-04
   92.6231689         1.20956844E-04
   92.7499619         1.20867269E-04
   92.8767548         1.20598037E-04
   93.0035477         1.20179953E-04
   93.1303406         1.19649754E-04
   93.2571335         1.19049393E-04
   93.3839264         1.18425218E-04
   93.5107193         1.17826421E-04
   93.6375122         1.17303454E-04
   93.7643051         1.16905976E-04
   93.8910980         1.16680603E-04
   94.0178909         1.16668700E-04
   94.1446838         1.16904019E-04
   94.2714767         1.17410658E-04
   94.3982697         1.18201191E-04
   94.5250626         1.19275253E-04
   94.6518555         1.20618468E-04
   94.7786484         1.22202357E-04
   94.9054413         1.23984617E-04
   95.0322342         1.25910083E-04
   95.1590271         1.27912499E-04
   95.2858200         1.29916822E-04
   95.4126129         1.31842025E-04
   95.5394058         1.33604175E-04
   95.6661987         1.35120092E-04
   95.7929916         1.36310671E-04
   95.9197769         1.37104595E-04
   96.0465698         1.37441559E-04
   96.1733627         1.37275172E-04
   96.3001556         1.36575676E-04
   96.4269485         1.35331371E-04
   96.5537415         1.33550013E-04
   96.6805344         1.31258916E-04
   96.8073273         1.28504369E-04
   96.9341202         1.25350402E-04
   97.0609131         1.21876270E-04
   97.1877060         1.18173935E-04
   97.3144989         1.14344301E-04
   97.4412918         1.10493747E-04
   97.5680847         1.06729829E-04
   97.6948776         1.03157290E-04
   97.8216705         9.98739779E-05
   97.9484634         9.69671528E-05
   98.0752563         9.45103675E-05
   98.2020493         9.25605564E-05
   98.3288422         9.11563038E-05
   98.4556351         9.03166656E-05
   98.5824280         9.00407395E-05
   98.7092209         9.03084001E-05
   98.8360138         9.10816452E-05
   98.9628067         9.23067419E-05
   99.0895996         9.39168021E-05
   99.2163925         9.58351739E-05
   99.3431854         9.79787364E-05
   99.4699783         1.00261532E-04
   99.5967712         1.02598366E-04
   99.7235565         1.04908169E-04
   99.8503494         1.07116932E-04
   99.9771423         1.09160319E-04
   100.103935         1.10985588E-04
   100.230728         1.12552822E-04
   100.357521         1.13835573E-04
   100.484314         1.14820905E-04
   100.611107         1.15508490E-04
   100.737900         1.15909585E-04
   100.864693         1.16045041E-04
   100.991486         1.15943447E-04
   101.118279         1.15638752E-04
   101.245071         1.15167895E-04
   101.371864         1.14568633E-04
   101.498657         1.13877439E-04
   101.625450         1.13127608E-04
   101.752243         1.12347894E-04
   101.879036         1.11561465E-04
   102.005829         1.10785382E-04
   102.132622         1.10030407E-04
   102.259415         1.09301320E-04
   102.386208         1.08597560E-04
   102.513000         1.07914217E-04
   102.639793         1.07243148E-04
   102.766586         1.06574349E-04
   102.893379         1.05897321E-04
   103.020172         1.05202307E-04
   103.146965         1.04481391E-04
   103.273758         1.03729464E-04
   103.400551         1.02944665E-04
   103.527336         1.02128943E-04
   103.654129         1.01287849E-04
   103.780922         1.00430399E-04
   103.907715         9.95683440E-05
   104.034508         9.87156163E-05
   104.161301         9.78871030E-05
   104.288094         9.70979017E-05
   104.414886         9.63621060E-05
   104.541679         9.56917283E-05
   104.668472         9.50958638E-05
   104.795265         9.45799038E-05
   104.922058         9.41450271E-05
   105.048851         9.37879231E-05
   105.175644         9.35008720E-05
   105.302437         9.32719413E-05
   105.429230         9.30858296E-05
   105.556023         9.29243688E-05
   105.682816         9.27678193E-05
   105.809608         9.25959539E-05
   105.936401         9.23893604E-05
   106.063194         9.21307146E-05
   106.189987         9.18060396E-05
   106.316780         9.14059274E-05
   106.443573         9.09264418E-05
   106.570366         9.03701948E-05
   106.697159         8.97467253E-05
   106.823952         8.90729862E-05
   106.950745         8.83731409E-05
   107.077538         8.76784034E-05
   107.204330         8.70263393E-05
   107.331116         8.64597969E-05
   107.457909         8.60259897E-05
   107.584702         8.57746418E-05
   107.711494         8.57565828E-05
   107.838287         8.60219952E-05
   107.965080         8.66184055E-05
   108.091873         8.75888727E-05
   108.218666         8.89702278E-05
   108.345459         9.07912254E-05
   108.472252         9.30709284E-05
   108.599045         9.58174569E-05
   108.725838         9.90266708E-05
   108.852631         1.02681530E-04
   108.979424         1.06751511E-04
   109.106216         1.11192625E-04
   109.233009         1.15947791E-04
   109.359802         1.20947327E-04
   109.486595         1.26110419E-04
   109.613388         1.31346300E-04
   109.740181         1.36556424E-04
   109.866974         1.41636643E-04
   109.993767         1.46479360E-04
   110.120560         1.50976732E-04
   110.247353         1.55023241E-04
   110.374146         1.58518757E-04
   110.500938         1.61371485E-04
   110.627731         1.63500808E-04
   110.754524         1.64839905E-04
   110.881317         1.65338075E-04
   111.008102         1.64962607E-04
   111.134895         1.63700315E-04
   111.261688         1.61558477E-04
   111.388481         1.58565177E-04
   111.515274         1.54769194E-04
   111.642067         1.50238804E-04
   111.768860         1.45060927E-04
   111.895653         1.39338576E-04
   112.022446         1.33188776E-04
   112.149239         1.26739295E-04
   112.276031         1.20125529E-04
   112.402824         1.13486865E-04
   112.529617         1.06962958E-04
   112.656410         1.00690071E-04
   112.783203         9.47974841E-05
   112.909996         8.94042314E-05
   113.036789         8.46158364E-05
   113.163582         8.05219897E-05
   113.290375         7.71942869E-05
   113.417168         7.46847581E-05
   113.543961         7.30250831E-05
   113.670753         7.22259792E-05
   113.797546         7.22778714E-05
   113.924339         7.31515611E-05
   114.051132         7.47998201E-05
   114.177925         7.71593186E-05
   114.304718         8.01529095E-05
   114.431511         8.36923718E-05
   114.558304         8.76809572E-05
   114.685097         9.20165257E-05
   114.811882         9.65941508E-05
   114.938675         1.01308928E-04
   115.065468         1.06058498E-04
   115.192261         1.10745292E-04
   115.319054         1.15278432E-04
   115.445847         1.19575379E-04
   115.572639         1.23562946E-04
   115.699432         1.27178326E-04
   115.826225         1.30369372E-04
   115.953018         1.33094727E-04
   116.079811         1.35323600E-04
   116.206604         1.37035240E-04
   116.333397         1.38218355E-04
   116.460190         1.38870237E-04
   116.586983         1.38995922E-04
   116.713776         1.38607458E-04
   116.840569         1.37722905E-04
   116.967361         1.36365692E-04
   117.094154         1.34563859E-04
   117.220947         1.32349538E-04
   117.347740         1.29758613E-04
   117.474533         1.26830186E-04
   117.601326         1.23606587E-04
   117.728119         1.20133060E-04
   117.854912         1.16457806E-04
   117.981705         1.12631838E-04
   118.108498         1.08708904E-04
   118.235291         1.04745144E-04
   118.362083         1.00798934E-04
   118.488876         9.69301982E-05
   118.615662         9.31996983E-05
   118.742455         8.96684069E-05
   118.869247         8.63961614E-05
   118.996040         8.34406892E-05
   119.122833         8.08560944E-05
   119.249626         7.86915261E-05
   119.376419         7.69895851E-05
   119.503212         7.57847884E-05
   119.630005         7.51022963E-05
   119.756798         7.49564279E-05
   119.883591         7.53497079E-05
   120.010384         7.62720665E-05
   120.137177         7.77003224E-05
   120.263969         7.95984670E-05
   120.390762         8.19180568E-05
   120.517555         8.45991744E-05
   120.644348         8.75721453E-05
   120.771141         9.07592694E-05
   120.897934         9.40771788E-05
   121.024727         9.74395225E-05
   121.151520         1.00759775E-04
   121.278313         1.03954248E-04
   121.405106         1.06945066E-04
   121.531898         1.09663073E-04
   121.658691         1.12050409E-04
   121.785484         1.14062743E-04
   121.912277         1.15671079E-04
   122.039070         1.16862670E-04
   122.165863         1.17641779E-04
   122.292656         1.18029006E-04
   122.419441         1.18060547E-04
   122.546234         1.17786556E-04
   122.673027         1.17268755E-04
   122.799820         1.16577830E-04
   122.926613         1.15790259E-04
   123.053406         1.14984774E-04
   123.180199         1.14239090E-04
   123.306992         1.13626294E-04
   123.433784         1.13211783E-04
   123.560577         1.13050257E-04
   123.687370         1.13183574E-04
   123.814163         1.13638729E-04
   123.940956         1.14427072E-04
   124.067749         1.15543793E-04
   124.194542         1.16968469E-04
   124.321335         1.18666139E-04
   124.448128         1.20588891E-04
   124.574921         1.22678321E-04
   124.701714         1.24867831E-04
   124.828506         1.27085834E-04
   124.955299         1.29258508E-04
   125.082092         1.31313020E-04
   125.208885         1.33180234E-04
   125.335678         1.34797519E-04
   125.462471         1.36110772E-04
   125.589264         1.37076466E-04
   125.716057         1.37662646E-04
   125.842850         1.37849856E-04
   125.969643         1.37631374E-04
   126.096436         1.37012743E-04
   126.223221         1.36011105E-04
   126.350014         1.34653936E-04
   126.476807         1.32977788E-04
   126.603600         1.31026391E-04
   126.730392         1.28849046E-04
   126.857185         1.26498504E-04
   126.983978         1.24029320E-04
   127.110771         1.21495825E-04
   127.237564         1.18950724E-04
   127.364357         1.16443458E-04
   127.491150         1.14019022E-04
   127.617943         1.11716872E-04
   127.744736         1.09570326E-04
   127.871529         1.07605891E-04
   127.998322         1.05843254E-04
   128.125107         1.04295228E-04
   128.251907         1.02968028E-04
   128.378693         1.01861689E-04
   128.505493         1.00970603E-04
   128.632278         1.00284233E-04
   128.759079         9.97879470E-05
   128.885864         9.94637085E-05
   129.012665         9.92911737E-05
   129.139450         9.92482164E-05
   129.266251         9.93120775E-05
   129.393036         9.94598377E-05
   129.519836         9.96694289E-05
   129.646622         9.99200420E-05
   129.773422         1.00192781E-04
   129.900208         1.00470948E-04
   130.027008         1.00740399E-04
   130.153793         1.00989724E-04
   130.280594         1.01210309E-04
   130.407379         1.01396421E-04
   130.534180         1.01545127E-04
   130.660965         1.01656224E-04
   130.787766         1.01731981E-04
   130.914551         1.01776932E-04
   131.041351         1.01797588E-04
   131.168137         1.01802128E-04
   131.294937         1.01799982E-04
   131.421722         1.01801401E-04
   131.548523         1.01816913E-04
   131.675308         1.01857120E-04
   131.802109         1.01932099E-04
   131.928894         1.02051104E-04
   132.055679         1.02222191E-04
   132.182480         1.02451871E-04
   132.309265         1.02744845E-04
   132.436066         1.03103754E-04
   132.562851         1.03529048E-04
   132.689651         1.04018865E-04
   132.816437         1.04569241E-04
   132.943237         1.05173807E-04
   133.070023         1.05824562E-04
   133.196823         1.06511769E-04
   133.323608         1.07224652E-04
   133.450409         1.07951717E-04
   133.577194         1.08681234E-04
   133.703995         1.09401786E-04
   133.830780         1.10102541E-04
   133.957581         1.10773624E-04
   134.084366         1.11406436E-04
   134.211166         1.11993890E-04
   134.337952         1.12530441E-04
   134.464752         1.13012182E-04
   134.591537         1.13436654E-04
   134.718338         1.13803013E-04
   134.845123         1.14111448E-04
   134.971924         1.14363145E-04
   135.098709         1.14560047E-04
   135.225510         1.14704417E-04
   135.352295         1.14798800E-04
   135.479095         1.14845752E-04
   135.605881         1.14847884E-04
   135.732666         1.14807743E-04
   135.859467         1.14728238E-04
   135.986252         1.14612580E-04
   136.113052         1.14464558E-04
   136.239838         1.14288923E-04
   136.366638         1.14091570E-04
   136.493423         1.13879869E-04
   136.620224         1.13662645E-04
   136.747009         1.13450478E-04
   136.873810         1.13255475E-04
   137.000595         1.13091111E-04
   137.127396         1.12972033E-04
   137.254181         1.12913425E-04
   137.380981         1.12930386E-04
   137.507767         1.13037284E-04
   137.634567         1.13246846E-04
   137.761353         1.13569229E-04
   137.888153         1.14011331E-04
   138.014938         1.14575952E-04
   138.141739         1.15261173E-04
   138.268524         1.16059957E-04
   138.395325         1.16959760E-04
   138.522110         1.17942698E-04
   138.648911         1.18985517E-04
   138.775696         1.20060358E-04
   138.902496         1.21135148E-04
   139.029282         1.22174708E-04
   139.156082         1.23141726E-04
   139.282867         1.23997990E-04
   139.409653         1.24705839E-04
   139.536453         1.25229635E-04
   139.663239         1.25537044E-04
   139.790039         1.25600607E-04
   139.916824         1.25398845E-04
   140.043625         1.24917264E-04
   140.170410         1.24149417E-04
   140.297211         1.23097212E-04
   140.423996         1.21771263E-04
   140.550797         1.20190947E-04
   140.677582         1.18383738E-04
   140.804382         1.16384850E-04
   140.931168         1.14236173E-04
   141.057968         1.11984991E-04
   141.184753         1.09683002E-04
   141.311554         1.07384214E-04
   141.438339         1.05143656E-04
   141.565140         1.03015533E-04
   141.691925         1.01051490E-04
   141.818726         9.92991190E-05
   141.945511         9.78003809E-05
   142.072311         9.65903964E-05
   142.199097         9.56965887E-05
   142.325897         9.51378970E-05
   142.452682         9.49244350E-05
   142.579483         9.50573958E-05
   142.706268         9.55292198E-05
   142.833069         9.63240673E-05
   142.959854         9.74184586E-05
   143.086655         9.87822204E-05
   143.213440         1.00379664E-04
   143.340225         1.02170772E-04
   143.467026         1.04112558E-04
   143.593811         1.06160463E-04
   143.720612         1.08269494E-04
   143.847397         1.10395595E-04
   143.974197         1.12496455E-04
   144.100983         1.14532573E-04
   144.227783         1.16467811E-04
   144.354568         1.18269978E-04
   144.481369         1.19911245E-04
   144.608154         1.21368321E-04
   144.734955         1.22622718E-04
   144.861740         1.23660604E-04
   144.988541         1.24472790E-04
   145.115326         1.25054430E-04
   145.242126         1.25404578E-04
   145.368912         1.25525927E-04
   145.495712         1.25424194E-04
   145.622498         1.25107734E-04
   145.749298         1.24587241E-04
   145.876083         1.23875172E-04
   146.002884         1.22985541E-04
   146.129669         1.21933481E-04
   146.256470         1.20735080E-04
   146.383255         1.19407086E-04
   146.510056         1.17966658E-04
   146.636841         1.16431140E-04
   146.763641         1.14817922E-04
   146.890427         1.13144430E-04
   147.017212         1.11427900E-04
   147.144012         1.09685541E-04
   147.270798         1.07934633E-04
   147.397598         1.06192369E-04
   147.524384         1.04476094E-04
   147.651184         1.02803220E-04
   147.777969         1.01191166E-04
   147.904770         9.96573945E-05
   148.031555         9.82192796E-05
   148.158356         9.68940003E-05
   148.285141         9.56982913E-05
   148.411942         9.46484361E-05
   148.538727         9.37600271E-05
   148.665527         9.30475362E-05
   148.792313         9.25241475E-05
   148.919113         9.22014369E-05
   149.045898         9.20887614E-05
   149.172699         9.21930114E-05
   149.299484         9.25181521E-05
   149.426285         9.30648894E-05
   149.553070         9.38305748E-05
   149.679871         9.48089000E-05
   149.806656         9.59899771E-05
   149.933456         9.73602728E-05
   150.060242         9.89027903E-05
   150.187042         1.00597288E-04
   150.313828         1.02420694E-04
   150.440628         1.04347222E-04
   150.567413         1.06349275E-04
   150.694214         1.08397791E-04
   150.820999         1.10462926E-04
   150.947784         1.12514921E-04
   151.074585         1.14524773E-04
   151.201370         1.16464878E-04
   151.328171         1.18309814E-04
   151.454956         1.20036741E-04
   151.581757         1.21626093E-04
   151.708542         1.23061676E-04
   151.835342         1.24331069E-04
   151.962128         1.25425722E-04
   152.088928         1.26340761E-04
   152.215714         1.27075153E-04
   152.342514         1.27631152E-04
   152.469299         1.28014319E-04
   152.596100         1.28232801E-04
   152.722885         1.28296844E-04
   152.849686         1.28218337E-04
   152.976471         1.28010026E-04
   153.103271         1.27685067E-04
   153.230057         1.27256513E-04
   153.356857         1.26736748E-04
   153.483643         1.26137224E-04
   153.610443         1.25468185E-04
   153.737228         1.24738537E-04
   153.864029         1.23955746E-04
   153.990814         1.23126025E-04
   154.117615         1.22254278E-04
   154.244400         1.21344427E-04
   154.371201         1.20399643E-04
   154.497986         1.19422650E-04
   154.624771         1.18416108E-04
   154.751572         1.17383053E-04
   154.878357         1.16327137E-04
   155.005157         1.15253148E-04
   155.131943         1.14167044E-04
   155.258743         1.13076181E-04
   155.385529         1.11989350E-04
   155.512329         1.10916597E-04
   155.639114         1.09869048E-04
   155.765915         1.08858701E-04
   155.892700         1.07897868E-04
   156.019501         1.06999032E-04
   156.146286         1.06174171E-04
   156.273087         1.05434643E-04
   156.399872         1.04790357E-04
   156.526672         1.04249688E-04
   156.653458         1.03818769E-04
   156.780258         1.03501319E-04
   156.907043         1.03298371E-04
   157.033844         1.03208200E-04
   157.160629         1.03226390E-04
   157.287430         1.03346058E-04
   157.414215         1.03558232E-04
   157.541016         1.03852217E-04
   157.667801         1.04216233E-04
   157.794601         1.04637897E-04
   157.921387         1.05104882E-04
   158.048187         1.05605468E-04
   158.174973         1.06129031E-04
   158.301773         1.06666652E-04
   158.428558         1.07211512E-04
   158.555344         1.07759057E-04
   158.682144         1.08307468E-04
   158.808929         1.08857414E-04
   158.935730         1.09412096E-04
   159.062515         1.09976747E-04
   159.189316         1.10558212E-04
   159.316101         1.11164343E-04
   159.442902         1.11803231E-04
   159.569687         1.12482543E-04
   159.696487         1.13208705E-04
   159.823273         1.13986265E-04
   159.950073         1.14817150E-04
   160.076859         1.15700255E-04
   160.203659         1.16630814E-04
