  -4.50000000         0.00000000    
  -4.37320757         0.00000000    
  -4.24641466         0.00000000    
  -4.11962223         0.00000000    
  -3.99282932         0.00000000    
  -3.86603665         0.00000000    
  -3.73924398         0.00000000    
  -3.61245155         0.00000000    
  -3.48565888         0.00000000    
  -3.35886621         0.00000000    
  -3.23207355         0.00000000    
  -3.10528088         0.00000000    
  -2.97848821         0.00000000    
  -2.85169554         0.00000000    
  -2.72490287         0.00000000    
  -2.59811020         0.00000000    
  -2.47131753         0.00000000    
  -2.34452486         0.00000000    
  -2.21773219         0.00000000    
  -2.09093952         0.00000000    
  -1.96414697         0.00000000    
  -1.83735430         0.00000000    
  -1.71056163         0.00000000    
  -1.58376896         0.00000000    
  -1.45697629         0.00000000    
  -1.33018374         0.00000000    
  -1.20339108         0.00000000    
  -1.07659841         0.00000000    
 -0.949805737         0.00000000    
 -0.823013067         0.00000000    
 -0.696220458         0.00000000    
 -0.569427788         0.00000000    
 -0.442635119         0.00000000    
 -0.315842479         0.00000000    
 -0.189049825         0.00000000    
  -6.22571707E-02     0.00000000    
   6.45354837E-02     0.00000000    
  0.191328138         0.00000000    
  0.318120778         0.00000000    
  0.444913447         0.00000000    
  0.571706116         0.00000000    
  0.698498726         0.00000000    
  0.825291395         0.00000000    
  0.952084064         0.00000000    
   1.07887673         0.00000000    
   1.20566940         0.00000000    
   1.33246195         0.00000000    
   1.45925462         0.00000000    
   1.58604729         0.00000000    
   1.71283996         0.00000000    
   1.83963263         0.00000000    
   1.96642530         0.00000000    
   2.09321785         0.00000000    
   2.22001052         0.00000000    
   2.34680319         0.00000000    
   2.47359586         0.00000000    
   2.60038853         0.00000000    
   2.72718120         0.00000000    
   2.85397387         0.00000000    
   2.98076653         0.00000000    
   3.10755920         0.00000000    
   3.23435187         0.00000000    
   3.36114454         0.00000000    
   3.48793697         0.00000000    
   3.61472964         0.00000000    
   3.74152231         0.00000000    
   3.86831498         0.00000000    
   3.99510765         0.00000000    
   4.12190056         0.00000000    
   4.24869299         0.00000000    
   4.37548542         0.00000000    
   4.50227833         0.00000000    
   4.62907076         0.00000000    
   4.75586367         0.00000000    
   4.88265610         0.00000000    
   5.00944901         0.00000000    
   5.13624144         0.00000000    
   5.26303434         0.00000000    
   5.38982677         0.00000000    
   5.51661968         0.00000000    
   5.64341211         0.00000000    
   5.77020502         0.00000000    
   5.89699745         0.00000000    
   6.02379036         0.00000000    
   6.15058279         0.00000000    
   6.27737522         0.00000000    
   6.40416813         0.00000000    
   6.53096056         0.00000000    
   6.65775347         0.00000000    
   6.78454590         0.00000000    
   6.91133881         0.00000000    
   7.03813124         0.00000000    
   7.16492414         0.00000000    
   7.29171658         0.00000000    
   7.41850948         0.00000000    
   7.54530191         0.00000000    
   7.67209482         0.00000000    
   7.79888725         0.00000000    
   7.92567968         0.00000000    
   8.05247211         0.00000000    
   8.17926502         0.00000000    
   8.30605793         0.00000000    
   8.43285084         0.00000000    
   8.55964279         0.00000000    
   8.68643570         0.00000000    
   8.81322861         0.00000000    
   8.94002151         0.00000000    
   9.06681347         0.00000000    
   9.19360638         0.00000000    
   9.32039928         0.00000000    
   9.44719219         0.00000000    
   9.57398415         0.00000000    
   9.70077705         0.00000000    
   9.82756996         0.00000000    
   9.95436192         0.00000000    
   10.0811548         0.00000000    
   10.2079477         0.00000000    
   10.3347406         0.00000000    
   10.4615326         0.00000000    
   10.5883255         0.00000000    
   10.7151184         0.00000000    
   10.8419113         0.00000000    
   10.9687033         0.00000000    
   11.0954962         0.00000000    
   11.2222891         0.00000000    
   11.3490820         0.00000000    
   11.4758739         0.00000000    
   11.6026669         0.00000000    
   11.7294598         0.00000000    
   11.8562517         0.00000000    
   11.9830446         0.00000000    
   12.1098375         0.00000000    
   12.2366304         0.00000000    
   12.3634224         0.00000000    
   12.4902153         0.00000000    
   12.6170082         0.00000000    
   12.7438011         0.00000000    
   12.8705931         0.00000000    
   12.9973860         0.00000000    
   13.1241789         0.00000000    
   13.2509708         0.00000000    
   13.3777637         0.00000000    
   13.5045567         0.00000000    
   13.6313496         0.00000000    
   13.7581415         0.00000000    
   13.8849344         0.00000000    
   14.0117273         0.00000000    
   14.1385202         0.00000000    
   14.2653122         0.00000000    
   14.3921051         0.00000000    
   14.5188980         0.00000000    
   14.6456909         0.00000000    
   14.7724829         0.00000000    
   14.8992758         0.00000000    
   15.0260687         0.00000000    
   15.1528606         0.00000000    
   15.2796535         0.00000000    
   15.4064465         0.00000000    
   15.5332394         0.00000000    
   15.6600313         0.00000000    
   15.7868242         0.00000000    
   15.9136171         0.00000000    
   16.0404091         0.00000000    
   16.1672020         0.00000000    
   16.2939949         0.00000000    
   16.4207878         0.00000000    
   16.5475807         0.00000000    
   16.6743736         0.00000000    
   16.8011646         0.00000000    
   16.9279575         0.00000000    
   17.0547504         0.00000000    
   17.1815434         0.00000000    
   17.3083363         0.00000000    
   17.4351292         0.00000000    
   17.5619221         0.00000000    
   17.6887150         0.00000000    
   17.8155060         0.00000000    
   17.9422989         0.00000000    
   18.0690918         0.00000000    
   18.1958847         0.00000000    
   18.3226776         0.00000000    
   18.4494705         0.00000000    
   18.5762634         0.00000000    
   18.7030544         0.00000000    
   18.8298473         0.00000000    
   18.9566402         0.00000000    
   19.0834332         0.00000000    
   19.2102261         0.00000000    
   19.3370190         0.00000000    
   19.4638119         0.00000000    
   19.5906048         0.00000000    
   19.7173958         1.37611140E-34
   19.8441887         5.47882351E-34
   19.9709816         1.07809684E-33
   20.0977745         1.16232937E-33
   20.2245674         3.15887842E-34
   20.3513603        -1.11567335E-33
   20.4781532        -1.74778837E-33
   20.6049442        -1.31144835E-33
   20.7317371        -9.16818370E-34
   20.8585300        -5.73611902E-34
   20.9853230        -4.67136018E-33
   21.1121159        -9.72802023E-33
   21.2389088        -1.49893662E-32
   21.3657017        -1.11675806E-32
   21.4924946         1.20110231E-33
   21.6192856         1.48400240E-32
   21.7460785         1.99257342E-32
   21.8728714         2.15431615E-32
   21.9996643         2.05738210E-32
   22.1264572         2.46783284E-32
   22.2532501         4.93706158E-32
   22.3800430         8.22137693E-32
   22.5068340        -1.88669759E-31
   22.6336269        -5.49590394E-31
   22.7604198        -4.57106965E-31
   22.8872128         4.61773207E-31
   23.0140057         1.95977892E-30
   23.1407986         3.18694123E-30
   23.2675915         4.37966024E-30
   23.3943844         6.04121755E-30
   23.5211754         7.28957111E-30
   23.6479683         7.84937124E-30
   23.7747612         8.87791789E-30
   23.9015541         1.03497008E-29
   24.0283470         1.25282390E-29
   24.1551399         1.43438959E-29
   24.2819328         2.17774483E-29
   24.4087238         3.71698701E-29
   24.5355167         6.47943440E-29
   24.6623096         1.02730211E-28
   24.7891026         1.40956766E-28
   24.9158955         1.68985607E-28
   25.0426884         1.93787769E-28
   25.1694813         2.05074393E-28
   25.2962742         2.06904628E-28
   25.4230652         1.94858261E-28
   25.5498581         1.67236863E-28
   25.6766510         1.16439871E-28
   25.8034439         2.72707226E-29
   25.9302368        -1.15025396E-28
   26.0570297        -3.24355588E-28
   26.1838226        -6.03949290E-28
   26.3106136        -9.49008239E-28
   26.4374065        -1.34366855E-27
   26.5641994        -1.76840659E-27
   26.6909924        -2.20266971E-27
   26.8177853        -2.62870140E-27
   26.9445782        -3.02645754E-27
   27.0713711        -3.34571548E-27
   27.1981640        -3.53202378E-27
   27.3249550        -3.51383145E-27
   27.4517479        -3.21061766E-27
   27.5785408        -2.53893033E-27
   27.7053337        -1.42289813E-27
   27.8321266         1.89959959E-28
   27.9589195         2.33882506E-27
   28.0857124         5.03319335E-27
   28.2125034         8.24773105E-27
   28.3392963         1.19098460E-26
   28.4660892         1.58912409E-26
   28.5928822         1.99960909E-26
   28.7196751         2.39475029E-26
   28.8464680         2.73825977E-26
   28.9732609         2.98555287E-26
   29.1000538         3.08490066E-26
   29.2268448         2.97964196E-26
   29.3536377         2.61076752E-26
   29.4804306         1.92104517E-26
   29.6072235         8.59716869E-27
   29.7340164        -6.11613990E-27
   29.8608093        -2.51212478E-26
   29.9876022        -4.83456210E-26
   30.1143932        -7.53691144E-26
   30.2411861        -1.05351782E-25
   30.3679790        -1.36964668E-25
   30.4947720        -1.68339355E-25
   30.6215649        -1.97044943E-25
   30.7483578        -2.20103976E-25
   30.8751507        -2.34052960E-25
   31.0019417        -2.35059300E-25
   31.1287346        -2.19100742E-25
   31.2555275        -1.82213224E-25
   31.3823204        -1.20805395E-25
   31.5091133        -3.20380511E-26
   31.6359062         8.57432824E-26
   31.7626991         2.32531691E-25
   31.8894920         4.06174964E-25
   32.0162849         6.01909104E-25
   32.1430779         8.11958999E-25
   32.2698708         1.02524692E-24
   32.3966637         1.22726670E-24
   32.5234528         1.40017683E-24
   32.6502457         1.52316705E-24
   32.7770386         1.57314671E-24
   32.9038315         1.52579455E-24
   33.0306244         1.35698916E-24
   33.1574173         1.04462164E-24
   33.2842102         5.70756839E-25
   33.4110031        -7.59151726E-26
   33.5377960        -8.97445439E-25
   33.6645889        -1.88395406E-24
   33.7913818        -3.01110042E-24
   33.9181747        -4.23792960E-24
   34.0449677        -5.50534272E-24
   34.1717606        -6.73546559E-24
   34.2985535        -7.83220313E-24
   34.4253426        -8.68325389E-24
   34.5521355        -9.16380113E-24
   34.6789284        -9.14206959E-24
   34.8057213        -8.48680938E-24
   34.9325142        -7.07668974E-24
   35.0593071        -4.81140111E-24
   35.1861000        -1.62410920E-24
   35.3128929         2.50527275E-24
   35.4396858         7.53673291E-24
   35.5664787         1.33576792E-23
   35.6932716         1.97723868E-23
   35.8200645         2.64946319E-23
   35.9468575         3.31448334E-23
   36.0736504         3.92529298E-23
   36.2004433         4.42683496E-23
   36.3272324         4.75778957E-23
   36.4540253         4.85324300E-23
   36.5808182         4.64824834E-23
   36.7076111         4.08226305E-23
   36.8344040         3.10434058E-23
   36.9611969         1.67892809E-23
   37.0879898        -2.08001696E-24
   37.2147827        -2.54283191E-23
   37.3415756        -5.27860153E-23
   37.4683685        -8.33022916E-23
   37.5951614        -1.15711847E-22
   37.7219543        -1.48322044E-22
   37.8487473        -1.79025608E-22
   37.9755402        -2.05344469E-22
   38.1023293        -2.24508627E-22
   38.2291222        -2.33572323E-22
   38.3559151        -2.29569403E-22
   38.4827080        -2.09704952E-22
   38.6095009        -1.71579897E-22
   38.7362938        -1.13439347E-22
   38.8630867        -3.44355014E-23
   38.9898796         6.51109383E-23
   39.1166725         1.83467425E-22
   39.2434654         3.17284930E-22
   39.3702583         4.61453590E-22
   39.4970512         6.09042119E-22
   39.6238441         7.51342630E-22
   39.7506371         8.78040406E-22
   39.8774300         9.77526747E-22
   40.0042191         1.03736214E-21
   40.1310120         1.04489612E-21
   40.2578049         9.88030790E-22
   40.3845978         8.56119211E-22
   40.5113907         6.40957286E-22
   40.6381836         3.37836031E-22
   40.7649765        -5.34078775E-23
   40.8917694        -5.27407865E-22
   41.0185623        -1.07242714E-21
   41.1453552        -1.66974646E-21
   41.2721481        -2.29336350E-21
   41.3989410        -2.91009066E-21
   41.5257339        -3.48012494E-21
   41.6525269        -3.95815253E-21
   41.7793198        -4.29502466E-21
   41.9061089        -4.44001876E-21
   42.0329018        -4.34365747E-21
   42.1596947        -3.96103353E-21
   42.2864876        -3.25551147E-21
   42.4132805        -2.20267999E-21
   42.5400734        -7.94341229E-22
   42.6668663         9.57695516E-22
   42.7936592         3.01829421E-21
   42.9204521         5.32642801E-21
   43.0472450         7.79370300E-21
   43.1740379         1.03042325E-20
   43.3008308         1.27161878E-20
   43.4276237         1.48651885E-20
   43.5544167         1.65697395E-20
   43.6812096         1.76387445E-20
   43.8079987         1.78810534E-20
   43.9347916         1.71168339E-20
   44.0615845         1.51904934E-20
   44.1883774         1.19845691E-20
   44.3151703         7.43403534E-21
   44.4419632         1.54019970E-21
   44.5687561        -5.61667430E-21
   44.6955490        -1.38670432E-20
   44.8223419        -2.29450451E-20
   44.9491348        -3.24858125E-20
   45.0759277        -4.20280550E-20
   45.2027206        -5.10227168E-20
   45.3295135        -5.88483753E-20
   45.4563065        -6.48335569E-20
   45.5830994        -6.82861183E-20
   45.7098885        -6.85291091E-20
   45.8366814        -6.49421955E-20
   45.9634743        -5.70073491E-20
   46.0902672        -4.43569690E-20
   46.2170601        -2.68218855E-20
   46.3438530        -4.47675519E-21
   46.4706459         2.23202911E-20
   46.5974388         5.28970337E-20
   46.7242317         8.62488494E-20
   46.8510246         1.21035743E-19
   46.9778175         1.55597701E-19
   47.1046104         1.87990611E-19
   47.2314034         2.16043821E-19
   47.3581963         2.37440696E-19
   47.4849892         2.49820358E-19
   47.6117783         2.50899829E-19
   47.7385712         2.38612009E-19
   47.8653641         2.11255557E-19
   47.9921570         1.67649606E-19
   48.1189499         1.07286230E-19
   48.2457428         3.04718022E-20
   48.3725357        -6.15524222E-20
   48.4993286        -1.66520194E-19
   48.6261215        -2.81090500E-19
   48.7529144        -4.00847511E-19
   48.8797073        -5.20357610E-19
   49.0065002        -6.33289994E-19
   49.1332932        -7.32605279E-19
   49.2600861        -8.10810398E-19
   49.3868790        -8.60279107E-19
   49.5136681        -8.73630940E-19
   49.6404610        -8.44156168E-19
   49.7672539        -7.66273081E-19
   49.8940468        -6.35998390E-19
   50.0208397        -4.51407711E-19
   50.1476326        -2.13060491E-19
   50.2744255         7.56384421E-20
   50.4012184         4.08166095E-19
   50.5280113         7.74730331E-19
   50.6548042         1.16226104E-18
   50.7815971         1.55456923E-18
   50.9083900         1.93268848E-18
   51.0351830         2.27541008E-18
   51.1619759         2.56001005E-18
   51.2887688         2.76316354E-18
   51.4155579         2.86202465E-18
   51.5423508         2.83543886E-18
   51.6691437         2.66525328E-18
   51.7959366         2.33766680E-18
   51.9227295         1.84455817E-18
   52.0495224         1.18472767E-18
   52.1763153         3.64974601E-19
   52.3031082        -5.99067309E-19
   52.4299011        -1.68240647E-18
   52.5566940        -2.85056220E-18
   52.6834869        -4.05986945E-18
   52.8102798        -5.25828210E-18
   52.9370728        -6.38669915E-18
   53.0638657        -7.38080522E-18
   53.1906586        -8.17344277E-18
   53.3174477        -8.69742447E-18
   53.4442406        -8.88875300E-18
   53.5710335        -8.69011881E-18
   53.6978264        -8.05456451E-18
   53.8246193        -6.94914598E-18
   53.9514122        -5.35842596E-18
   54.0782051        -3.28761053E-18
   54.2049980        -7.65121335E-19
   54.3317909         2.15556816E-18
   54.4585838         5.39505435E-18
   54.5853767         8.84819964E-18
   54.7121696         1.23855805E-17
   54.8389626         1.58562467E-17
   54.9657555         1.90918381E-17
   55.0925484         2.19120508E-17
   55.2193375         2.41313731E-17
   55.3461304         2.55669020E-17
   55.4729233         2.60470804E-17
   55.5997162         2.54209791E-17
   55.7265091         2.35678944E-17
   55.8533020         2.04066814E-17
   55.9800949         1.59045590E-17
   56.1068878         1.00847643E-17
   56.2336807         3.03266519E-18
   56.3604736        -5.10019920E-18
   56.4872665        -1.40945323E-17
   56.6140594        -2.36645388E-17
   56.7408524        -3.34623377E-17
   56.8676453        -4.30856742E-17
   56.9944382        -5.20889892E-17
   57.1212273        -5.99977723E-17
   57.2480202        -6.63258892E-17
   57.3748131        -7.05956301E-17
   57.5016060        -7.23595895E-17
   57.6283989        -7.12240822E-17
   57.7551918        -6.68727880E-17
   57.8819847        -5.90899448E-17
   58.0087776        -4.77818631E-17
   58.1355705        -3.29956457E-17
   58.2623634        -1.49339883E-17
   58.3891563         6.03492074E-18
   58.5159492         2.93736699E-17
   58.6427422         5.43785954E-17
   58.7695351         8.01903826E-17
   58.8963280         1.05812375E-16
   59.0231171         1.30137163E-16
   59.1499100         1.51980594E-16
   59.2767029         1.70123259E-16
   59.4034958         1.83358003E-16
   59.5302887         1.90542364E-16
   59.6570816         1.90654384E-16
   59.7838745         1.82849241E-16
   59.9106674         1.66515441E-16
   60.0374603         1.41326680E-16
   60.1642532         1.07288204E-16
   60.2910461         6.47744491E-17
   60.4178391         1.45548236E-17
   60.5446320        -4.21933349E-17
   60.6714249        -1.03887976E-16
   60.7982178        -1.68562428E-16
   60.9250069        -2.33903569E-16
   61.0517998        -2.97308882E-16
   61.1785927        -3.55961493E-16
   61.3053856        -4.06921934E-16
   61.4321785        -4.47236096E-16
   61.5589714        -4.74054112E-16
   61.6857643        -4.84759126E-16
   61.8125572        -4.77099513E-16
   61.9393501        -4.49321121E-16
   62.0661430        -4.00293557E-16
   62.1929359        -3.29623692E-16
   62.3197289        -2.37752196E-16
   62.4465218        -1.26026472E-16
   62.5733147         3.25625376E-18
   62.7001076         1.46838919E-16
   62.8268967         3.00533007E-16
   62.9536896         4.59287310E-16
   63.0804825         6.17299665E-16
   63.2072754         7.68169998E-16
   63.3340683         9.05094726E-16
   63.4608612         1.02109652E-15
   63.5876541         1.10928843E-15
   63.7144470         1.16315729E-15
   63.8412399         1.17686715E-15
   63.9680328         1.14556315E-15
   64.0948257         1.06567153E-15
   64.2216187         9.35175090E-16
   64.3484116         7.53860223E-16
   64.4752045         5.23511519E-16
   64.6019974         2.48052196E-16
   64.7287903        -6.63910314E-17
   64.8555832        -4.11502741E-16
   64.9823761        -7.76882314E-16
   65.1091690        -1.15024311E-15
   65.2359619        -1.51770644E-15
   65.3627548        -1.86419140E-15
   65.4895477        -2.17388910E-15
   65.6163330        -2.43081875E-15
   65.7431259        -2.61944664E-15
   65.8699188        -2.72534524E-15
   65.9967117        -2.73588550E-15
   66.1235046        -2.64091596E-15
   66.2502975        -2.43342105E-15
   66.3770905        -2.11011641E-15
   66.5038834        -1.67195241E-15
   66.6306763        -1.12450771E-15
   66.7574692        -4.78229085E-16
   66.8842621         2.51495014E-16
   67.0110550         1.04445303E-15
   67.1378479         1.87593170E-15
   67.2646408         2.71724993E-15
   67.3914337         3.53650464E-15
   67.5182266         4.29951764E-15
   67.6450195         4.97097040E-15
   67.7718124         5.51568882E-15
   67.8986053         5.90005543E-15
   68.0253983         6.09349488E-15
   68.1521912         6.06998167E-15
   68.2789841         5.80951015E-15
   68.4057770         5.29947603E-15
   68.5325699         4.53587371E-15
   68.6593628         3.52429699E-15
   68.7861557         2.28061715E-15
   68.9129486         8.31337162E-16
   69.0397415        -7.86452039E-16
   69.1665344        -2.52554732E-15
   69.2933273        -4.32955385E-15
   69.4201126        -6.13426088E-15
   69.5469055        -7.86946378E-15
   69.6736984        -9.46118777E-15
   69.8004913        -1.08342841E-14
   69.9272842        -1.19153031E-14
   70.0540771        -1.26355564E-14
   70.1808701        -1.29342931E-14
   70.3076630        -1.27618261E-14
   70.4344559        -1.20825049E-14
   70.5612488        -1.08774040E-14
   70.6880417        -9.14657601E-15
   70.8148346        -6.91073811E-15
   70.9416275        -4.21228976E-15
   71.0684204        -1.11555721E-15
   71.1952133         2.29384294E-15
   71.3220062         5.91052941E-15
   71.4487991         9.61182326E-15
   71.5755920         1.32611233E-14
   71.7023849         1.67121311E-14
   71.8291779         1.98138438E-14
   71.9559708         2.24161391E-14
   72.0827637         2.43758210E-14
   72.2095566         2.55629275E-14
   72.3363495         2.58669649E-14
   72.4631424         2.52029893E-14
   72.5899353         2.35170634E-14
   72.7167282         2.07909895E-14
   72.8435211         1.70459892E-14
   72.9703140         1.23450563E-14
   73.0971069         6.79387593E-15
   73.2238922         5.40048831E-16
   73.3506851        -6.22939793E-15
   73.4774780        -1.32923212E-14
   73.6042709        -2.03975071E-14
   73.7310638        -2.72723908E-14
   73.8578568        -3.36322292E-14
   73.9846497        -3.91905069E-14
   74.1114426        -4.36702269E-14
   74.2382355        -4.68156296E-14
   74.3650284        -4.84041111E-14
   74.4918213        -4.82575067E-14
   74.6186142        -4.62526271E-14
   74.7454071        -4.23302886E-14
   74.8722000        -3.65023766E-14
   74.9989929        -2.88567218E-14
   75.1257858        -1.95590817E-14
   75.2525787        -8.85225917E-15
   75.3793716         2.94804777E-15
   75.5061646         1.54606196E-14
   75.6329575         2.82492705E-14
   75.7597504         4.08363833E-14
   75.8865433         5.27191714E-14
   76.0133362         6.33879613E-14
   76.1401291         7.23461343E-14
   76.2669220         7.91309970E-14
   76.3937149         8.33345369E-14
   76.5205078         8.46235855E-14
   76.6473007         8.27580666E-14
   76.7740936         7.76069747E-14
   76.9008865         6.91608297E-14
   77.0276718         5.75399442E-14
   77.1544647         4.29981571E-14
   77.2812576         2.59211055E-14
   77.4080505         6.81923314E-15
   77.5348434        -1.36849201E-14
   77.6616364        -3.48747690E-14
   77.7884293        -5.59626503E-14
   77.9152222        -7.61173893E-14
   78.0420151        -9.44951650E-14
   78.1688080        -1.10272929E-13
   78.2956009        -1.22683127E-13
   78.4223938        -1.31047950E-13
   78.5491867        -1.34812558E-13
   78.6759796        -1.33574629E-13
   78.8027725        -1.27109952E-13
   78.9295654        -1.15391719E-13
   79.0563583        -9.86032477E-14
   79.1831512        -7.71423195E-14
   79.3099442        -5.16173306E-14
   79.4367371        -2.28339551E-14
   79.5635300         8.22670924E-15
   79.6903229         4.04388234E-14
   79.8171158         7.25702051E-14
   79.9439087         1.03327523E-13
   80.0707016         1.31406333E-13
   80.1974945         1.55544685E-13
   80.3242874         1.74577936E-13
   80.4510803         1.87492478E-13
   80.5778732         1.93476176E-13
   80.7046585         1.91962982E-13
   80.8314514         1.82670095E-13
   80.9582443         1.65624540E-13
   81.0850372         1.41178464E-13
   81.2118301         1.10011636E-13
   81.3386230         7.31196448E-14
   81.4654160         3.17884316E-14
   81.5922089        -1.24450638E-14
   81.7190018        -5.78453911E-14
   81.8457947        -1.02542188E-13
   81.9725876        -1.44603147E-13
   82.0993805        -1.82113818E-13
   82.2261734        -2.13260846E-13
   82.3529663        -2.36415407E-13
   82.4797592        -2.50213966E-13
   82.6065521        -2.53630721E-13
   82.7333450        -2.46040845E-13
   82.8601379        -2.27268738E-13
   82.9869308        -1.97620579E-13
   83.1137238        -1.57897011E-13
   83.2405167        -1.09385211E-13
   83.3673096        -5.38290454E-14
   83.4941025         6.62134210E-15
   83.6208954         6.94814892E-14
   83.7476883         1.32023095E-13
   83.8744812         1.91380250E-13
   84.0012741         2.44667757E-13
   84.1280670         2.89107117E-13
   84.2548599         3.22155659E-13
   84.3816528         3.41632105E-13
   84.5084381         3.45834716E-13
   84.6352310         3.33644841E-13
   84.7620239         3.04612048E-13
   84.8888168         2.59013649E-13
   85.0156097         1.97888296E-13
   85.1424026         1.23036238E-13
   85.2691956         3.69883940E-14
   85.3959885        -5.70596562E-14
   85.5227814        -1.55345219E-13
   85.6495743        -2.53667990E-13
   85.7763672        -3.47544747E-13
   85.9031601        -4.32386928E-13
   86.0299530        -5.03693821E-13
   86.1567459        -5.57253191E-13
   86.2835388        -5.89342106E-13
   86.4103317        -5.96919812E-13
   86.5371246        -5.77802725E-13
   86.6639175        -5.30813783E-13
   86.7907104        -4.55899533E-13
   86.9175034        -3.54204025E-13
   87.0442963        -2.28099386E-13
   87.1710892        -8.11653872E-14
   87.2978821         8.18836982E-14
   87.4246750         2.55323947E-13
   87.5514679         4.32595962E-13
   87.6782608         6.06525735E-13
   87.8050537         7.69582748E-13
   87.9318466         9.14174118E-13
   88.0586395         1.03294998E-12
   88.1854324         1.11912541E-12
   88.3122177         1.16679409E-12
   88.4390106         1.17122685E-12
   88.5658035         1.12913606E-12
   88.6925964         1.03890128E-12
   88.8193893         9.00734131E-13
   88.9461823         7.16785734E-13
   89.0729752         4.91173400E-13
   89.1997681         2.29934344E-13
   89.3265610        -5.91028149E-14
   89.4533539        -3.66526660E-13
   89.5801468        -6.81627823E-13
   89.7069397        -9.92749394E-13
   89.8337326        -1.28769966E-12
   89.9605255        -1.55420110E-12
   90.0873184        -1.78037739E-12
   90.2141113        -1.95524044E-12
   90.3409042        -2.06917339E-12
   90.4676971        -2.11438657E-12
   90.5944901        -2.08531673E-12
   90.7212830        -1.97896539E-12
   90.8480759        -1.79514791E-12
   90.9748688        -1.53664614E-12
   91.1016617        -1.20924592E-12
   91.2284546        -8.21667929E-13
   91.3552475        -3.85361231E-13
   91.4820404         8.58059487E-14
   91.6088333         5.75976007E-13
   91.7356262         1.06782519E-12
   91.8624191         1.54317726E-12
   91.9892120         1.98367299E-12
   92.1159973         2.37148409E-12
   92.2427902         2.69003418E-12
   92.3695831         2.92470497E-12
   92.4963760         3.06349976E-12
   92.6231689         3.09763131E-12
   92.7499619         3.02200604E-12
   92.8767548         2.83558051E-12
   93.0035477         2.54158001E-12
   93.1303406         2.14755210E-12
   93.2571335         1.66524487E-12
   93.3839264         1.11031800E-12
   93.5107193         5.01880601E-13
   93.6375122        -1.38131097E-13
   93.7643051        -7.85707870E-13
   93.8910980        -1.41565384E-12
   94.0178909        -2.00254570E-12
   94.1446838        -2.52175516E-12
   94.2714767        -2.95047233E-12
   94.3982697        -3.26871169E-12
   94.5250626        -3.46024598E-12
   94.6518555        -3.51342219E-12
   94.7786484        -3.42184072E-12
   94.9054413        -3.18483998E-12
   95.0322342        -2.80778374E-12
   95.1590271        -2.30210317E-12
   95.2858200        -1.68510626E-12
   95.4126129        -9.79533837E-13
   95.5394058        -2.12881186E-13
   95.6661987         5.83523084E-13
   95.7929916         1.37560221E-12
   95.9197769         2.12782266E-12
   96.0465698         2.80456908E-12
   96.1733627         3.37160963E-12
   96.3001556         3.79755949E-12
   96.4269485         4.05533723E-12
   96.5537415         4.12346329E-12
   96.6805344         3.98724283E-12
   96.8073273         3.63972871E-12
   96.9341202         3.08241670E-12
   97.0609131         2.32562342E-12
   97.1877060         1.38857328E-12
   97.3144989         2.99120781E-13
   97.4412918        -9.06898851E-13
   97.5680847        -2.18663065E-12
   97.6948776        -3.49149789E-12
   97.8216705        -4.76878649E-12
   97.9484634        -5.96345326E-12
   98.0752563        -7.02013057E-12
   98.2020493        -7.88521245E-12
   98.3288422        -8.50899559E-12
   98.4556351        -8.84777147E-12
   98.5824280        -8.86576836E-12
   98.7092209        -8.53692117E-12
   98.8360138        -7.84631561E-12
   98.9628067        -6.79135134E-12
   99.0895996        -5.38238551E-12
   99.2163925        -3.64309754E-12
   99.3431854        -1.61018117E-12
   99.4699783         6.67250868E-13
   99.5967712         3.12887541E-12
   99.7235565         5.70472359E-12
   99.8503494         8.31723926E-12
   99.9771423         1.08835562E-11
   100.103935         1.33181608E-11
   100.230728         1.55356561E-11
   100.357521         1.74536306E-11
   100.484314         1.89955066E-11
   100.611107         2.00932396E-11
   100.737900         2.06898249E-11
   100.864693         2.07414502E-11
   100.991486         2.02192204E-11
   101.118279         1.91104476E-11
   101.245071         1.74193680E-11
   101.371864         1.51672928E-11
   101.498657         1.23921732E-11
   101.625450         9.14764185E-12
   101.752243         5.50137540E-12
   101.879036         1.53313722E-12
   102.005829        -2.66771175E-12
   102.132622        -7.00497169E-12
   102.259415        -1.13786246E-11
   102.386208        -1.56878902E-11
   102.513000        -1.98343182E-11
   102.639793        -2.37246698E-11
   102.766586        -2.72735601E-11
   102.893379        -3.04057439E-11
   103.020172        -3.30579904E-11
   103.146965        -3.51801539E-11
   103.273758        -3.67359893E-11
   103.400551        -3.77031600E-11
   103.527336        -3.80726110E-11
   103.654129        -3.78474196E-11
   103.780922        -3.70410785E-11
   103.907715        -3.56753516E-11
   104.034508        -3.37778069E-11
   104.161301        -3.13791736E-11
   104.288094        -2.85105672E-11
   104.414886        -2.52009351E-11
   104.541679        -2.14746537E-11
   104.668472        -1.73497675E-11
   104.795265        -1.28363344E-11
   104.922058        -7.93622720E-12
   105.048851        -2.64279766E-12
   105.175644         3.05775847E-12
   105.302437         9.18458538E-12
   105.429230         1.57594424E-11
   105.556023         2.28029574E-11
   105.682816         3.03303042E-11
   105.809608         3.83462082E-11
   105.936401         4.68396398E-11
   106.063194         5.57780558E-11
   106.189987         6.51021320E-11
   106.316780         7.47202786E-11
   106.443573         8.45043480E-11
   106.570366         9.42858569E-11
   106.697159         1.03853585E-10
   106.823952         1.12952599E-10
   106.950745         1.21285065E-10
   107.077538         1.28512950E-10
   107.204330         1.34262643E-10
   107.331116         1.38131936E-10
   107.457909         1.39699211E-10
   107.584702         1.38534240E-10
   107.711494         1.34211642E-10
   107.838287         1.26325631E-10
   107.965080         1.14506002E-10
   108.091873         9.84359469E-11
   108.218666         7.78694678E-11
   108.345459         5.26496589E-11
   108.472252         2.27258559E-11
   108.599045        -1.18296588E-11
   108.725838        -5.08074208E-11
   108.852631        -9.38486303E-11
   108.979424        -1.40435427E-10
   109.106216        -1.89885940E-10
   109.233009        -2.41352577E-10
   109.359802        -2.93825159E-10
   109.486595        -3.46138951E-10
   109.613388        -3.96988192E-10
   109.740181        -4.44944331E-10
   109.866974        -4.88480534E-10
   109.993767        -5.26000465E-10
   110.120560        -5.55872626E-10
   110.247353        -5.76468318E-10
   110.374146        -5.86205362E-10
   110.500938        -5.83591786E-10
   110.627731        -5.67274561E-10
   110.754524        -5.36087785E-10
   110.881317        -4.89101593E-10
   111.008102        -4.25669000E-10
   111.134895        -3.45470985E-10
   111.261688        -2.48557563E-10
   111.388481        -1.35382913E-10
   111.515274        -6.83470164E-12
   111.642067         1.35745318E-10
   111.768860         2.90548779E-10
   111.895653         4.55298854E-10
   112.022446         6.27260022E-10
   112.149239         8.03257738E-10
   112.276031         9.79712977E-10
   112.402824         1.15268584E-09
   112.529617         1.31793521E-09
   112.656410         1.47098767E-09
   112.783203         1.60721869E-09
   112.909996         1.72194570E-09
   113.036789         1.81052784E-09
   113.163582         1.86847537E-09
   113.290375         1.89156468E-09
   113.417168         1.87595517E-09
   113.543961         1.81830984E-09
   113.670753         1.71591408E-09
   113.797546         1.56678792E-09
   113.924339         1.36979539E-09
   114.051132         1.12474008E-09
   114.177925         8.32451164E-10
   114.304718         4.94852215E-10
   114.431511         1.15011646E-10
   114.558304        -3.02827680E-10
   114.685097        -7.53240081E-10
   114.811882        -1.22963806E-09
   114.938675        -1.72431469E-09
   115.065468        -2.22851715E-09
   115.192261        -2.73254663E-09
   115.319054        -3.22588400E-09
   115.445847        -3.69734932E-09
   115.572639        -4.13527923E-09
   115.699432        -4.52773463E-09
   115.826225        -4.86272400E-09
   115.953018        -5.12845011E-09
   116.079811        -5.31356648E-09
   116.206604        -5.40744871E-09
   116.333397        -5.40046496E-09
   116.460190        -5.28424948E-09
   116.586983        -5.05197129E-09
   116.713776        -4.69858863E-09
   116.840569        -4.22108304E-09
   116.967361        -3.61868158E-09
   117.094154        -2.89303115E-09
   117.220947        -2.04835349E-09
   117.347740        -1.09155218E-09
   117.474533        -3.22717894E-11
   117.601326         1.11708609E-09
   117.728119         2.34140241E-09
   117.854912         3.62294106E-09
   117.981705         4.94149965E-09
   118.108498         6.27462571E-09
   118.235291         7.59788144E-09
   118.362083         8.88518148E-09
   118.488876         1.01091651E-08
   118.615662         1.12416290E-08
   118.742455         1.22540076E-08
   118.869247         1.31178908E-08
   118.996040         1.38055611E-08
   119.122833         1.42905749E-08
   119.249626         1.45483403E-08
   119.376419         1.45567034E-08
   119.503212         1.42965328E-08
   119.630005         1.37522793E-08
   119.756798         1.29125031E-08
   119.883591         1.17703749E-08
   120.010384         1.03240856E-08
   120.137177         8.57723670E-09
   120.263969         6.53912613E-09
   120.390762         4.22494484E-09
   120.517555         1.65588721E-09
   120.644348        -1.14083543E-09
   120.771141        -4.13211332E-09
   120.897934        -7.27915328E-09
   121.024727        -1.05378142E-08
   121.151520        -1.38590783E-08
   121.278313        -1.71895937E-08
   121.405106        -2.04723918E-08
   121.531898        -2.36476492E-08
   121.658691        -2.66535984E-08
   121.785484        -2.94274649E-08
   121.912277        -3.19065343E-08
   122.039070        -3.40292381E-08
   122.165863        -3.57362708E-08
   122.292656        -3.69717768E-08
   122.419441        -3.76844582E-08
   122.546234        -3.78287268E-08
   122.673027        -3.73657798E-08
   122.799820        -3.62645913E-08
   122.926613        -3.45028646E-08
   123.053406        -3.20678204E-08
   123.180199        -2.89568778E-08
   123.306992        -2.51782026E-08
   123.433784        -2.07510826E-08
   123.560577        -1.57061137E-08
   123.687370        -1.00852349E-08
   123.814163        -3.94152266E-09
   123.940956         2.66115152E-09
   124.067749         9.64869606E-09
   124.194542         1.69375465E-08
   124.321335         2.44355913E-08
   124.448128         3.20432818E-08
   124.574921         3.96548607E-08
   124.701714         4.71597552E-08
   124.828506         5.44440937E-08
   124.955299         6.13922495E-08
   125.082092         6.78885144E-08
   125.208885         7.38187893E-08
   125.335678         7.90723007E-08
   125.462471         8.35432061E-08
   125.589264         8.71322996E-08
   125.716057         8.97485677E-08
   125.842850         9.13105893E-08
   125.969643         9.17479284E-08
   126.096436         9.10022990E-08
   126.223221         8.90286813E-08
   126.350014         8.57961098E-08
   126.476807         8.12883698E-08
   126.603600         7.55045519E-08
   126.730392         6.84592933E-08
   126.857185         6.01828631E-08
   126.983978         5.07211624E-08
   127.110771         4.01353972E-08
   127.237564         2.85016313E-08
   127.364357         1.59102367E-08
   127.491150         2.46511167E-09
   127.617943        -1.17171393E-08
   127.744736        -2.65081788E-08
   127.871529        -4.17689776E-08
   127.998322        -5.73509240E-08
   128.125107        -7.30968779E-08
   128.251907        -8.88424623E-08
   128.378693        -1.04417019E-07
   128.505493        -1.19644838E-07
   128.632278        -1.34346109E-07
   128.759079        -1.48338032E-07
   128.885864        -1.61435608E-07
   129.012665        -1.73452520E-07
   129.139450        -1.84201909E-07
   129.266251        -1.93496959E-07
   129.393036        -2.01151408E-07
   129.519836        -2.06980076E-07
   129.646622        -2.10799101E-07
   129.773422        -2.12426343E-07
   129.900208        -2.11681396E-07
   130.027008        -2.08385885E-07
   130.153793        -2.02363566E-07
   130.280594        -1.93440172E-07
   130.407379        -1.81443767E-07
   130.534180        -1.66204671E-07
   130.660965        -1.47555511E-07
   130.787766        -1.25331411E-07
   130.914551        -9.93701974E-08
   131.041351        -6.95125593E-08
   131.168137        -3.56025289E-08
   131.294937         2.51227483E-09
   131.421722         4.49799842E-08
   131.548523         9.19439742E-08
   131.675308         1.43542223E-07
   131.802109         1.99906481E-07
   131.928894         2.61161460E-07
   132.055679         3.27424146E-07
   132.182480         3.98802683E-07
   132.309265         4.75395581E-07
   132.436066         5.57290775E-07
   132.562851         6.44564579E-07
   132.689651         7.37281312E-07
   132.816437         8.35492131E-07
   132.943237         9.39234383E-07
   133.070023         1.04853143E-06
   133.196823         1.16339220E-06
   133.323608         1.28381032E-06
   133.450409         1.40976510E-06
   133.577194         1.54121972E-06
   133.703995         1.67812505E-06
   133.830780         1.82041481E-06
   133.957581         1.96801079E-06
   134.084366         2.12082114E-06
   134.211166         2.27874011E-06
   134.337952         2.44165176E-06
   134.464752         2.60942761E-06
   134.591537         2.78192920E-06
   134.718338         2.95900873E-06
   134.845123         3.14050840E-06
   134.971924         3.32626109E-06
   135.098709         3.51609106E-06
   135.225510         3.70981434E-06
   135.352295         3.90723517E-06
   135.479095         4.10814891E-06
   135.605881         4.31234002E-06
   135.732666         4.51958158E-06
   135.859467         4.72963029E-06
   135.986252         4.94222832E-06
   136.113052         5.15709871E-06
   136.239838         5.37394362E-06
   136.366638         5.59243927E-06
   136.493423         5.81223730E-06
   136.620224         6.03295985E-06
   136.747009         6.25419307E-06
   136.873810         6.47548950E-06
   137.000595         6.69636393E-06
   137.127396         6.91628884E-06
   137.254181         7.13469126E-06
   137.380981         7.35095546E-06
   137.507767         7.56442205E-06
   137.634567         7.77437981E-06
   137.761353         7.98007477E-06
   137.888153         8.18071203E-06
   138.014938         8.37544940E-06
   138.141739         8.56341285E-06
   138.268524         8.74368743E-06
   138.395325         8.91533546E-06
   138.522110         9.07739468E-06
   138.648911         9.22888648E-06
   138.775696         9.36882952E-06
   138.902496         9.49624336E-06
   139.029282         9.61015758E-06
   139.156082         9.70962628E-06
   139.282867         9.79373544E-06
   139.409653         9.86162104E-06
   139.536453         9.91246543E-06
   139.663239         9.94552647E-06
   139.790039         9.96012477E-06
   139.916824         9.95568007E-06
   140.043625         9.93169306E-06
   140.170410         9.88777265E-06
   140.297211         9.82364054E-06
   140.423996         9.73913120E-06
   140.550797         9.63419734E-06
   140.677582         9.50891535E-06
   140.804382         9.36348715E-06
   140.931168         9.19824106E-06
   141.057968         9.01362000E-06
   141.184753         8.81018877E-06
   141.311554         8.58862768E-06
   141.438339         8.34972707E-06
   141.565140         8.09438188E-06
   141.691925         7.82358438E-06
   141.818726         7.53841414E-06
   141.945511         7.24002848E-06
   142.072311         6.92965068E-06
   142.199097         6.60857086E-06
   142.325897         6.27811733E-06
   142.452682         5.93966570E-06
   142.579483         5.59462296E-06
   142.706268         5.24441521E-06
   142.833069         4.89048580E-06
   142.959854         4.53428902E-06
   143.086655         4.17727142E-06
   143.213440         3.82087728E-06
   143.340225         3.46653383E-06
   143.467026         3.11564941E-06
   143.593811         2.76961191E-06
   143.720612         2.42977717E-06
   143.847397         2.09747395E-06
   143.974197         1.77399363E-06
   144.100983         1.46059676E-06
   144.227783         1.15849446E-06
   144.354568         8.68851885E-07
   144.481369         5.92780509E-07
   144.608154         3.31335826E-07
   144.734955         8.55144719E-08
   144.861740        -1.43760502E-07
   144.988541        -3.55632551E-07
   145.115326        -5.49329172E-07
   145.242126        -7.24157985E-07
   145.368912        -8.79526795E-07
   145.495712        -1.01494049E-06
   145.622498        -1.13001568E-06
   145.749298        -1.22448705E-06
   145.876083        -1.29821274E-06
   146.002884        -1.35117955E-06
   146.129669        -1.38350890E-06
   146.256470        -1.39545841E-06
   146.383255        -1.38742621E-06
   146.510056        -1.35995015E-06
   146.636841        -1.31371110E-06
   146.763641        -1.24953112E-06
   146.890427        -1.16836532E-06
   147.017212        -1.07130188E-06
   147.144012        -9.59545787E-07
   147.270798        -8.34416824E-07
   147.397598        -6.97329142E-07
   147.524384        -5.49782385E-07
   147.651184        -3.93342106E-07
   147.777969        -2.29630061E-07
   147.904770        -6.03050268E-08
   148.031555         1.12953821E-07
   148.158356         2.88465628E-07
   148.285141         4.64565858E-07
   148.411942         6.39623920E-07
   148.538727         8.12060080E-07
   148.665527         9.80364007E-07
   148.792313         1.14310546E-06
   148.919113         1.29894715E-06
   149.045898         1.44665466E-06
   149.172699         1.58510522E-06
   149.299484         1.71329157E-06
   149.426285         1.83032716E-06
   149.553070         1.93545111E-06
   149.679871         2.02802744E-06
   149.806656         2.10754092E-06
   149.933456         2.17359707E-06
   150.060242         2.22591370E-06
   150.187042         2.26431416E-06
   150.313828         2.28871932E-06
   150.440628         2.29913894E-06
   150.567413         2.29566444E-06
   150.694214         2.27845931E-06
   150.820999         2.24774999E-06
   150.947784         2.20382663E-06
   151.074585         2.14702754E-06
   151.201370         2.07773610E-06
   151.328171         1.99637861E-06
   151.454956         1.90341632E-06
   151.581757         1.79934409E-06
   151.708542         1.68469114E-06
   151.835342         1.56002216E-06
   151.962128         1.42593285E-06
   152.088928         1.28306169E-06
   152.215714         1.13208318E-06
   152.342514         9.73715828E-07
   152.469299         8.08721836E-07
   152.596100         6.37905657E-07
   152.722885         4.62116958E-07
   152.849686         2.82249545E-07
   152.976471         9.92379299E-08
   153.103271        -8.59433626E-08
   153.230057        -2.72288361E-07
   153.356857        -4.58762798E-07
   153.483643        -6.44316856E-07
   153.610443        -8.27893018E-07
   153.737228        -1.00844090E-06
   153.864029        -1.18493256E-06
   153.990814        -1.35637538E-06
   154.117615        -1.52183202E-06
   154.244400        -1.68043107E-06
   154.371201        -1.83138707E-06
   154.497986        -1.97401391E-06
   154.624771        -2.10773942E-06
   154.751572        -2.23211896E-06
   154.878357        -2.34684558E-06
   155.005157        -2.45176352E-06
   155.131943        -2.54686847E-06
   155.258743        -2.63231505E-06
   155.385529        -2.70841542E-06
   155.512329        -2.77563618E-06
   155.639114        -2.83458940E-06
   155.765915        -2.88602473E-06
   155.892700        -2.93081462E-06
   156.019501        -2.96993949E-06
   156.146286        -3.00447027E-06
   156.273087        -3.03554816E-06
   156.399872        -3.06436118E-06
   156.526672        -3.09212510E-06
   156.653458        -3.12005636E-06
   156.780258        -3.14935301E-06
   156.907043        -3.18116622E-06
   157.033844        -3.21658354E-06
   157.160629        -3.25660744E-06
   157.287430        -3.30213607E-06
   157.414215        -3.35395384E-06
   157.541016        -3.41271266E-06
   157.667801        -3.47892933E-06
   157.794601        -3.55297220E-06
   157.921387        -3.63506319E-06
   158.048187        -3.72527279E-06
   158.174973        -3.82352528E-06
   158.301773        -3.92959782E-06
   158.428558        -4.04313505E-06
   158.555344        -4.16364901E-06
   158.682144        -4.29053671E-06
   158.808929        -4.42308738E-06
   158.935730        -4.56049565E-06
   159.062515        -4.70186933E-06
   159.189316        -4.84624752E-06
   159.316101        -4.99260750E-06
   159.442902        -5.13987425E-06
   159.569687        -5.28692999E-06
   159.696487        -5.43262922E-06
   159.823273        -5.57579460E-06
   159.950073        -5.71524060E-06
   160.076859        -5.84976488E-06
   160.203659        -5.97816143E-06
