  -4.50000000         0.00000000    
  -4.37320757         0.00000000    
  -4.24641466         0.00000000    
  -4.11962223         0.00000000    
  -3.99282932         0.00000000    
  -3.86603665         0.00000000    
  -3.73924398         0.00000000    
  -3.61245155         6.17940218E-32
  -3.48565888         1.80416208E-30
  -3.35886621        -1.07178648E-29
  -3.23207355        -1.33377763E-28
  -3.10528088        -1.02025108E-27
  -2.97848821        -5.23575996E-27
  -2.85169554        -1.95767620E-26
  -2.72490287        -5.53464626E-26
  -2.59811020        -1.16248922E-25
  -2.47131753        -1.55101283E-25
  -2.34452486         1.52413242E-26
  -2.21773219         8.30191103E-25
  -2.09093952         2.98077838E-24
  -1.96414697         7.09006172E-24
  -1.83735430         1.28341445E-23
  -1.71056163         1.76142416E-23
  -1.58376896         1.56808303E-23
  -1.45697629        -3.53767976E-25
  -1.33018374        -3.32646614E-23
  -1.20339108        -6.95186954E-23
  -1.07659841        -6.63467615E-23
 -0.949805737         5.05427126E-23
 -0.823013067         3.60272144E-22
 -0.696220458         8.75131340E-22
 -0.569427788         1.42761811E-21
 -0.442635119         1.55988936E-21
 -0.315842479         5.09237053E-22
 -0.189049825        -2.58561493E-21
  -6.22571707E-02    -8.16180484E-21
   6.45354837E-02    -1.54227001E-20
  0.191328138        -2.14914076E-20
  0.318120778        -2.10296874E-20
  0.444913447        -6.97498564E-21
  0.571706116         2.70719752E-20
  0.698498726         8.27937612E-20
  0.825291395         1.52319584E-19
  0.952084064         2.14527612E-19
   1.07887673         2.35128054E-19
   1.20566940         1.73000586E-19
   1.33246195        -6.22773459E-21
   1.45925462        -3.11203389E-19
   1.58604729        -7.05823084E-19
   1.71283996        -1.09844240E-18
   1.83963263        -1.34824567E-18
   1.96642530        -1.29467838E-18
   2.09321785        -8.08774862E-19
   2.22001052         1.44598642E-19
   2.34680319         1.45393288E-18
   2.47359586         2.84260948E-18
   2.60038853         3.90535335E-18
   2.72718120         4.20505247E-18
   2.85397387         3.41176496E-18
   2.98076653         1.44063347E-18
   3.10755920        -1.47051661E-18
   3.23435187        -4.79879527E-18
   3.36114454        -7.91288501E-18
   3.48793697        -1.03572343E-17
   3.61472964        -1.21473624E-17
   3.74152231        -1.39299018E-17
   3.86831498        -1.68546619E-17
   3.99510765        -2.20648228E-17
   4.12190056        -2.98383965E-17
   4.24869299        -3.85853782E-17
   4.37548542        -4.40692614E-17
   4.50227833        -3.93094326E-17
   4.62907076        -1.55696600E-17
   4.75586367         3.53915909E-17
   4.88265610         1.18020158E-16
   5.00944901         2.29291289E-16
   5.13624144         3.55747909E-16
   5.26303434         4.72531835E-16
   5.38982677         5.45534005E-16
   5.51661968         5.37228212E-16
   5.64341211         4.15839576E-16
   5.77020502         1.66420904E-16
   5.89699745        -1.98568822E-16
   6.02379036        -6.32151488E-16
   6.15058279        -1.05205505E-15
   6.27737522        -1.34828248E-15
   6.40416813        -1.39948552E-15
   6.53096056        -1.09662688E-15
   6.65775347        -3.70485700E-16
   6.78454590         7.81946036E-16
   6.91133881         2.27774317E-15
   7.03813124         3.94015078E-15
   7.16492414         5.50618723E-15
   7.29171658         6.65117418E-15
   7.41850948         7.02896400E-15
   7.54530191         6.32405640E-15
   7.67209482         4.30966044E-15
   7.79888725         9.04317044E-16
   7.92567968        -3.78086200E-15
   8.05247211        -9.41213440E-15
   8.17926502        -1.54270771E-14
   8.30605793        -2.10577998E-14
   8.43285084        -2.53864685E-14
   8.55964279        -2.74332643E-14
   8.68643570        -2.62733848E-14
   8.81322861        -2.11754578E-14
   8.94002151        -1.17493533E-14
   9.06681347         1.91299850E-15
   9.19360638         1.91236289E-14
   9.32039928         3.85331686E-14
   9.44719219         5.81353813E-14
   9.57398415         7.53593422E-14
   9.70077705         8.72606295E-14
   9.82756996         9.08126723E-14
   9.95436192         8.32875232E-14
   10.0811548         6.27006788E-14
   10.2079477         2.82803837E-14
   10.3347406        -1.90909673E-14
   10.4615326        -7.65264385E-14
   10.5883255        -1.38942284E-13
   10.7151184        -1.99089253E-13
   10.8419113        -2.47862115E-13
   10.9687033        -2.74923882E-13
   11.0954962        -2.69649510E-13
   11.2222891        -2.22363794E-13
   11.3490820        -1.25802418E-13
   11.4758739         2.33120255E-14
   11.6026669         2.22726473E-13
   11.7294598         4.63323011E-13
   11.8562517         7.28186283E-13
   11.9830446         9.92266707E-13
   12.1098375         1.22281666E-12
   12.2366304         1.38073548E-12
   12.3634224         1.42290498E-12
   12.4902153         1.30552643E-12
   12.6170082         9.88366507E-13
   12.7438011         4.39739743E-13
   12.8705931        -3.58067742E-13
   12.9973860        -1.40331486E-12
   13.1241789        -2.66974680E-12
   13.2509708        -4.10250523E-12
   13.3777637        -5.61559306E-12
   13.5045567        -7.09148018E-12
   13.6313496        -8.38337039E-12
   13.7581415        -9.32055301E-12
   13.8849344        -9.71707437E-12
   14.0117273        -9.38374638E-12
   14.1385202        -8.14320920E-12
   14.2653122        -5.84747702E-12
   14.3921051        -2.39701618E-12
   14.5188980         2.23988514E-12
   14.6456909         8.00899277E-12
   14.7724829         1.47550010E-11
   14.8992758         2.22112571E-11
   15.0260687         2.99961410E-11
   15.1528606         3.76177041E-11
   15.2796535         4.44878405E-11
   15.4064465         4.99465712E-11
   15.5332394         5.32965859E-11
   15.6600313         5.38470379E-11
   15.7868242         5.09648573E-11
   15.9136171         4.41311085E-11
   16.0404091         3.29986975E-11
   16.1672020         1.74474966E-11
   16.2939949        -2.36777958E-12
   16.4207878        -2.59814097E-11
   16.5475807        -5.25970170E-11
   16.6743736        -8.10878101E-11
   16.8011646        -1.10019938E-10
   16.9279575        -1.37700226E-10
   17.0547504        -1.62248576E-10
   17.1815434        -1.81692703E-10
   17.3083363        -1.94082264E-10
   17.4351292        -1.97616243E-10
   17.5619221        -1.90777172E-10
   17.6887150        -1.72463682E-10
   17.8155060        -1.42112364E-10
   17.9422989        -9.97994673E-11
   18.0690918        -4.63142510E-11
   18.1958847         1.68054216E-11
   18.3226776         8.72801068E-11
   18.4494705         1.62143451E-10
   18.5762634         2.37845549E-10
   18.7030544         3.10403508E-10
   18.8298473         3.75593889E-10
   18.9566402         4.29179220E-10
   19.0834332         4.67156980E-10
   19.2102261         4.86017948E-10
   19.3370190         4.82997309E-10
   19.4638119         4.56303134E-10
   19.5906048         4.05305206E-10
   19.7173958         3.30668853E-10
   19.8441887         2.34422232E-10
   19.9709816         1.19945234E-10
   20.0977745        -8.12322605E-12
   20.2245674        -1.44061332E-10
   20.3513603        -2.81318968E-10
   20.4781532        -4.12840706E-10
   20.6049442        -5.31442834E-10
   20.7317371        -6.30224151E-10
   20.8585300        -7.02988334E-10
   20.9853230        -7.44652562E-10
   21.1121159        -7.51615103E-10
   21.2389088        -7.22057747E-10
   21.3657017        -6.56157351E-10
   21.4924946        -5.56191038E-10
   21.6192856        -4.26515268E-10
   21.7460785        -2.73417150E-10
   21.8728714        -1.04835370E-10
   21.9996643         7.00385930E-11
   22.1264572         2.41262482E-10
   22.2532501         3.98722139E-10
   22.3800430         5.32756950E-10
   22.5068340         6.34789887E-10
   22.6336269         6.97928715E-10
   22.7604198         7.17487902E-10
   22.8872128         6.91401325E-10
   23.0140057         6.20482055E-10
   23.1407986         5.08511178E-10
   23.2675915         3.62129243E-10
   23.3943844         1.90530786E-10
   23.5211754         4.96786726E-12
   23.6479683        -1.81917217E-10
   23.7747612        -3.56894236E-10
   23.9015541        -5.07038966E-10
   24.0283470        -6.20659080E-10
   24.1551399        -6.88191948E-10
   24.2819328        -7.03008207E-10
   24.4087238        -6.62055688E-10
   24.5355167        -5.66286684E-10
   24.6623096        -4.20824597E-10
   24.7891026        -2.34821856E-10
   24.9158955        -2.10221614E-11
   25.0426884         2.04996603E-10
   25.1694813         4.25846858E-10
   25.2962742         6.23594287E-10
   25.4230652         7.81156362E-10
   25.5498581         8.83778883E-10
   25.6766510         9.20471588E-10
   25.8034439         8.85293838E-10
   25.9302368         7.78388631E-10
   26.0570297         6.06651007E-10
   26.1838226         3.83952647E-10
   26.3106136         1.30855063E-10
   26.4374065        -1.26225655E-10
   26.5641994        -3.56405183E-10
   26.6909924        -5.26236055E-10
   26.8177853        -6.02051242E-10
   26.9445782        -5.52635937E-10
   27.0713711        -3.52116392E-10
   27.1981640         1.71962722E-11
   27.3249550         5.62059344E-10
   27.4517479         1.27600297E-09
   27.5785408         2.13759832E-09
   27.7053337         3.10947290E-09
   27.8321266         4.13827728E-09
   27.9589195         5.15568388E-09
   28.0857124         6.08052630E-09
   28.2125034         6.82206291E-09
   28.3392963         7.28427185E-09
   28.4660892         7.37112238E-09
   28.5928822         6.99256830E-09
   28.7196751         6.07098061E-09
   28.8464680         4.54778970E-09
   28.9732609         2.38981102E-09
   29.1000538        -4.04957928E-10
   29.2268448        -3.80264220E-09
   29.3536377        -7.73009834E-09
   29.4804306        -1.20734009E-08
   29.6072235        -1.66782996E-08
   29.7340164        -2.13528555E-08
   29.8608093        -2.58725628E-08
   29.9876022        -2.99876319E-08
   30.1143932        -3.34325740E-08
   30.2411861        -3.59375321E-08
   30.3679790        -3.72412856E-08
   30.4947720        -3.71050675E-08
   30.6215649        -3.53268774E-08
   30.7483578        -3.17553912E-08
   30.8751507        -2.63029563E-08
   31.0019417        -1.89567135E-08
   31.1287346        -9.78736381E-09
   31.2555275         1.04521924E-09
   31.3823204         1.32898759E-08
   31.5091133         2.66061839E-08
   31.6359062         4.05706366E-08
   31.7626991         5.46870140E-08
   31.8894920         6.84009649E-08
   32.0162849         8.11183725E-08
   32.1430779         9.22267986E-08
   32.2698708         1.01119397E-07
   32.3966637         1.07220536E-07
   32.5234528         1.10011655E-07
   32.6502457         1.09056991E-07
   32.7770386         1.04027222E-07
   32.9038315         9.47205194E-08
   33.0306244         8.10797403E-08
   33.1574173         6.32047374E-08
   33.2842102         4.13592716E-08
   33.4110031         1.59717093E-08
   33.5377960        -1.23705934E-08
   33.6645889        -4.29334150E-08
   33.7913818        -7.48540074E-08
   33.9181747        -1.07165157E-07
   34.0449677        -1.38824220E-07
   34.1717606        -1.68746354E-07
   34.2985535        -1.95840187E-07
   34.4253426        -2.19045432E-07
   34.5521355        -2.37370386E-07
   34.6789284        -2.49927950E-07
   34.8057213        -2.55969439E-07
   34.9325142        -2.54913743E-07
   35.0593071        -2.46371627E-07
   35.1861000        -2.30164119E-07
   35.3128929        -2.06333510E-07
   35.4396858        -1.75147790E-07
   35.5664787        -1.37097175E-07
   35.6932716        -9.28838304E-08
   35.8200645        -4.34047145E-08
   35.9468575         1.02715711E-08
   36.0736504         6.69329339E-08
   36.2004433         1.25256051E-07
   36.3272324         1.83841195E-07
   36.4540253         2.41248699E-07
   36.5808182         2.96035665E-07
   36.7076111         3.46791552E-07
   36.8344040         3.92171899E-07
   36.9611969         4.30928822E-07
   37.0879898         4.61938242E-07
   37.2147827         4.84222767E-07
   37.3415756         4.96970188E-07
   37.4683685         4.99547411E-07
   37.5951614         4.91510434E-07
   37.7219543         4.72610253E-07
   37.8487473         4.42795169E-07
   37.9755402         4.02210617E-07
   38.1023293         3.51195723E-07
   38.2291222         2.90279729E-07
   38.3559151         2.20175423E-07
   38.4827080         1.41772986E-07
   38.6095009         5.61321905E-08
   38.7362938        -3.55250229E-08
   38.8630867        -1.31823427E-07
   38.9898796        -2.31243789E-07
   39.1166725        -3.32133936E-07
   39.2434654        -4.32721350E-07
   39.3702583        -5.31128535E-07
   39.4970512        -6.25391465E-07
   39.6238441        -7.13481541E-07
   39.7506371        -7.93331424E-07
   39.8774300        -8.62865932E-07
   40.0042191        -9.20036427E-07
   40.1310120        -9.62859303E-07
   40.2578049        -9.89458840E-07
   40.3845978        -9.98109954E-07
   40.5113907        -9.87285944E-07
   40.6381836        -9.55701694E-07
   40.7649765        -9.02357954E-07
   40.8917694        -8.26580049E-07
   41.0185623        -7.28050452E-07
   41.1453552        -6.06833453E-07
   41.2721481        -4.63390137E-07
   41.3989410        -2.98581512E-07
   41.5257339        -1.13659340E-07
   41.6525269         8.97571724E-08
   41.7793198         3.09717478E-07
   41.9061089         5.43990268E-07
   42.0329018         7.90124716E-07
   42.1596947         1.04552441E-06
   42.2864876         1.30752812E-06
   42.4132805         1.57349723E-06
   42.5400734         1.84090413E-06
   42.6668663         2.10742223E-06
   42.7936592         2.37100903E-06
   42.9204521         2.62998151E-06
   43.0472450         2.88307979E-06
   43.1740379         3.12951602E-06
   43.3008308         3.36900439E-06
   43.4276237         3.60177319E-06
   43.5544167         3.82855524E-06
   43.6812096         4.05055789E-06
   43.8079987         4.26940778E-06
   43.9347916         4.48708442E-06
   44.0615845         4.70582745E-06
   44.1883774         4.92803974E-06
   44.3151703         5.15616830E-06
   44.4419632         5.39258917E-06
   44.5687561         5.63948470E-06
   44.6955490         5.89872980E-06
   44.8223419         6.17177648E-06
   44.9491348         6.45956334E-06
   45.0759277         6.76243144E-06
   45.2027206         7.08006701E-06
   45.3295135         7.41146278E-06
   45.4563065         7.75491117E-06
   45.5830994         8.10801521E-06
   45.7098885         8.46773310E-06
   45.8366814         8.83044413E-06
   45.9634743         9.19203558E-06
   46.0902672         9.54801726E-06
   46.2170601         9.89364344E-06
   46.3438530         1.02240483E-05
   46.4706459         1.05343988E-05
   46.5974388         1.08200265E-05
   46.7242317         1.10765832E-05
   46.8510246         1.13001615E-05
   46.9778175         1.14874238E-05
   47.1046104         1.16356914E-05
   47.2314034         1.17430400E-05
   47.3581963         1.18083462E-05
   47.4849892         1.18313301E-05
   47.6117783         1.18125336E-05
   47.7385712         1.17533318E-05
   47.8653641         1.16558967E-05
   47.9921570         1.15230841E-05
   48.1189499         1.13584083E-05
   48.2457428         1.11659092E-05
   48.3725357         1.09500597E-05
   48.4993286         1.07156411E-05
   48.6261215         1.04676374E-05
   48.7529144         1.02111080E-05
   48.8797073         9.95109713E-06
   49.0065002         9.69248595E-06
   49.1332932         9.43997929E-06
   49.2600861         9.19795821E-06
   49.3868790         8.97044356E-06
   49.5136681         8.76107424E-06
   49.6404610         8.57301802E-06
   49.7672539         8.40903067E-06
   49.8940468         8.27139502E-06
   50.0208397         8.16192642E-06
   50.1476326         8.08201821E-06
   50.2744255         8.03264811E-06
   50.4012184         8.01439364E-06
   50.5280113         8.02745308E-06
   50.6548042         8.07169999E-06
   50.7815971         8.14665873E-06
   50.9083900         8.25153893E-06
   51.0351830         8.38524920E-06
   51.1619759         8.54635891E-06
   51.2887688         8.73316367E-06
   51.4155579         8.94361528E-06
   51.5423508         9.17531634E-06
   51.6691437         9.42554561E-06
   51.7959366         9.69123084E-06
   51.9227295         9.96890412E-06
   52.0495224         1.02547310E-05
   52.1763153         1.05445415E-05
   52.3031082         1.08337827E-05
   52.4299011         1.11176187E-05
   52.5566940         1.13909582E-05
   52.6834869         1.16484953E-05
   52.8102798         1.18848211E-05
   52.9370728         1.20945078E-05
   53.0638657         1.22722186E-05
   53.1906586         1.24128264E-05
   53.3174477         1.25115603E-05
   53.4442406         1.25641218E-05
   53.5710335         1.25668266E-05
   53.6978264         1.25167380E-05
   53.8246193         1.24117869E-05
   53.9514122         1.22508582E-05
   54.0782051         1.20339237E-05
   54.2049980         1.17620839E-05
   54.3317909         1.14375953E-05
   54.4585838         1.10639148E-05
   54.5853767         1.06456528E-05
   54.7121696         1.01885562E-05
   54.8389626         9.69941357E-06
   54.9657555         9.18592286E-06
   55.0925484         8.65661332E-06
   55.2193375         8.12060898E-06
   55.3461304         7.58752503E-06
   55.4729233         7.06724131E-06
   55.5997162         6.56968086E-06
   55.7265091         6.10462439E-06
   55.8533020         5.68151245E-06
   55.9800949         5.30923217E-06
   56.1068878         4.99593853E-06
   56.2336807         4.74888293E-06
   56.3604736         4.57428177E-06
   56.4872665         4.47715047E-06
   56.6140594         4.46126205E-06
   56.7408524         4.52904169E-06
   56.8676453         4.68155031E-06
   56.9944382         4.91844230E-06
   57.1212273         5.23802328E-06
   57.2480202         5.63724643E-06
   57.3748131         6.11182941E-06
   57.5016060         6.65628613E-06
   57.6283989         7.26406643E-06
   57.7551918         7.92765059E-06
   57.8819847         8.63868991E-06
   58.0087776         9.38814992E-06
   58.1355705         1.01664009E-05
   58.2623634         1.09634248E-05
   58.3891563         1.17689015E-05
   58.5159492         1.25723654E-05
   58.6427422         1.33633457E-05
   58.7695351         1.41314904E-05
   58.8963280         1.48667186E-05
   59.0231171         1.55592788E-05
   59.1499100         1.61999542E-05
   59.2767029         1.67801027E-05
   59.4034958         1.72918262E-05
   59.5302887         1.77280035E-05
   59.6570816         1.80824791E-05
   59.7838745         1.83500779E-05
   59.9106674         1.85267236E-05
   60.0374603         1.86094985E-05
   60.1642532         1.85967147E-05
   60.2910461         1.84879627E-05
   60.4178391         1.82841450E-05
   60.5446320         1.79874933E-05
   60.6714249         1.76015274E-05
   60.7982178         1.71310912E-05
   60.9250069         1.65822112E-05
   61.0517998         1.59621286E-05
   61.1785927         1.52790781E-05
   61.3053856         1.45422764E-05
   61.4321785         1.37617280E-05
   61.5589714         1.29480159E-05
   61.6857643         1.21122175E-05
   61.8125572         1.12656326E-05
   61.9393501         1.04195924E-05
   62.0661430         9.58532655E-06
   62.1929359         8.77368348E-06
   62.3197289         7.99498503E-06
   62.4465218         7.25881546E-06
   62.5733147         6.57395685E-06
   62.7001076         5.94812627E-06
   62.8268967         5.38792574E-06
   62.9536896         4.89882632E-06
   63.0804825         4.48496530E-06
   63.2072754         4.14931037E-06
   63.3340683         3.89353181E-06
   63.4608612         3.71808846E-06
   63.5876541         3.62230276E-06
   63.7144470         3.60444619E-06
   63.8412399         3.66182257E-06
   63.9680328         3.79092808E-06
   64.0948257         3.98754446E-06
   64.2216187         4.24692826E-06
   64.3484116         4.56387988E-06
   64.4752045         4.93292782E-06
   64.6019974         5.34840774E-06
   64.7287903         5.80462256E-06
   64.8555832         6.29583110E-06
   64.9823761         6.81643996E-06
   65.1091690         7.36096445E-06
   65.2359619         7.92411265E-06
   65.3627548         8.50076049E-06
   65.4895477         9.08598304E-06
   65.6163330         9.67505093E-06
   65.7431259         1.02633658E-05
   65.8699188         1.08465065E-05
   65.9967117         1.14201639E-05
   66.1235046         1.19801343E-05
   66.2502975         1.25223523E-05
   66.3770905         1.30428625E-05
   66.5038834         1.35378350E-05
   66.6306763         1.40036764E-05
   66.7574692         1.44370470E-05
   66.8842621         1.48349245E-05
   67.0110550         1.51947461E-05
   67.1378479         1.55144589E-05
   67.2646408         1.57926097E-05
   67.3914337         1.60285199E-05
   67.5182266         1.62222914E-05
   67.6450195         1.63749100E-05
   67.7718124         1.64882931E-05
   67.8986053         1.65652946E-05
   68.0253983         1.66097234E-05
   68.1521912         1.66262507E-05
   68.2789841         1.66203445E-05
   68.4057770         1.65981928E-05
   68.5325699         1.65664551E-05
   68.6593628         1.65321508E-05
   68.7861557         1.65024121E-05
   68.9129486         1.64842731E-05
   69.0397415         1.64844441E-05
   69.1665344         1.65090387E-05
   69.2933273         1.65633919E-05
   69.4201126         1.66518512E-05
   69.5469055         1.67776507E-05
   69.6736984         1.69426712E-05
   69.8004913         1.71474385E-05
   69.9272842         1.73911394E-05
   70.0540771         1.76715384E-05
   70.1808701         1.79850849E-05
   70.3076630         1.83270931E-05
   70.4344559         1.86918205E-05
   70.5612488         1.90727533E-05
   70.6880417         1.94628119E-05
   70.8148346         1.98546677E-05
   70.9416275         2.02409428E-05
   71.0684204         2.06145633E-05
   71.1952133         2.09689752E-05
   71.3220062         2.12984196E-05
   71.4487991         2.15981236E-05
   71.5755920         2.18644709E-05
   71.7023849         2.20950278E-05
   71.8291779         2.22887484E-05
   71.9559708         2.24458290E-05
   72.0827637         2.25676376E-05
   72.2095566         2.26566535E-05
   72.3363495         2.27161654E-05
   72.4631424         2.27501623E-05
   72.5899353         2.27629243E-05
   72.7167282         2.27587443E-05
   72.8435211         2.27417258E-05
   72.9703140         2.27153814E-05
   73.0971069         2.26822885E-05
   73.2238922         2.26439934E-05
   73.3506851         2.26007451E-05
   73.4774780         2.25512795E-05
   73.6042709         2.24929208E-05
   73.7310638         2.24213909E-05
   73.8578568         2.23310290E-05
   73.9846497         2.22149483E-05
   74.1114426         2.20652237E-05
   74.2382355         2.18732021E-05
   74.3650284         2.16298977E-05
   74.4918213         2.13263138E-05
   74.6186142         2.09540376E-05
   74.7454071         2.05054512E-05
   74.8722000         1.99743263E-05
   74.9989929         1.93561427E-05
   75.1257858         1.86484176E-05
   75.2525787         1.78511091E-05
   75.3793716         1.69667765E-05
   75.5061646         1.60005347E-05
   75.6329575         1.49604166E-05
   75.7597504         1.38570504E-05
   75.8865433         1.27035655E-05
   76.0133362         1.15154071E-05
   76.1401291         1.03097855E-05
   76.2669220         9.10552444E-06
   76.3937149         7.92226729E-06
   76.5205078         6.78009155E-06
   76.6473007         5.69901022E-06
   76.7740936         4.69815632E-06
   76.9008865         3.79539688E-06
   77.0276718         3.00666193E-06
   77.1544647         2.34559548E-06
   77.2812576         1.82290012E-06
   77.4080505         1.44627859E-06
   77.5348434         1.21988182E-06
   77.6616364         1.14446038E-06
   77.7884293         1.21701112E-06
   77.9152222         1.43116324E-06
   78.0420151         1.77719085E-06
   78.1688080         2.24234100E-06
   78.2956009         2.81139069E-06
   78.4223938         3.46689581E-06
   78.5491867         4.19008757E-06
   78.6759796         4.96113717E-06
   78.8027725         5.76022694E-06
   78.9295654         6.56788234E-06
   79.0563583         7.36593620E-06
   79.1831512         8.13795759E-06
   79.3099442         8.86995622E-06
   79.4367371         9.55085397E-06
   79.5635300         1.01729429E-05
   79.6903229         1.07320629E-05
   79.8171158         1.12279804E-05
   79.9439087         1.16641404E-05
   80.0707016         1.20478026E-05
   80.1974945         1.23897680E-05
   80.3242874         1.27038793E-05
   80.4510803         1.30066592E-05
   80.5778732         1.33166341E-05
   80.7046585         1.36537356E-05
   80.8314514         1.40384545E-05
   80.9582443         1.44911364E-05
   81.0850372         1.50311907E-05
   81.2118301         1.56762453E-05
   81.3386230         1.64414560E-05
   81.4654160         1.73389308E-05
   81.5922089         1.83770353E-05
   81.7190018         1.95600023E-05
   81.8457947         2.08876536E-05
   81.9725876         2.23552015E-05
   82.0993805         2.39532455E-05
   82.2261734         2.56679068E-05
   82.3529663         2.74811537E-05
   82.4797592         2.93711910E-05
   82.6065521         3.13130440E-05
   82.7333450         3.32792260E-05
   82.8601379         3.52404459E-05
   82.9869308         3.71664755E-05
   83.1137238         3.90269233E-05
   83.2405167         4.07920998E-05
   83.3673096         4.24338323E-05
   83.4941025         4.39262585E-05
   83.6208954         4.52464410E-05
   83.7476883         4.63751021E-05
   83.8744812         4.72970278E-05
   84.0012741         4.80014423E-05
   84.1280670         4.84823431E-05
   84.2548599         4.87385732E-05
   84.3816528         4.87737780E-05
   84.5084381         4.85963465E-05
   84.6352310         4.82190662E-05
   84.7620239         4.76587993E-05
   84.8888168         4.69359766E-05
   85.0156097         4.60740848E-05
   85.1424026         4.50989683E-05
   85.2691956         4.40382428E-05
   85.3959885         4.29204883E-05
   85.5227814         4.17746414E-05
   85.6495743         4.06292093E-05
   85.7763672         3.95116404E-05
   85.9031601         3.84476807E-05
   86.0299530         3.74608317E-05
   86.1567459         3.65718297E-05
   86.2835388         3.57982935E-05
   86.4103317         3.51543677E-05
   86.5371246         3.46506095E-05
   86.6639175         3.42937856E-05
   86.7907104         3.40869992E-05
   86.9175034         3.40297120E-05
   87.0442963         3.41180094E-05
   87.1710892         3.43448810E-05
   87.2978821         3.47005407E-05
   87.4246750         3.51729213E-05
   87.5514679         3.57480494E-05
   87.6782608         3.64105981E-05
   87.8050537         3.71443348E-05
   87.9318466         3.79325975E-05
   88.0586395         3.87587570E-05
   88.1854324         3.96065989E-05
   88.3122177         4.04606617E-05
   88.4390106         4.13065209E-05
   88.5658035         4.21309960E-05
   88.6925964         4.29222127E-05
   88.8193893         4.36697410E-05
   88.9461823         4.43644749E-05
   89.0729752         4.49985673E-05
   89.1997681         4.55653062E-05
   89.3265610         4.60588672E-05
   89.4533539         4.64741061E-05
   89.5801468         4.68063481E-05
   89.7069397         4.70510713E-05
   89.8337326         4.72037864E-05
   89.9605255         4.72597603E-05
   90.0873184         4.72138599E-05
   90.2141113         4.70605301E-05
   90.3409042         4.67936879E-05
   90.4676971         4.64067234E-05
   90.5944901         4.58926224E-05
   90.7212830         4.52440690E-05
   90.8480759         4.44536381E-05
   90.9748688         4.35140646E-05
   91.1016617         4.24184400E-05
   91.2284546         4.11605397E-05
   91.3552475         3.97350777E-05
   91.4820404         3.81380378E-05
   91.6088333         3.63668805E-05
   91.7356262         3.44207947E-05
   91.8624191         3.23008826E-05
   91.9892120         3.00102674E-05
   92.1159973         2.75541825E-05
   92.2427902         2.49399272E-05
   92.3695831         2.21768387E-05
   92.4963760         1.92761363E-05
   92.6231689         1.62507058E-05
   92.7499619         1.31149018E-05
   92.8767548         9.88414922E-06
   93.0035477         6.57477403E-06
   93.1303406         3.20352956E-06
   93.2571335        -2.12626659E-07
   93.3839264        -3.65698020E-06
   93.5107193        -7.11317307E-06
   93.6375122        -1.05655472E-05
   93.7643051        -1.39992953E-05
   93.8910980        -1.74005381E-05
   94.0178909        -2.07563953E-05
   94.1446838        -2.40548870E-05
   94.2714767        -2.72848574E-05
   94.3982697        -3.04357782E-05
   94.5250626        -3.34975484E-05
   94.6518555        -3.64602092E-05
   94.7786484        -3.93136870E-05
   94.9054413        -4.20474607E-05
   95.0322342        -4.46504127E-05
   95.1590271        -4.71104904E-05
   95.2858200        -4.94146843E-05
   95.4126129        -5.15488100E-05
   95.5394058        -5.34976971E-05
   95.6661987        -5.52451202E-05
   95.7929916        -5.67741990E-05
   95.9197769        -5.80675623E-05
   96.0465698        -5.91078642E-05
   96.1733627        -5.98782026E-05
   96.3001556        -6.03628250E-05
   96.4269485        -6.05475543E-05
   96.5537415        -6.04204870E-05
   96.6805344        -5.99728155E-05
   96.8073273        -5.91990647E-05
   96.9341202        -5.80979649E-05
   97.0609131        -5.66727431E-05
   97.1877060        -5.49314791E-05
   97.3144989        -5.28873970E-05
   97.4412918        -5.05588614E-05
   97.5680847        -4.79694027E-05
   97.6948776        -4.51473861E-05
   97.8216705        -4.21257355E-05
   97.9484634        -3.89412962E-05
   98.0752563        -3.56342898E-05
   98.2020493        -3.22474771E-05
   98.3288422        -2.88252886E-05
   98.4556351        -2.54129354E-05
   98.5824280        -2.20553957E-05
   98.7092209        -1.87964433E-05
   98.8360138        -1.56776969E-05
   98.9628067        -1.27376743E-05
   99.0895996        -1.00109610E-05
   99.2163925        -7.52742881E-06
   99.3431854        -5.31163323E-06
   99.4699783        -3.38230166E-06
   99.5967712        -1.75196180E-06
   99.7235565        -4.26771436E-07
   99.8503494         5.93516575E-07
   99.9771423         1.31542561E-06
   100.103935         1.75145021E-06
   100.230728         1.91965478E-06
   100.357521         1.84307089E-06
   100.484314         1.54900090E-06
   100.611107         1.06831089E-06
   100.737900         4.34494979E-07
   100.864693        -3.17151006E-07
   100.991486        -1.15046294E-06
   101.118279        -2.02930914E-06
   101.245071        -2.91844299E-06
   101.371864        -3.78434811E-06
   101.498657        -4.59592047E-06
   101.625450        -5.32514423E-06
   101.752243        -5.94758649E-06
   101.879036        -6.44285547E-06
   102.005829        -6.79484538E-06
   102.132622        -6.99193015E-06
   102.259415        -7.02701163E-06
   102.386208        -6.89746048E-06
   102.513000        -6.60496289E-06
   102.639793        -6.15527460E-06
   102.766586        -5.55790621E-06
   102.893379        -4.82575115E-06
   103.020172        -3.97467829E-06
   103.146965        -3.02308581E-06
   103.273758        -1.99145120E-06
   103.400551        -9.01870806E-07
   103.527336         2.22396281E-07
   103.654129         1.35736843E-06
   103.780922         2.47878916E-06
   103.907715         3.56252258E-06
   104.034508         4.58496470E-06
   104.161301         5.52342090E-06
   104.288094         6.35649167E-06
   104.414886         7.06439778E-06
   104.541679         7.62934860E-06
   104.668472         8.03585772E-06
   104.795265         8.27106123E-06
   104.922058         8.32497972E-06
   105.048851         8.19082925E-06
   105.175644         7.86524379E-06
   105.302437         7.34844707E-06
   105.429230         6.64445633E-06
   105.556023         5.76113507E-06
   105.682816         4.71023077E-06
   105.809608         3.50735127E-06
   105.936401         2.17180332E-06
   106.063194         7.26398014E-07
   106.189987        -8.02838713E-07
   106.316780        -2.38707094E-06
   106.443573        -3.99511100E-06
   106.570366        -5.59398359E-06
   106.697159        -7.14953148E-06
   106.823952        -8.62709567E-06
   106.950745        -9.99222630E-06
   107.077538        -1.12114212E-05
   107.204330        -1.22528381E-05
   107.331116        -1.30870576E-05
   107.457909        -1.36877161E-05
   107.584702        -1.40321472E-05
   107.711494        -1.41019073E-05
   107.838287        -1.38832202E-05
   107.965080        -1.33673011E-05
   108.091873        -1.25505503E-05
   108.218666        -1.14346358E-05
   108.345459        -1.00264060E-05
   108.472252        -8.33771082E-06
   108.599045        -6.38505526E-06
   108.725838        -4.18915488E-06
   108.852631        -1.77442803E-06
   108.979424         8.31714374E-07
   109.106216         3.59941964E-06
   109.233009         6.49718868E-06
   109.359802         9.49261994E-06
   109.486595         1.25529668E-05
   109.613388         1.56459555E-05
   109.740181         1.87402566E-05
   109.866974         2.18059849E-05
   109.993767         2.48151246E-05
   110.120560         2.77418076E-05
   110.247353         3.05624053E-05
   110.374146         3.32556629E-05
   110.500938         3.58025427E-05
   110.627731         3.81860918E-05
   110.754524         4.03911727E-05
   110.881317         4.24041609E-05
   111.008102         4.42125965E-05
   111.134895         4.58048271E-05
   111.261688         4.71696803E-05
   111.388481         4.82961877E-05
   111.515274         4.91733772E-05
   111.642067         4.97901747E-05
   111.768860         5.01354843E-05
   111.895653         5.01983013E-05
   112.022446         4.99678899E-05
   112.149239         4.94343949E-05
   112.276031         4.85892488E-05
   112.402824         4.74257758E-05
   112.529617         4.59399489E-05
   112.656410         4.41310767E-05
   112.783203         4.20024517E-05
   112.909996         3.95621064E-05
   113.036789         3.68232722E-05
   113.163582         3.38049285E-05
   113.290375         3.05320173E-05
   113.417168         2.70354722E-05
   113.543961         2.33521896E-05
   113.670753         1.95245411E-05
   113.797546         1.55998441E-05
   113.924339         1.16294923E-05
   114.051132         7.66790072E-06
   114.177925         3.77129368E-06
   114.304718        -3.67965391E-09
   114.431511        -3.60143258E-06
   114.558304        -6.96892721E-06
   114.685097        -1.00572297E-05
   114.811882        -1.28229494E-05
   114.938675        -1.52295452E-05
   115.065468        -1.72485106E-05
   115.192261        -1.88602953E-05
   115.319054        -2.00549657E-05
   115.445847        -2.08325891E-05
   115.572639        -2.12032792E-05
   115.699432        -2.11869210E-05
   115.826225        -2.08125930E-05
   115.953018        -2.01176626E-05
   116.079811        -1.91466061E-05
   116.206604        -1.79495855E-05
   116.333397        -1.65808633E-05
   116.460190        -1.50970118E-05
   116.586983        -1.35550818E-05
   116.713776        -1.20107643E-05
   116.840569        -1.05165545E-05
   116.967361        -9.12004089E-06
   117.094154        -7.86238252E-06
   117.220947        -6.77694425E-06
   117.347740        -5.88826788E-06
   117.474533        -5.21129550E-06
   117.601326        -4.75093066E-06
   117.728119        -4.50197240E-06
   117.854912        -4.44934358E-06
   117.981705        -4.56873431E-06
   118.108498        -4.82747555E-06
   118.235291        -5.18579054E-06
   118.362083        -5.59823184E-06
   118.488876        -6.01534839E-06
   118.615662        -6.38548545E-06
   118.742455        -6.65666039E-06
   118.869247        -6.77845765E-06
   118.996040        -6.70388954E-06
   119.122833        -6.39111022E-06
   119.249626        -5.80500273E-06
   119.376419        -4.91851597E-06
   119.503212        -3.71375950E-06
   119.630005        -2.18278387E-06
   119.756798        -3.28078187E-07
   119.883591         1.83731242E-06
   120.010384         4.28993872E-06
   120.137177         6.99647399E-06
   120.263969         9.91448360E-06
   120.390762         1.29935379E-05
   120.517555         1.61764638E-05
   120.644348         1.94008662E-05
   120.771141         2.26007905E-05
   120.897934         2.57083921E-05
   121.024727         2.86557697E-05
   121.151520         3.13767050E-05
   121.278313         3.38084137E-05
   121.405106         3.58931356E-05
   121.531898         3.75796590E-05
   121.658691         3.88246299E-05
   121.785484         3.95936877E-05
   121.912277         3.98623779E-05
   122.039070         3.96168034E-05
   122.165863         3.88540429E-05
   122.292656         3.75822929E-05
   122.419441         3.58207435E-05
   122.546234         3.35992299E-05
   122.673027         3.09576099E-05
   122.799820         2.79448377E-05
   122.926613         2.46179607E-05
   123.053406         2.10407416E-05
   123.180199         1.72822965E-05
   123.306992         1.34154216E-05
   123.433784         9.51495258E-06
   123.560577         5.65596974E-06
   123.687370         1.91204481E-06
   123.814163        -1.64652749E-06
   123.940956        -4.95437234E-06
   124.067749        -7.95263713E-06
   124.194542        -1.05903609E-05
   124.321335        -1.28256770E-05
   124.448128        -1.46267657E-05
   124.574921        -1.59725732E-05
   124.701714        -1.68531933E-05
   124.828506        -1.72699711E-05
   124.955299        -1.72352993E-05
   125.082092        -1.67721391E-05
   125.208885        -1.59131669E-05
   125.335678        -1.46997718E-05
   125.462471        -1.31807337E-05
   125.589264        -1.14107734E-05
   125.716057        -9.44894055E-06
   125.842850        -7.35692083E-06
   125.969643        -5.19730293E-06
   126.096436        -3.03193110E-06
   126.223221        -9.20230775E-07
   126.350014         1.08222810E-06
   126.476807         2.92505820E-06
   126.603600         4.56415046E-06
   126.730392         5.96253130E-06
   126.857185         7.09097458E-06
   126.983978         7.92830997E-06
   127.110771         8.46153762E-06
   127.237564         8.68564803E-06
   127.364357         8.60321688E-06
   127.491150         8.22383663E-06
   127.617943         7.56335749E-06
   127.744736         6.64304844E-06
   127.871529         5.48862772E-06
   127.998322         4.12932377E-06
   128.125107         2.59686772E-06
   128.251907         9.24594815E-07
   128.378693        -8.53407300E-07
   128.505493        -2.70305395E-06
   128.632278        -4.59086050E-06
   128.759079        -6.48444438E-06
   128.885864        -8.35285391E-06
   129.012665        -1.01667792E-05
   129.139450        -1.18986618E-05
   129.266251        -1.35226446E-05
   129.393036        -1.50145243E-05
   129.519836        -1.63515670E-05
   129.646622        -1.75123532E-05
   129.773422        -1.84766486E-05
   129.900208        -1.92252483E-05
   130.027008        -1.97399368E-05
   130.153793        -2.00035083E-05
   130.280594        -1.99999195E-05
   130.407379        -1.97144709E-05
   130.534180        -1.91342042E-05
   130.660965        -1.82483145E-05
   130.787766        -1.70486583E-05
   130.914551        -1.55303533E-05
   131.041351        -1.36923754E-05
   131.168137        -1.15381599E-05
   131.294937        -9.07617596E-06
   131.421722        -6.32040155E-06
   131.548523        -3.29072373E-06
   131.675308        -1.31623876E-08
   131.802109         3.48005506E-06
   131.928894         7.15064152E-06
   132.055679         1.09545854E-05
   132.182480         1.48427234E-05
   132.309265         1.87615242E-05
   132.436066         2.26540506E-05
   132.562851         2.64611554E-05
   132.689651         3.01227301E-05
   132.816437         3.35791265E-05
   132.943237         3.67726243E-05
   133.070023         3.96488649E-05
   133.196823         4.21582699E-05
   133.323608         4.42573983E-05
   133.450409         4.59100775E-05
   133.577194         4.70884261E-05
   133.703995         4.77736394E-05
   133.830780         4.79565097E-05
   133.957581         4.76376590E-05
   134.084366         4.68275794E-05
   134.211166         4.55463196E-05
   134.337952         4.38229690E-05
   134.464752         4.16948315E-05
   134.591537         3.92065158E-05
   134.718338         3.64086482E-05
   134.845123         3.33566277E-05
   134.971924         3.01091441E-05
   135.098709         2.67267769E-05
   135.225510         2.32704078E-05
   135.352295         1.97998197E-05
   135.479095         1.63722616E-05
   135.605881         1.30412200E-05
   135.732666         9.85524184E-06
   135.859467         6.85701934E-06
   135.986252         4.08260348E-06
   136.113052         1.56086128E-06
   136.239838        -6.86909175E-07
   136.366638        -2.64701703E-06
   136.493423        -4.31340277E-06
   136.620224        -5.68727273E-06
   136.747009        -6.77663547E-06
   136.873810        -7.59569321E-06
   137.000595        -8.16403735E-06
   137.127396        -8.50576362E-06
   137.254181        -8.64848062E-06
   137.380981        -8.62230536E-06
   137.507767        -8.45884551E-06
   137.634567        -8.19014895E-06
   137.761353        -7.84773965E-06
   137.888153        -7.46172691E-06
   138.014938        -7.05999219E-06
   138.141739        -6.66750566E-06
   138.268524        -6.30577415E-06
   138.395325        -5.99242685E-06
   138.522110        -5.74095293E-06
   138.648911        -5.56058058E-06
   138.775696        -5.45630382E-06
   138.902496        -5.42903581E-06
   139.029282        -5.47586933E-06
   139.156082        -5.59044747E-06
   139.282867        -5.76340608E-06
   139.409653        -5.98287352E-06
   139.536453        -6.23501091E-06
   139.663239        -6.50455831E-06
   139.790039        -6.77539629E-06
   139.916824        -7.03105661E-06
   140.043625        -7.25521932E-06
   140.170410        -7.43213923E-06
   140.297211        -7.54701523E-06
   140.423996        -7.58629722E-06
   140.550797        -7.53792438E-06
   140.677582        -7.39150983E-06
   140.804382        -7.13845657E-06
   140.931168        -6.77204616E-06
   141.057968        -6.28747830E-06
   141.184753        -5.68189580E-06
   141.311554        -4.95437371E-06
   141.438339        -4.10593475E-06
   141.565140        -3.13951023E-06
   141.691925        -2.05995343E-06
   141.818726        -8.74027648E-07
   141.945511         4.09599721E-07
   142.072311         1.78035623E-06
   142.199097         3.22579490E-06
   142.325897         4.73162436E-06
   142.452682         6.28174939E-06
   142.579483         7.85841257E-06
   142.706268         9.44228759E-06
   142.833069         1.10127003E-05
   142.959854         1.25478618E-05
   143.086655         1.40251586E-05
   143.213440         1.54215104E-05
   143.340225         1.67137605E-05
   143.467026         1.78791124E-05
   143.593811         1.88956237E-05
   143.720612         1.97426671E-05
   143.847397         2.04014559E-05
   143.974197         2.08555430E-05
   144.100983         2.10912549E-05
   144.227783         2.10981689E-05
   144.354568         2.08694601E-05
   144.481369         2.04022144E-05
   144.608154         1.96976653E-05
   144.734955         1.87613459E-05
   144.861740         1.76031353E-05
   144.988541         1.62372344E-05
   145.115326         1.46820521E-05
   145.242126         1.29599866E-05
   145.368912         1.10971432E-05
   145.495712         9.12295127E-06
   145.622498         7.06974743E-06
   145.749298         4.97227211E-06
   145.876083         2.86710679E-06
   146.002884         7.92117135E-07
   146.129669        -1.21418850E-06
   146.256470        -3.11330678E-06
   146.383255        -4.86739327E-06
   146.510056        -6.43993826E-06
   146.636841        -7.79645688E-06
   146.763641        -8.90514275E-06
   146.890427        -9.73752412E-06
   147.017212        -1.02690992E-05
   147.144012        -1.04799119E-05
   147.270798        -1.03550965E-05
   147.397598        -9.88533338E-06
   147.524384        -9.06726473E-06
   147.651184        -7.90377908E-06
   147.777969        -6.40419648E-06
   147.904770        -4.58437125E-06
   148.031555        -2.46662762E-06
   148.158356        -7.95566777E-08
   148.285141         2.54229008E-06
   148.411942         5.35890013E-06
   148.538727         8.32541627E-06
   148.665527         1.13928845E-05
   148.792313         1.45091317E-05
   148.919113         1.76198300E-05
   149.045898         2.06695131E-05
   149.172699         2.36027699E-05
   149.299484         2.63654456E-05
   149.426285         2.89058517E-05
   149.553070         3.11759613E-05
   149.679871         3.31325464E-05
   149.806656         3.47382302E-05
   149.933456         3.59623846E-05
   150.060242         3.67819775E-05
   150.187042         3.71821006E-05
   150.313828         3.71563874E-05
   150.440628         3.67072098E-05
   150.567413         3.58456346E-05
   150.694214         3.45910885E-05
   150.820999         3.29709110E-05
   150.947784         3.10195755E-05
   151.074585         2.87777711E-05
   151.201370         2.62912872E-05
   151.328171         2.36097476E-05
   151.454956         2.07852408E-05
   151.581757         1.78708651E-05
   151.708542         1.49192938E-05
   151.835342         1.19813330E-05
   151.962128         9.10457220E-06
   152.088928         6.33216541E-06
   152.215714         3.70180055E-06
   152.342514         1.24483154E-06
   152.469299        -1.01426224E-06
   152.596100        -3.05822982E-06
   152.722885        -4.87708940E-06
   152.849686        -6.46789613E-06
   152.976471        -7.83425003E-06
   153.103271        -8.98557391E-06
   153.230057        -9.93619324E-06
   153.356857        -1.07042224E-05
   153.483643        -1.13104070E-05
   153.610443        -1.17768450E-05
   153.737228        -1.21257617E-05
   153.864029        -1.23783338E-05
   153.990814        -1.25536217E-05
   154.117615        -1.26676787E-05
   154.244400        -1.27328603E-05
   154.371201        -1.27573703E-05
   154.497986        -1.27450376E-05
   154.624771        -1.26953992E-05
   154.751572        -1.26039713E-05
   154.878357        -1.24628177E-05
   155.005157        -1.22612619E-05
   155.131943        -1.19868164E-05
   155.258743        -1.16261772E-05
   155.385529        -1.11663103E-05
   155.512329        -1.05955241E-05
   155.639114        -9.90449007E-06
   155.765915        -9.08714901E-06
   155.892700        -8.14143459E-06
   156.019501        -7.06983883E-06
   156.146286        -5.87968680E-06
   156.273087        -4.58318846E-06
   156.399872        -3.19722994E-06
   156.526672        -1.74289232E-06
   156.653458        -2.44759718E-07
   156.780258         1.26999805E-06
   156.907043         2.77266508E-06
   157.033844         4.23416532E-06
   157.160629         5.62627292E-06
   157.287430         6.92278263E-06
   157.414215         8.10067195E-06
   157.541016         9.14105203E-06
   157.667801         1.00300131E-05
   157.794601         1.07591532E-05
   157.921387         1.13259630E-05
   158.048187         1.17338395E-05
   158.174973         1.19919159E-05
   158.301773         1.21145449E-05
   158.428558         1.21206413E-05
   158.555344         1.20327204E-05
   158.682144         1.18758580E-05
   158.808929         1.16765741E-05
   158.935730         1.14615395E-05
   159.062515         1.12564712E-05
   159.189316         1.10850096E-05
   159.316101         1.09677121E-05
   159.442902         1.09212688E-05
   159.569687         1.09579032E-05
   159.696487         1.10849660E-05
   159.823273         1.13048409E-05
   159.950073         1.16150122E-05
   160.076859         1.20084105E-05
   160.203659         1.24739263E-05
