  -4.50000000         0.00000000    
  -4.37320757         0.00000000    
  -4.24641466         0.00000000    
  -4.11962223         0.00000000    
  -3.99282932         0.00000000    
  -3.86603665         0.00000000    
  -3.73924398         0.00000000    
  -3.61245155        -7.57872476E-31
  -3.48565888        -1.69606738E-30
  -3.35886621        -1.61370044E-29
  -3.23207355        -4.53340918E-29
  -3.10528088         1.10480755E-28
  -2.97848821         1.05551342E-27
  -2.85169554         3.40947494E-27
  -2.72490287         4.84478886E-27
  -2.59811020        -7.63158138E-27
  -2.47131753        -6.73862858E-26
  -2.34452486        -2.21850046E-25
  -2.21773219        -4.68526037E-25
  -2.09093952        -5.81578335E-25
  -1.96414697         1.69423090E-25
  -1.83735430         3.23291252E-24
  -1.71056163         1.04550189E-23
  -1.58376896         2.25272058E-23
  -1.45697629         3.57342630E-23
  -1.33018374         3.77350604E-23
  -1.20339108         5.43950951E-24
  -1.07659841        -8.93405612E-23
 -0.949805737        -2.60185815E-22
 -0.823013067        -4.70639364E-22
 -0.696220458        -5.93288630E-22
 -0.569427788        -3.90596765E-22
 -0.442635119         4.42085881E-22
 -0.315842479         2.13610911E-21
 -0.189049825         4.61370003E-21
  -6.22571707E-02     7.22929683E-21
   6.45354837E-02     8.64273443E-21
  0.191328138         7.02579020E-21
  0.318120778         7.57136933E-22
  0.444913447        -1.04179989E-20
  0.571706116        -2.40815993E-20
  0.698498726        -3.43235364E-20
  0.825291395        -3.22163940E-20
  0.952084064        -8.24600358E-21
   1.07887673         4.32100153E-20
   1.20566940         1.18202274E-19
   1.33246195         1.98222085E-19
   1.45925462         2.48524140E-19
   1.58604729         2.22307116E-19
   1.71283996         7.21117188E-20
   1.83963263        -2.32460241E-19
   1.96642530        -6.84419320E-19
   2.09321785        -1.22259910E-18
   2.22001052        -1.72547301E-18
   2.34680319        -2.02123423E-18
   2.47359586        -1.91591429E-18
   2.60038853        -1.23586233E-18
   2.72718120         1.24157393E-19
   2.85397387         2.15852884E-18
   2.98076653         4.72346062E-18
   3.10755920         7.52826588E-18
   3.23435187         1.01408588E-17
   3.36114454         1.19979975E-17
   3.48793697         1.24133158E-17
   3.61472964         1.05893917E-17
   3.74152231         5.66174813E-18
   3.86831498        -3.17567955E-18
   3.99510765        -1.64068015E-17
   4.12190056        -3.37580183E-17
   4.24869299        -5.36208715E-17
   4.37548542        -7.24632120E-17
   4.50227833        -8.44718430E-17
   4.62907076        -8.17538731E-17
   4.75586367        -5.54222194E-17
   4.88265610         2.24043192E-18
   5.00944901         9.46283173E-17
   5.13624144         2.17163908E-16
   5.26303434         3.54078168E-16
   5.38982677         4.76873514E-16
   5.51661968         5.45776574E-16
   5.64341211         5.15145216E-16
   5.77020502         3.43007554E-16
   5.89699745         3.75853251E-18
   6.02379036        -4.98240450E-16
   6.15058279        -1.11748559E-15
   6.27737522        -1.76237931E-15
   6.40416813        -2.29987741E-15
   6.53096056        -2.57160939E-15
   6.65775347        -2.42097199E-15
   6.78454590        -1.72779411E-15
   6.91133881        -4.44434323E-16
   7.03813124         1.37464119E-15
   7.16492414         3.55806904E-15
   7.29171658         5.82423624E-15
   7.41850948         7.81259992E-15
   7.54530191         9.13821410E-15
   7.67209482         9.46290386E-15
   7.79888725         8.57212589E-15
   7.92567968         6.44392935E-15
   8.05247211         3.29601039E-15
   8.17926502        -4.00857336E-16
   8.30605793        -3.95039649E-15
   8.43285084        -6.50107951E-15
   8.55964279        -7.15465352E-15
   8.68643570        -5.10326763E-15
   8.81322861         2.18711596E-16
   8.94002151         8.98414051E-15
   9.06681347         2.08404698E-14
   9.19360638         3.48109332E-14
   9.32039928         4.92437376E-14
   9.44719219         6.18209775E-14
   9.57398415         6.96357915E-14
   9.70077705         6.93428401E-14
   9.82756996         5.73817930E-14
   9.95436192         3.02685089E-14
   10.0811548        -1.50590600E-14
   10.2079477        -8.08599539E-14
   10.3347406        -1.68200442E-13
   10.4615326        -2.76587780E-13
   10.5883255        -4.03661913E-13
   10.7151184        -5.44978613E-13
   10.8419113        -6.93912809E-13
   10.9687033        -8.41703768E-13
   11.0954962        -9.77646458E-13
   11.2222891        -1.08942532E-12
   11.3490820        -1.16356740E-12
   11.4758739        -1.18597786E-12
   11.6026669        -1.14251609E-12
   11.7294598        -1.01956258E-12
   11.8562517        -8.04536234E-13
   11.9830446        -4.86333901E-13
   12.1098375        -5.56899158E-14
   12.2366304         4.94525590E-13
   12.3634224         1.16900012E-12
   12.4902153         1.96959506E-12
   12.6170082         2.89477622E-12
   12.7438011         3.93875514E-12
   12.8705931         5.09026198E-12
   12.9973860         6.33089241E-12
   13.1241789         7.63304437E-12
   13.2509708         8.95749360E-12
   13.3777637         1.02507881E-11
   13.5045567         1.14426238E-11
   13.6313496         1.24435358E-11
   13.7581415         1.31431784E-11
   13.8849344         1.34096380E-11
   14.0117273         1.30901652E-11
   14.1385202         1.20137702E-11
   14.2653122         9.99618270E-12
   14.3921051         6.84758370E-12
   14.5188980         2.38356925E-12
   14.6456909        -3.56039482E-12
   14.7724829        -1.11108865E-11
   14.8992758        -2.03349768E-11
   15.0260687        -3.12157973E-11
   15.1528606        -4.36261340E-11
   15.2796535        -5.73017224E-11
   15.4064465        -7.18163445E-11
   15.5332394        -8.65611194E-11
   15.6600313        -1.00731416E-10
   15.7868242        -1.13324371E-10
   15.9136171        -1.23150004E-10
   16.0404091        -1.28859812E-10
   16.1672020        -1.28993455E-10
   16.2939949        -1.22046623E-10
   16.4207878        -1.06558387E-10
   16.5475807        -8.12176298E-11
   16.6743736        -4.49845543E-11
   16.8011646         2.77779666E-12
   16.9279575         6.21685134E-11
   17.0547504         1.32618930E-10
   17.1815434         2.12777809E-10
   17.3083363         3.00420633E-10
   17.4351292         3.92395644E-10
   17.5619221         4.84614349E-10
   17.6887150         5.72097647E-10
   17.8155060         6.49083232E-10
   17.9422989         7.09199643E-10
   18.0690918         7.45704998E-10
   18.1958847         7.51795459E-10
   18.3226776         7.20967341E-10
   18.4494705         6.47427556E-10
   18.5762634         5.26535204E-10
   18.7030544         3.55254298E-10
   18.8298473         1.32594949E-10
   18.9566402        -1.39984205E-10
   19.0834332        -4.58238197E-10
   19.2102261        -8.14890710E-10
   19.3370190        -1.19951071E-09
   19.4638119        -1.59852998E-09
   19.5906048        -1.99542427E-09
   19.7173958        -2.37107023E-09
   19.8441887        -2.70428169E-09
   19.9709816        -2.97252556E-09
   20.0977745        -3.15280024E-09
   20.2245674        -3.22266458E-09
   20.3513603        -3.16137250E-09
   20.4781532        -2.95108116E-09
   20.6049442        -2.57809019E-09
   20.7317371        -2.03404404E-09
   20.8585300        -1.31704636E-09
   20.9853230        -4.32627711E-10
   21.1121159         6.05504480E-10
   21.2389088         1.77498283E-09
   21.3657017         3.04462788E-09
   21.4924946         4.37465886E-09
   21.6192856         5.71731373E-09
   21.7460785         7.01789515E-09
   21.8728714         8.21624457E-09
   21.9996643         9.24862320E-09
   22.1264572         1.00499857E-08
   22.2532501         1.05565778E-08
   22.3800430         1.07087708E-08
   22.5068340         1.04540803E-08
   22.6336269         9.75020331E-09
   22.7604198         8.56800408E-09
   22.8872128         6.89427182E-09
   23.0140057         4.73412021E-09
   23.1407986         2.11290296E-09
   23.2675915        -9.22501631E-10
   23.3943844        -4.30316360E-09
   23.5211754        -7.93842236E-09
   23.6479683        -1.17171259E-08
   23.7747612        -1.55098778E-08
   23.9015541        -1.91722105E-08
   24.0283470        -2.25487735E-08
   24.1551399        -2.54783199E-08
   24.2819328        -2.77995316E-08
   24.4087238        -2.93573645E-08
   24.5355167        -3.00097938E-08
   24.6623096        -2.96347533E-08
   24.7891026        -2.81368688E-08
   24.9158955        -2.54538399E-08
   25.0426884        -2.15620712E-08
   25.1694813        -1.64813052E-08
   25.2962742        -1.02779278E-08
   25.4230652        -3.06675663E-09
   25.5498581         4.98895636E-09
   25.6766510         1.36794274E-08
   25.8034439         2.27522747E-08
   25.9302368         3.19184146E-08
   26.0570297         4.08599625E-08
   26.1838226         4.92398478E-08
   26.3106136         5.67130307E-08
   26.4374065         6.29388026E-08
   26.5641994         6.75940086E-08
   26.6909924         7.03865268E-08
   26.8177853         7.10684631E-08
   26.9445782         6.94487596E-08
   27.0713711         6.54043006E-08
   27.1981640         5.88893592E-08
   27.3249550         4.99425141E-08
   27.4517479         3.86908887E-08
   27.5785408         2.53511772E-08
   27.7053337         1.02273310E-08
   27.8321266        -6.29527985E-09
   27.9589195        -2.37592115E-08
   28.0857124        -4.16475281E-08
   28.2125034        -5.93994791E-08
   28.3392963        -7.64286270E-08
   28.4660892        -9.21429688E-08
   28.5928822        -1.05966308E-07
   28.7196751        -1.17360010E-07
   28.8464680        -1.25844380E-07
   28.9732609        -1.31018822E-07
   29.1000538        -1.32579601E-07
   29.2268448        -1.30334882E-07
   29.3536377        -1.24215703E-07
   29.4804306        -1.14282891E-07
   29.6072235        -1.00728847E-07
   29.7340164        -8.38743972E-08
   29.8608093        -6.41603464E-08
   29.9876022        -4.21339266E-08
   30.1143932        -1.84306330E-08
   30.2411861         6.24810426E-09
   30.3679790         3.11606279E-08
   30.4947720         5.55529525E-08
   30.6215649         7.86881316E-08
   30.7483578         9.98753649E-08
   30.8751507         1.18498043E-07
   31.0019417         1.34039155E-07
   31.1287346         1.46102934E-07
   31.2555275         1.54431746E-07
   31.3823204         1.58917118E-07
   31.5091133         1.59604454E-07
   31.6359062         1.56691044E-07
   31.7626991         1.50516740E-07
   31.8894920         1.41548412E-07
   32.0162849         1.30358131E-07
   32.1430779         1.17595917E-07
   32.2698708         1.03958435E-07
   32.3966637         9.01550052E-08
   32.5234528         7.68719488E-08
   32.6502457         6.47378542E-08
   32.7770386         5.42904637E-08
   32.9038315         4.59472851E-08
   33.0306244         3.99815185E-08
   33.1574173         3.65041473E-08
   33.2842102         3.54535352E-08
   33.4110031         3.65932245E-08
   33.5377960         3.95180422E-08
   33.6645889         4.36684573E-08
   33.7913818         4.83531153E-08
   33.9181747         5.27778887E-08
   34.0449677         5.60811131E-08
   34.1717606         5.73731072E-08
   34.2985535         5.57779813E-08
   34.4253426         5.04760607E-08
   34.5521355         4.07453342E-08
   34.6789284         2.59998085E-08
   34.8057213         5.82169557E-09
   34.9325142        -2.00114663E-08
   35.0593071        -5.15090370E-08
   35.1861000        -8.84574334E-08
   35.3128929        -1.30420105E-07
   35.4396858        -1.76746610E-07
   35.5664787        -2.26590927E-07
   35.6932716        -2.78937478E-07
   35.8200645        -3.32634244E-07
   35.9468575        -3.86430145E-07
   36.0736504        -4.39016333E-07
   36.2004433        -4.89067986E-07
   36.3272324        -5.35283903E-07
   36.4540253        -5.76423986E-07
   36.5808182        -6.11339658E-07
   36.7076111        -6.38998074E-07
   36.8344040        -6.58496617E-07
   36.9611969        -6.69069948E-07
   37.0879898        -6.70086138E-07
   37.2147827        -6.61033994E-07
   37.3415756        -6.41502822E-07
   37.4683685        -6.11157816E-07
   37.5951614        -5.69708618E-07
   37.7219543        -5.16879595E-07
   37.8487473        -4.52381641E-07
   37.9755402        -3.75888476E-07
   38.1023293        -2.87023965E-07
   38.2291222        -1.85357109E-07
   38.3559151        -7.04162915E-08
   38.4827080         5.82854263E-08
   38.6095009         2.01202397E-07
   38.7362938         3.58695104E-07
   38.8630867         5.30948228E-07
   38.9898796         7.17874627E-07
   39.1166725         9.19006936E-07
   39.2434654         1.13337671E-06
   39.3702583         1.35939229E-06
   39.4970512         1.59471324E-06
   39.6238441         1.83613599E-06
   39.7506371         2.07948483E-06
   39.8774300         2.31952458E-06
   40.0042191         2.54990073E-06
   40.1310120         2.76310175E-06
   40.2578049         2.95045970E-06
   40.3845978         3.10218843E-06
   40.5113907         3.20746403E-06
   40.6381836         3.25453993E-06
   40.7649765         3.23090990E-06
   40.8917694         3.12350494E-06
   41.0185623         2.91892547E-06
   41.1453552         2.60370734E-06
   41.2721481         2.16460421E-06
   41.3989410         1.58889236E-06
   41.5257339         8.64673723E-07
   41.6525269        -1.88174472E-08
   41.7793198        -1.07092467E-06
   41.9061089        -2.29930151E-06
   42.0329018        -3.70967791E-06
   42.1596947        -5.30566695E-06
   42.2864876        -7.08861990E-06
   42.4132805        -9.05754951E-06
   42.5400734        -1.12090893E-05
   42.6668663        -1.35375421E-05
   42.7936592        -1.60349809E-05
   42.9204521        -1.86914167E-05
   43.0472450        -2.14950196E-05
   43.1740379        -2.44324074E-05
   43.3008308        -2.74889480E-05
   43.4276237        -3.06491747E-05
   43.5544167        -3.38970931E-05
   43.6812096        -3.72166323E-05
   43.8079987        -4.05920473E-05
   43.9347916        -4.40082586E-05
   44.0615845        -4.74512053E-05
   44.1883774        -5.09081910E-05
   44.3151703        -5.43681126E-05
   44.4419632        -5.78216059E-05
   44.5687561        -6.12612057E-05
   44.6955490        -6.46813423E-05
   44.8223419        -6.80783342E-05
   44.9491348        -7.14501439E-05
   45.0759277        -7.47963059E-05
   45.2027206        -7.81174967E-05
   45.3295135        -8.14151572E-05
   45.4563065        -8.46912299E-05
   45.5830994        -8.79474828E-05
   45.7098885        -9.11851384E-05
   45.8366814        -9.44043713E-05
   45.9634743        -9.76037772E-05
   46.0902672        -1.00779900E-04
   46.2170601        -1.03926890E-04
   46.3438530        -1.07036110E-04
   46.4706459        -1.10095898E-04
   46.5974388        -1.13091490E-04
   46.7242317        -1.16004863E-04
   46.8510246        -1.18814904E-04
   46.9778175        -1.21497680E-04
   47.1046104        -1.24026701E-04
   47.2314034        -1.26373445E-04
   47.3581963        -1.28507949E-04
   47.4849892        -1.30399625E-04
   47.6117783        -1.32017827E-04
   47.7385712        -1.33333000E-04
   47.8653641        -1.34317321E-04
   47.9921570        -1.34945934E-04
   48.1189499        -1.35197595E-04
   48.2457428        -1.35055685E-04
   48.3725357        -1.34509042E-04
   48.4993286        -1.33552705E-04
   48.6261215        -1.32188332E-04
   48.7529144        -1.30424858E-04
   48.8797073        -1.28278640E-04
   49.0065002        -1.25773586E-04
   49.1332932        -1.22940983E-04
   49.2600861        -1.19819335E-04
   49.3868790        -1.16453717E-04
   49.5136681        -1.12895184E-04
   49.6404610        -1.09199820E-04
   49.7672539        -1.05427709E-04
   49.8940468        -1.01641861E-04
   50.0208397        -9.79069009E-05
   50.1476326        -9.42877014E-05
   50.2744255        -9.08480506E-05
   50.4012184        -8.76493359E-05
   50.5280113        -8.47491538E-05
   50.6548042        -8.22001239E-05
   50.7815971        -8.00486669E-05
   50.9083900        -7.83341457E-05
   51.0351830        -7.70879196E-05
   51.1619759        -7.63328280E-05
   51.2887688        -7.60826224E-05
   51.4155579        -7.63419375E-05
   51.5423508        -7.71061605E-05
   51.6691437        -7.83617361E-05
   51.7959366        -8.00865964E-05
   51.9227295        -8.22507864E-05
   52.0495224        -8.48172858E-05
   52.1763153        -8.77429702E-05
   52.3031082        -9.09795926E-05
   52.4299011        -9.44750864E-05
   52.5566940        -9.81746343E-05
   52.6834869        -1.02021972E-04
   52.8102798        -1.05960491E-04
   52.9370728        -1.09934517E-04
   53.0638657        -1.13890244E-04
   53.1906586        -1.17776755E-04
   53.3174477        -1.21546866E-04
   53.4442406        -1.25157763E-04
   53.5710335        -1.28571599E-04
   53.6978264        -1.31755762E-04
   53.8246193        -1.34683127E-04
   53.9514122        -1.37332187E-04
   54.0782051        -1.39686832E-04
   54.2049980        -1.41736236E-04
   54.3317909        -1.43474361E-04
   54.4585838        -1.44899706E-04
   54.5853767        -1.46014747E-04
   54.7121696        -1.46825347E-04
   54.8389626        -1.47340252E-04
   54.9657555        -1.47570492E-04
   55.0925484        -1.47528932E-04
   55.2193375        -1.47229657E-04
   55.3461304        -1.46687642E-04
   55.4729233        -1.45918384E-04
   55.5997162        -1.44937570E-04
   55.7265091        -1.43761019E-04
   55.8533020        -1.42404388E-04
   55.9800949        -1.40883203E-04
   56.1068878        -1.39213065E-04
   56.2336807        -1.37409486E-04
   56.3604736        -1.35488197E-04
   56.4872665        -1.33465306E-04
   56.6140594        -1.31357418E-04
   56.7408524        -1.29181877E-04
   56.8676453        -1.26956918E-04
   56.9944382        -1.24701794E-04
   57.1212273        -1.22436759E-04
   57.2480202        -1.20183147E-04
   57.3748131        -1.17963311E-04
   57.5016060        -1.15800460E-04
   57.6283989        -1.13718401E-04
   57.7551918        -1.11741312E-04
   57.8819847        -1.09893299E-04
   58.0087776        -1.08197950E-04
   58.1355705        -1.06678024E-04
   58.2623634        -1.05354724E-04
   58.3891563        -1.04247345E-04
   58.5159492        -1.03372608E-04
   58.6427422        -1.02744350E-04
   58.7695351        -1.02372935E-04
   58.8963280        -1.02264952E-04
   59.0231171        -1.02422826E-04
   59.1499100        -1.02844766E-04
   59.2767029        -1.03524522E-04
   59.4034958        -1.04451450E-04
   59.5302887        -1.05610634E-04
   59.6570816        -1.06983171E-04
   59.7838745        -1.08546432E-04
   59.9106674        -1.10274588E-04
   60.0374603        -1.12139125E-04
   60.1642532        -1.14109396E-04
   60.2910461        -1.16153395E-04
   60.4178391        -1.18238291E-04
   60.5446320        -1.20331249E-04
   60.6714249        -1.22400073E-04
   60.7982178        -1.24413840E-04
   60.9250069        -1.26343570E-04
   61.0517998        -1.28162734E-04
   61.1785927        -1.29847656E-04
   61.3053856        -1.31378038E-04
   61.4321785        -1.32737114E-04
   61.5589714        -1.33911934E-04
   61.6857643        -1.34893358E-04
   61.8125572        -1.35676077E-04
   61.9393501        -1.36258503E-04
   62.0661430        -1.36642659E-04
   62.1929359        -1.36833842E-04
   62.3197289        -1.36840274E-04
   62.4465218        -1.36672868E-04
   62.5733147        -1.36344708E-04
   62.7001076        -1.35870810E-04
   62.8268967        -1.35267561E-04
   62.9536896        -1.34552349E-04
   63.0804825        -1.33743277E-04
   63.2072754        -1.32858724E-04
   63.3340683        -1.31916997E-04
   63.4608612        -1.30936111E-04
   63.5876541        -1.29933600E-04
   63.7144470        -1.28926127E-04
   63.8412399        -1.27929510E-04
   63.9680328        -1.26958548E-04
   64.0948257        -1.26026935E-04
   64.2216187        -1.25147184E-04
   64.3484116        -1.24330647E-04
   64.4752045        -1.23587553E-04
   64.6019974        -1.22927013E-04
   64.7287903        -1.22357000E-04
   64.8555832        -1.21884565E-04
   64.9823761        -1.21515775E-04
   65.1091690        -1.21255864E-04
   65.2359619        -1.21109319E-04
   65.3627548        -1.21079967E-04
   65.4895477        -1.21171106E-04
   65.6163330        -1.21385594E-04
   65.7431259        -1.21725941E-04
   65.8699188        -1.22194499E-04
   65.9967117        -1.22793470E-04
   66.1235046        -1.23525155E-04
   66.2502975        -1.24391940E-04
   66.3770905        -1.25396458E-04
   66.5038834        -1.26541665E-04
   66.6306763        -1.27830805E-04
   66.7574692        -1.29267544E-04
   66.8842621        -1.30855871E-04
   67.0110550        -1.32600107E-04
   67.1378479        -1.34504706E-04
   67.2646408        -1.36574192E-04
   67.3914337        -1.38812888E-04
   67.5182266        -1.41224606E-04
   67.6450195        -1.43812445E-04
   67.7718124        -1.46578328E-04
   67.8986053        -1.49522704E-04
   68.0253983        -1.52644032E-04
   68.1521912        -1.55938367E-04
   68.2789841        -1.59399075E-04
   68.4057770        -1.63016244E-04
   68.5325699        -1.66776474E-04
   68.6593628        -1.70662533E-04
   68.7861557        -1.74653222E-04
   68.9129486        -1.78723261E-04
   69.0397415        -1.82843316E-04
   69.1665344        -1.86980178E-04
   69.2933273        -1.91097191E-04
   69.4201126        -1.95154484E-04
   69.5469055        -1.99109898E-04
   69.6736984        -2.02919473E-04
   69.8004913        -2.06538447E-04
   69.9272842        -2.09922247E-04
   70.0540771        -2.13027524E-04
   70.1808701        -2.15813314E-04
   70.3076630        -2.18242145E-04
   70.4344559        -2.20281159E-04
   70.5612488        -2.21903232E-04
   70.6880417        -2.23087845E-04
   70.8148346        -2.23822019E-04
   70.9416275        -2.24100993E-04
   71.0684204        -2.23928626E-04
   71.1952133        -2.23317707E-04
   71.3220062        -2.22289964E-04
   71.4487991        -2.20875852E-04
   71.5755920        -2.19114110E-04
   71.7023849        -2.17050736E-04
   71.8291779        -2.14738422E-04
   71.9559708        -2.12235100E-04
   72.0827637        -2.09602527E-04
   72.2095566        -2.06904893E-04
   72.3363495        -2.04207157E-04
   72.4631424        -2.01573261E-04
   72.5899353        -1.99064394E-04
   72.7167282        -1.96737557E-04
   72.8435211        -1.94643813E-04
   72.9703140        -1.92826934E-04
   73.0971069        -1.91322149E-04
   73.2238922        -1.90155231E-04
   73.3506851        -1.89341881E-04
   73.4774780        -1.88887163E-04
   73.6042709        -1.88785576E-04
   73.7310638        -1.89021244E-04
   73.8578568        -1.89568469E-04
   73.9846497        -1.90392588E-04
   74.1114426        -1.91451254E-04
   74.2382355        -1.92695588E-04
   74.3650284        -1.94071967E-04
   74.4918213        -1.95523622E-04
   74.6186142        -1.96992420E-04
   74.7454071        -1.98420821E-04
   74.8722000        -1.99753544E-04
   74.9989929        -2.00939219E-04
   75.1257858        -2.01932053E-04
   75.2525787        -2.02693045E-04
   75.3793716        -2.03191041E-04
   75.5061646        -2.03403513E-04
   75.6329575        -2.03317017E-04
   75.7597504        -2.02927287E-04
   75.8865433        -2.02239040E-04
   76.0133362        -2.01265313E-04
   76.1401291        -2.00026640E-04
   76.2669220        -1.98549926E-04
   76.3937149        -1.96867142E-04
   76.5205078        -1.95013592E-04
   76.6473007        -1.93026368E-04
   76.7740936        -1.90942592E-04
   76.9008865        -1.88797683E-04
   77.0276718        -1.86623685E-04
   77.1544647        -1.84447897E-04
   77.2812576        -1.82291478E-04
   77.4080505        -1.80168296E-04
   77.5348434        -1.78084621E-04
   77.6616364        -1.76038186E-04
   77.7884293        -1.74018671E-04
   77.9152222        -1.72007698E-04
   78.0420151        -1.69979685E-04
   78.1688080        -1.67902952E-04
   78.2956009        -1.65740857E-04
   78.4223938        -1.63453820E-04
   78.5491867        -1.61000629E-04
   78.6759796        -1.58340903E-04
   78.8027725        -1.55436850E-04
   78.9295654        -1.52255394E-04
   79.0563583        -1.48770108E-04
   79.1831512        -1.44963109E-04
   79.3099442        -1.40826480E-04
   79.4367371        -1.36363684E-04
   79.5635300        -1.31590437E-04
   79.6903229        -1.26535306E-04
   79.8171158        -1.21239675E-04
   79.9439087        -1.15757757E-04
   80.0707016        -1.10155583E-04
   80.1974945        -1.04509883E-04
   80.3242874        -9.89067121E-05
   80.4510803        -9.34394266E-05
   80.5778732        -8.82066015E-05
   80.7046585        -8.33096128E-05
   80.8314514        -7.88500765E-05
   80.9582443        -7.49272876E-05
   81.0850372        -7.16356517E-05
   81.2118301        -6.90621746E-05
   81.3386230        -6.72842289E-05
   81.4654160        -6.63673127E-05
   81.5922089        -6.63635510E-05
   81.7190018        -6.73100731E-05
   81.8457947        -6.92281683E-05
   81.9725876        -7.21226388E-05
   82.0993805        -7.59817631E-05
   82.2261734        -8.07775432E-05
   82.3529663        -8.64664398E-05
   82.4797592        -9.29906164E-05
   82.6065521        -1.00279329E-04
   82.7333450        -1.08250701E-04
   82.8601379        -1.16813899E-04
   82.9869308        -1.25871113E-04
   83.1137238        -1.35320006E-04
   83.2405167        -1.45055979E-04
   83.3673096        -1.54974492E-04
   83.4941025        -1.64973113E-04
   83.6208954        -1.74953428E-04
   83.7476883        -1.84823031E-04
   83.8744812        -1.94496635E-04
   84.0012741        -2.03897303E-04
   84.1280670        -2.12957326E-04
   84.2548599        -2.21618466E-04
   84.3816528        -2.29832061E-04
   84.5084381        -2.37558721E-04
   84.6352310        -2.44767929E-04
   84.7620239        -2.51436839E-04
   84.8888168        -2.57549633E-04
   85.0156097        -2.63096037E-04
   85.1424026        -2.68069969E-04
   85.2691956        -2.72468518E-04
   85.3959885        -2.76290230E-04
   85.5227814        -2.79534230E-04
   85.6495743        -2.82198976E-04
   85.7763672        -2.84281414E-04
   85.9031601        -2.85776565E-04
   86.0299530        -2.86676892E-04
   86.1567459        -2.86972703E-04
   86.2835388        -2.86651775E-04
   86.4103317        -2.85700837E-04
   86.5371246        -2.84105481E-04
   86.6639175        -2.81851797E-04
   86.7907104        -2.78927444E-04
   86.9175034        -2.75323022E-04
   87.0442963        -2.71033612E-04
   87.1710892        -2.66060146E-04
   87.2978821        -2.60410859E-04
   87.4246750        -2.54102517E-04
   87.5514679        -2.47161515E-04
   87.6782608        -2.39624700E-04
   87.8050537        -2.31539787E-04
   87.9318466        -2.22965507E-04
   88.0586395        -2.13971449E-04
   88.1854324        -2.04637283E-04
   88.3122177        -1.95051762E-04
   88.4390106        -1.85311466E-04
   88.5658035        -1.75518537E-04
   88.6925964        -1.65779042E-04
   88.8193893        -1.56200535E-04
   88.9461823        -1.46889201E-04
   89.0729752        -1.37947514E-04
   89.1997681        -1.29471417E-04
   89.3265610        -1.21547673E-04
   89.4533539        -1.14251481E-04
   89.5801468        -1.07644017E-04
   89.7069397        -1.01770827E-04
   89.8337326        -9.66600419E-05
   89.9605255        -9.23214029E-05
   90.0873184        -8.87455608E-05
   90.2141113        -8.59043284E-05
   90.3409042        -8.37508924E-05
   90.4676971        -8.22210059E-05
   90.5944901        -8.12344515E-05
   90.7212830        -8.06973403E-05
   90.8480759        -8.05045420E-05
   90.9748688        -8.05422751E-05
   91.1016617        -8.06916651E-05
   91.2284546        -8.08316618E-05
   91.3552475        -8.08427139E-05
   91.4820404        -8.06100434E-05
   91.6088333        -8.00265771E-05
   91.7356262        -7.89964179E-05
   91.8624191        -7.74371219E-05
   91.9892120        -7.52820852E-05
   92.1159973        -7.24822312E-05
   92.2427902        -6.90075249E-05
   92.3695831        -6.48472414E-05
   92.4963760        -6.00103958E-05
   92.6231689        -5.45252115E-05
   92.7499619        -4.84380325E-05
   92.8767548        -4.18119489E-05
   93.0035477        -3.47246278E-05
   93.1303406        -2.72661255E-05
   93.2571335        -1.95361026E-05
   93.3839264        -1.16409974E-05
   93.5107193        -3.69089025E-06
   93.6375122         4.20363585E-06
   93.7643051         1.19342913E-05
   93.8910980         1.93982396E-05
   94.0178909         2.65006274E-05
   94.1446838         3.31570227E-05
   94.2714767         3.92954571E-05
   94.3982697         4.48580322E-05
   94.5250626         4.98021000E-05
   94.6518555         5.41009867E-05
   94.7786484         5.77442042E-05
   94.9054413         6.07372822E-05
   95.0322342         6.31010189E-05
   95.1590271         6.48704663E-05
   95.2858200         6.60933656E-05
   95.4126129         6.68284338E-05
   95.5394058         6.71432645E-05
   95.6661987         6.71120870E-05
   95.7929916         6.68134599E-05
   95.9197769         6.63277824E-05
   96.0465698         6.57350101E-05
   96.1733627         6.51123482E-05
   96.3001556         6.45321707E-05
   96.4269485         6.40601429E-05
   96.5537415         6.37536432E-05
   96.6805344         6.36605182E-05
   96.8073273         6.38181446E-05
   96.9341202         6.42528394E-05
   97.0609131         6.49797657E-05
   97.1877060         6.60029982E-05
   97.3144989         6.73161558E-05
   97.4412918         6.89031294E-05
   97.5680847         7.07392464E-05
   97.6948776         7.27924707E-05
   97.8216705         7.50249674E-05
   97.9484634         7.73945576E-05
   98.0752563         7.98563487E-05
   98.2020493         8.23642695E-05
   98.3288422         8.48725103E-05
   98.4556351         8.73369136E-05
   98.5824280         8.97160062E-05
   98.7092209         9.19720260E-05
   98.8360138         9.40715399E-05
   98.9628067         9.59858517E-05
   99.0895996         9.76912852E-05
   99.2163925         9.91689813E-05
   99.3431854         1.00404766E-04
   99.4699783         1.01388556E-04
   99.5967712         1.02113932E-04
   99.7235565         1.02577353E-04
   99.8503494         1.02777449E-04
   99.9771423         1.02714264E-04
   100.103935         1.02388716E-04
   100.230728         1.01801852E-04
   100.357521         1.00954567E-04
   100.484314         9.98471296E-05
   100.611107         9.84792787E-05
   100.737900         9.68500608E-05
   100.864693         9.49582900E-05
   100.991486         9.28027803E-05
   101.118279         9.03830005E-05
   101.245071         8.76996783E-05
   101.371864         8.47554911E-05
   101.498657         8.15559033E-05
   101.625450         7.81097551E-05
   101.752243         7.44300414E-05
   101.879036         7.05344210E-05
   102.005829         6.64456165E-05
   102.132622         6.21916552E-05
   102.259415         5.78058898E-05
   102.386208         5.33267885E-05
   102.513000         4.87974612E-05
   102.639793         4.42650635E-05
   102.766586         3.97798176E-05
   102.893379         3.53939613E-05
   103.020172         3.11604563E-05
   103.146965         2.71316094E-05
   103.273758         2.33575374E-05
   103.400551         1.98846810E-05
   103.527336         1.67542457E-05
   103.654129         1.40007378E-05
   103.780922         1.16507290E-05
   103.907715         9.72160524E-06
   104.034508         8.22072889E-06
   104.161301         7.14475709E-06
   104.288094         6.47932120E-06
   104.414886         6.19902085E-06
   104.541679         6.26770952E-06
   104.668472         6.63921219E-06
   104.795265         7.25827886E-06
   104.922058         8.06193839E-06
   105.048851         8.98096550E-06
   105.175644         9.94175662E-06
   105.302437         1.08682980E-05
   105.429230         1.16841193E-05
   105.556023         1.23145064E-05
   105.682816         1.26885116E-05
   105.809608         1.27409421E-05
   105.936401         1.24141088E-05
   106.063194         1.16594465E-05
   106.189987         1.04387709E-05
   106.316780         8.72518831E-06
   106.443573         6.50373840E-06
   106.570366         3.77157767E-06
   106.697159         5.37851918E-07
   106.823952        -3.17687022E-06
   106.950745        -7.34143623E-06
   107.077538        -1.19152937E-05
   107.204330        -1.68498809E-05
   107.331116        -2.20903094E-05
   107.457909        -2.75770526E-05
   107.584702        -3.32478012E-05
   107.711494        -3.90392634E-05
   107.838287        -4.48889186E-05
   107.965080        -5.07366094E-05
   108.091873        -5.65259907E-05
   108.218666        -6.22057196E-05
   108.345459        -6.77303833E-05
   108.472252        -7.30611428E-05
   108.599045        -7.81660783E-05
   108.725838        -8.30202116E-05
   108.852631        -8.76053382E-05
   108.979424        -9.19094018E-05
   109.106216        -9.59259341E-05
   109.233009        -9.96530507E-05
   109.359802        -1.03092440E-04
   109.486595        -1.06248415E-04
   109.613388        -1.09126588E-04
   109.740181        -1.11732974E-04
   109.866974        -1.14072958E-04
   109.993767        -1.16150506E-04
   110.120560        -1.17967385E-04
   110.247353        -1.19522861E-04
   110.374146        -1.20813267E-04
   110.500938        -1.21832200E-04
   110.627731        -1.22570666E-04
   110.754524        -1.23017482E-04
   110.881317        -1.23159989E-04
   111.008102        -1.22984959E-04
   111.134895        -1.22479498E-04
   111.261688        -1.21632118E-04
   111.388481        -1.20433913E-04
   111.515274        -1.18879572E-04
   111.642067        -1.16968506E-04
   111.768860        -1.14705792E-04
   111.895653        -1.12102920E-04
   112.022446        -1.09178327E-04
   112.149239        -1.05957835E-04
   112.276031        -1.02474725E-04
   112.402824        -9.87694002E-05
   112.529617        -9.48891175E-05
   112.656410        -9.08871007E-05
   112.783203        -8.68215211E-05
   112.909996        -8.27543772E-05
   113.036789        -7.87498793E-05
   113.163582        -7.48730308E-05
   113.290375        -7.11877947E-05
   113.417168        -6.77554708E-05
   113.543961        -6.46328554E-05
   113.670753        -6.18706690E-05
   113.797546        -5.95119709E-05
   113.924339        -5.75908962E-05
   114.051132        -5.61314482E-05
   114.177925        -5.51467310E-05
   114.304718        -5.46384254E-05
   114.431511        -5.45965850E-05
   114.558304        -5.49997749E-05
   114.685097        -5.58156426E-05
   114.811882        -5.70016819E-05
   114.938675        -5.85063790E-05
   115.065468        -6.02706423E-05
   115.192261        -6.22294465E-05
   115.319054        -6.43135718E-05
   115.445847        -6.64516192E-05
   115.572639        -6.85718260E-05
   115.699432        -7.06041683E-05
   115.826225        -7.24821002E-05
   115.953018        -7.41443291E-05
   116.079811        -7.55363653E-05
   116.206604        -7.66117300E-05
   116.333397        -7.73331049E-05
   116.460190        -7.76728702E-05
   116.586983        -7.76136803E-05
   116.713776        -7.71484192E-05
   116.840569        -7.62800846E-05
   116.967361        -7.50211984E-05
   117.094154        -7.33931665E-05
   117.220947        -7.14252747E-05
   117.347740        -6.91535606E-05
   117.474533        -6.66195556E-05
   117.601326        -6.38690399E-05
   117.728119        -6.09506060E-05
   117.854912        -5.79144325E-05
   117.981705        -5.48109674E-05
   118.108498        -5.16898072E-05
   118.235291        -4.85986129E-05
   118.362083        -4.55822665E-05
   118.488876        -4.26820807E-05
   118.615662        -3.99352393E-05
   118.742455        -3.73743642E-05
   118.869247        -3.50272458E-05
   118.996040        -3.29167087E-05
   119.122833        -3.10606119E-05
   119.249626        -2.94719703E-05
   119.376419        -2.81591565E-05
   119.503212        -2.71262088E-05
   119.630005        -2.63731599E-05
   119.756798        -2.58964938E-05
   119.883591        -2.56895291E-05
   120.010384        -2.57429456E-05
   120.137177        -2.60452434E-05
   120.263969        -2.65832605E-05
   120.390762        -2.73426467E-05
   120.517555        -2.83083773E-05
   120.644348        -2.94652127E-05
   120.771141        -3.07981245E-05
   120.897934        -3.22927044E-05
   121.024727        -3.39354920E-05
   121.151520        -3.57142962E-05
   121.278313        -3.76183743E-05
   121.405106        -3.96385694E-05
   121.531898        -4.17673837E-05
   121.658691        -4.39988798E-05
   121.785484        -4.63286051E-05
   121.912277        -4.87532598E-05
   122.039070        -5.12704137E-05
   122.165863        -5.38780441E-05
   122.292656        -5.65740338E-05
   122.419441        -5.93556033E-05
   122.546234        -6.22186999E-05
   122.673027        -6.51573791E-05
   122.799820        -6.81632227E-05
   122.926613        -7.12247638E-05
   123.053406        -7.43270357E-05
   123.180199        -7.74511136E-05
   123.306992        -8.05739837E-05
   123.433784        -8.36683466E-05
   123.560577        -8.67027993E-05
   123.687370        -8.96419951E-05
   123.814163        -9.24471897E-05
   123.940956        -9.50768008E-05
   124.067749        -9.74873110E-05
   124.194542        -9.96341842E-05
   124.321335        -1.01473015E-04
   124.448128        -1.02960723E-04
   124.574921        -1.04056911E-04
   124.701714        -1.04725077E-04
   124.828506        -1.04934014E-04
   124.955299        -1.04659048E-04
   125.082092        -1.03883212E-04
   125.208885        -1.02598256E-04
   125.335678        -1.00805497E-04
   125.462471        -9.85164443E-05
   125.589264        -9.57532102E-05
   125.716057        -9.25485438E-05
   125.842850        -8.89456715E-05
   125.969643        -8.49978242E-05
   126.096436        -8.07674005E-05
   126.223221        -7.63249336E-05
   126.350014        -7.17476869E-05
   126.476807        -6.71181042E-05
   126.603600        -6.25219691E-05
   126.730392        -5.80464621E-05
   126.857185        -5.37780688E-05
   126.983978        -4.98004629E-05
   127.110771        -4.61923228E-05
   127.237564        -4.30252840E-05
   127.364357        -4.03619779E-05
   127.491150        -3.82542530E-05
   127.617943        -3.67416360E-05
   127.744736        -3.58500947E-05
   127.871529        -3.55911070E-05
   127.998322        -3.59611295E-05
   128.125107        -3.69414192E-05
   128.251907        -3.84983286E-05
   128.378693        -4.05839710E-05
   128.505493        -4.31372755E-05
   128.632278        -4.60855044E-05
   128.759079        -4.93460357E-05
   128.885864        -5.28284872E-05
   129.012665        -5.64370785E-05
   129.139450        -6.00731764E-05
   129.266251        -6.36379191E-05
   129.393036        -6.70349400E-05
   129.519836        -7.01729077E-05
   129.646622        -7.29680833E-05
   129.773422        -7.53466011E-05
   129.900208        -7.72465137E-05
   130.027008        -7.86194287E-05
   130.153793        -7.94318548E-05
   130.280594        -7.96660606E-05
   130.407379        -7.93204599E-05
   130.534180        -7.84096628E-05
   130.660965        -7.69638646E-05
   130.787766        -7.50279141E-05
   130.914551        -7.26599828E-05
   131.041351        -6.99298616E-05
   131.168137        -6.69168512E-05
   131.294937        -6.37075718E-05
   131.421722        -6.03934350E-05
   131.548523        -5.70682241E-05
   131.675308        -5.38254535E-05
   131.802109        -5.07559234E-05
   131.928894        -4.79454357E-05
   132.055679        -4.54726105E-05
   132.182480        -4.34070935E-05
   132.309265        -4.18079326E-05
   132.436066        -4.07224761E-05
   132.562851        -4.01854559E-05
   132.689651        -4.02185542E-05
   132.816437        -4.08303058E-05
   132.943237        -4.20163196E-05
   133.070023        -4.37598537E-05
   133.196823        -4.60326664E-05
   133.323608        -4.87960497E-05
   133.450409        -5.20021276E-05
   133.577194        -5.55952756E-05
   133.703995        -5.95135461E-05
   133.830780        -6.36902478E-05
   133.957581        -6.80554367E-05
   134.084366        -7.25374557E-05
   134.211166        -7.70642437E-05
   134.337952        -8.15648236E-05
   134.464752        -8.59703869E-05
   134.591537        -9.02154643E-05
   134.718338        -9.42388433E-05
   134.845123        -9.79843971E-05
   134.971924        -1.01401813E-04
   135.098709        -1.04447106E-04
   135.225510        -1.07083069E-04
   135.352295        -1.09279572E-04
   135.479095        -1.11013695E-04
   135.605881        -1.12269838E-04
   135.732666        -1.13039765E-04
   135.859467        -1.13322341E-04
   135.986252        -1.13123395E-04
   136.113052        -1.12455418E-04
   136.239838        -1.11337155E-04
   136.366638        -1.09793145E-04
   136.493423        -1.07853244E-04
   136.620224        -1.05551990E-04
   136.747009        -1.02928054E-04
   136.873810        -1.00023542E-04
   137.000595        -9.68833265E-05
   137.127396        -9.35543649E-05
   137.254181        -9.00849409E-05
   137.380981        -8.65239344E-05
   137.507767        -8.29202399E-05
   137.634567        -7.93218787E-05
   137.761353        -7.57755042E-05
   137.888153        -7.23256308E-05
   138.014938        -6.90141242E-05
   138.141739        -6.58795398E-05
   138.268524        -6.29566421E-05
   138.395325        -6.02759355E-05
   138.522110        -5.78631407E-05
   138.648911        -5.57388703E-05
   138.775696        -5.39182620E-05
   138.902496        -5.24106945E-05
   139.029282        -5.12195802E-05
   139.156082        -5.03422416E-05
   139.282867        -4.97698711E-05
   139.409653        -4.94875567E-05
   139.536453        -4.94744927E-05
   139.663239        -4.97042274E-05
   139.790039        -5.01451286E-05
   139.916824        -5.07608711E-05
   140.043625        -5.15111569E-05
   140.170410        -5.23525196E-05
   140.297211        -5.32392623E-05
   140.423996        -5.41245281E-05
   140.550797        -5.49613578E-05
   140.677582        -5.57039493E-05
   140.804382        -5.63088142E-05
   140.931168        -5.67359421E-05
   141.057968        -5.69499753E-05
   141.184753        -5.69212352E-05
   141.311554        -5.66266172E-05
   141.438339        -5.60503577E-05
   141.565140        -5.51846279E-05
   141.691925        -5.40297915E-05
   141.818726        -5.25946489E-05
   141.945511        -5.08962876E-05
   142.072311        -4.89597842E-05
   142.199097        -4.68176477E-05
   142.325897        -4.45091537E-05
   142.452682        -4.20794240E-05
   142.579483        -3.95784300E-05
   142.706268        -3.70598682E-05
   142.833069        -3.45799563E-05
   142.959854        -3.21962143E-05
   143.086655        -2.99661660E-05
   143.213440        -2.79461510E-05
   143.340225        -2.61900768E-05
   143.467026        -2.47482949E-05
   143.593811        -2.36665383E-05
   143.720612        -2.29849447E-05
   143.847397        -2.27371784E-05
   143.974197        -2.29497200E-05
   144.100983        -2.36412379E-05
   144.227783        -2.48221313E-05
   144.354568        -2.64942009E-05
   144.481369        -2.86505001E-05
   144.608154        -3.12753364E-05
   144.734955        -3.43444299E-05
   144.861740        -3.78252444E-05
   144.988541        -4.16774892E-05
   145.115326        -4.58537761E-05
   145.242126        -5.03003866E-05
   145.368912        -5.49582401E-05
   145.495712        -5.97639337E-05
   145.622498        -6.46508779E-05
   145.749298        -6.95505296E-05
   145.876083        -7.43936835E-05
   146.002884        -7.91117127E-05
   146.129669        -8.36379186E-05
   146.256470        -8.79087238E-05
   146.383255        -9.18648875E-05
   146.510056        -9.54524876E-05
   146.636841        -9.86240484E-05
   146.763641        -1.01339137E-04
   146.890427        -1.03565129E-04
   147.017212        -1.05277628E-04
   147.144012        -1.06460677E-04
   147.270798        -1.07106927E-04
   147.397598        -1.07217449E-04
   147.524384        -1.06801446E-04
   147.651184        -1.05875843E-04
   147.777969        -1.04464671E-04
   147.904770        -1.02598307E-04
   148.031555        -1.00312762E-04
   148.158356        -9.76487136E-05
   148.285141        -9.46507062E-05
   148.411942        -9.13661424E-05
   148.538727        -8.78444989E-05
   148.665527        -8.41364381E-05
   148.792313        -8.02930153E-05
   148.919113        -7.63650241E-05
   149.045898        -7.24023485E-05
   149.172699        -6.84533952E-05
   149.299484        -6.45647015E-05
   149.426285        -6.07805050E-05
   149.553070        -5.71424607E-05
   149.679871        -5.36893822E-05
   149.806656        -5.04570198E-05
   149.933456        -4.74779226E-05
   150.060242        -4.47812672E-05
   150.187042        -4.23927231E-05
   150.313828        -4.03343802E-05
   150.440628        -3.86246029E-05
   150.567413        -3.72779723E-05
   150.694214        -3.63051622E-05
   150.820999        -3.57128811E-05
   150.947784        -3.55038173E-05
   151.074585        -3.56765740E-05
   151.201370        -3.62256542E-05
   151.328171        -3.71414426E-05
   151.454956        -3.84102314E-05
   151.581757        -4.00142526E-05
   151.708542        -4.19317767E-05
   151.835342        -4.41372176E-05
   151.962128        -4.66013007E-05
   152.088928        -4.92912950E-05
   152.215714        -5.21712282E-05
   152.342514        -5.52023048E-05
   152.469299        -5.83432229E-05
   152.596100        -6.15506724E-05
   152.722885        -6.47799170E-05
   152.849686        -6.79853183E-05
   152.976471        -7.11211324E-05
   153.103271        -7.41421827E-05
   153.230057        -7.70046390E-05
   153.356857        -7.96669556E-05
   153.483643        -8.20905916E-05
   153.610443        -8.42409354E-05
   153.737228        -8.60880973E-05
   153.864029        -8.76076010E-05
   153.990814        -8.87811257E-05
   154.117615        -8.95969715E-05
   154.244400        -9.00504965E-05
   154.371201        -9.01442909E-05
   154.497986        -8.98883227E-05
   154.624771        -8.92996541E-05
   154.751572        -8.84021720E-05
   154.878357        -8.72260134E-05
   155.005157        -8.58068233E-05
   155.131943        -8.41848159E-05
   155.258743        -8.24037052E-05
   155.385529        -8.05094533E-05
   155.512329        -7.85490629E-05
   155.639114        -7.65691075E-05
   155.765915        -7.46144578E-05
   155.892700        -7.27268780E-05
   156.019501        -7.09438609E-05
   156.146286        -6.92974281E-05
   156.273087        -6.78132274E-05
   156.399872        -6.65097541E-05
   156.526672        -6.53978641E-05
   156.653458        -6.44805041E-05
   156.780258        -6.37527628E-05
   156.907043        -6.32022129E-05
   157.033844        -6.28094349E-05
   157.160629        -6.25489338E-05
   157.287430        -6.23901869E-05
   157.414215        -6.22989246E-05
   157.541016        -6.22385705E-05
   157.667801        -6.21717700E-05
   157.794601        -6.20619248E-05
   157.921387        -6.18747872E-05
   158.048187        -6.15798999E-05
   158.174973        -6.11520009E-05
   158.301773        -6.05721216E-05
   158.428558        -5.98286206E-05
   158.555344        -5.89177762E-05
   158.682144        -5.78442850E-05
   158.808929        -5.66212839E-05
   158.935730        -5.52701968E-05
   159.062515        -5.38201821E-05
   159.189316        -5.23073322E-05
   159.316101        -5.07735895E-05
   159.442902        -4.92654508E-05
   159.569687        -4.78324182E-05
   159.696487        -4.65253470E-05
   159.823273        -4.53946850E-05
   159.950073        -4.44886246E-05
   160.076859        -4.38513634E-05
   160.203659        -4.35213260E-05
