   0.00000000       0.00000000    
   1.25125123E-04   1.77722129E+22
   2.50250247E-04   3.55443696E+22
   3.75375384E-04   5.33164136E+22
   5.00500493E-04   7.10882888E+22
   6.25625602E-04   8.88599478E+22
   7.50750769E-04   1.06631314E+23
   8.75875878E-04   1.24402356E+23
   1.00100099E-03   1.42173002E+23
   1.12612615E-03   1.59943197E+23
   1.25125120E-03   1.77712888E+23
   1.37637637E-03   1.95482020E+23
   1.50150154E-03   2.13250540E+23
   1.62662659E-03   2.31018394E+23
   1.75175176E-03   2.48785527E+23
   1.87687692E-03   2.66551849E+23
   2.00200197E-03   2.84317361E+23
   2.12712702E-03   3.02081953E+23
   2.25225231E-03   3.19845610E+23
   2.37737736E-03   3.37608275E+23
   2.50250241E-03   3.55369859E+23
   2.62762769E-03   3.73130291E+23
   2.75275274E-03   3.90889605E+23
   2.87787779E-03   4.08647659E+23
   3.00300308E-03   4.26404416E+23
   3.12812813E-03   4.44159875E+23
   3.25325318E-03   4.61913894E+23
   3.37837846E-03   4.79666471E+23
   3.50350351E-03   4.97417535E+23
   3.62862856E-03   5.15167050E+23
   3.75375384E-03   5.32914943E+23
   3.87887890E-03   5.50661143E+23
   4.00400395E-03   5.68405614E+23
   4.12912900E-03   5.86148283E+23
   4.25425405E-03   6.03889115E+23
   4.37937956E-03   6.21628038E+23
   4.50450461E-03   6.39365086E+23
   4.62962966E-03   6.57100046E+23
   4.75475471E-03   6.74832915E+23
   4.87987977E-03   6.92563695E+23
   5.00500482E-03   7.10292313E+23
   5.13013033E-03   7.28018697E+23
   5.25525538E-03   7.45742776E+23
   5.38038043E-03   7.63464476E+23
   5.50550548E-03   7.81183799E+23
   5.63063053E-03   7.98900672E+23
   5.75575558E-03   8.16615022E+23
   5.88088110E-03   8.34326779E+23
   6.00600615E-03   8.52035941E+23
   6.13113120E-03   8.69742438E+23
   6.25625625E-03   8.87446196E+23
   6.38138130E-03   9.05147144E+23
   6.50650635E-03   9.22845282E+23
   6.63163140E-03   9.40540465E+23
   6.75675692E-03   9.58232694E+23
   6.88188197E-03   9.75921969E+23
   7.00700702E-03   9.93608073E+23
   7.13213207E-03   1.01129115E+24
   7.25725712E-03   1.02897099E+24
   7.38238217E-03   1.04664758E+24
   7.50750769E-03   1.06432093E+24
   7.63263274E-03   1.08199096E+24
   7.75775779E-03   1.09965754E+24
   7.88288284E-03   1.11732066E+24
   8.00800789E-03   1.13498024E+24
   8.13313294E-03   1.15263630E+24
   8.25825799E-03   1.17028868E+24
   8.38338304E-03   1.18793746E+24
   8.50850809E-03   1.20558249E+24
   8.63363408E-03   1.22322363E+24
   8.75875913E-03   1.24086102E+24
   8.88388418E-03   1.25849453E+24
   9.00900923E-03   1.27612399E+24
   9.13413428E-03   1.29374957E+24
   9.25925933E-03   1.31137097E+24
   9.38438438E-03   1.32898833E+24
   9.50950943E-03   1.34660151E+24
   9.63463448E-03   1.36421037E+24
   9.75975953E-03   1.38181505E+24
   9.88488458E-03   1.39941526E+24
   1.00100096E-02   1.41701115E+24
   1.01351347E-02   1.43460257E+24
   1.02602607E-02   1.45218952E+24
   1.03853857E-02   1.46977200E+24
   1.05105108E-02   1.48734973E+24
   1.06356358E-02   1.50492285E+24
   1.07607609E-02   1.52249121E+24
   1.08858859E-02   1.54005468E+24
   1.10110110E-02   1.55761353E+24
   1.11361360E-02   1.57516733E+24
   1.12612611E-02   1.59271624E+24
   1.13863861E-02   1.61026010E+24
   1.15115112E-02   1.62779906E+24
   1.16366362E-02   1.64533269E+24
   1.17617622E-02   1.66286128E+24
   1.18868873E-02   1.68038468E+24
   1.20120123E-02   1.69790274E+24
   1.21371374E-02   1.71541548E+24
   1.22622624E-02   1.73292288E+24
   1.23873875E-02   1.75042480E+24
   1.25125125E-02   1.76792125E+24
   1.26376376E-02   1.78541222E+24
   1.27627626E-02   1.80289743E+24
   1.28878877E-02   1.82037716E+24
   1.30130127E-02   1.83785113E+24
   1.31381378E-02   1.85531919E+24
   1.32632628E-02   1.87278162E+24
   1.33883888E-02   1.89023801E+24
   1.35135138E-02   1.90768863E+24
   1.36386389E-02   1.92513320E+24
   1.37637639E-02   1.94257171E+24
   1.38888890E-02   1.96000417E+24
   1.40140140E-02   1.97743044E+24
   1.41391391E-02   1.99485050E+24
   1.42642641E-02   2.01226437E+24
   1.43893892E-02   2.02967190E+24
   1.45145142E-02   2.04707309E+24
   1.46396393E-02   2.06446794E+24
   1.47647643E-02   2.08185616E+24
   1.48898903E-02   2.09923803E+24
   1.50150154E-02   2.11661314E+24
   1.51401404E-02   2.13398176E+24
   1.52652655E-02   2.15134360E+24
   1.53903905E-02   2.16869882E+24
   1.55155156E-02   2.18604712E+24
   1.56406406E-02   2.20338864E+24
   1.57657657E-02   2.22072325E+24
   1.58908907E-02   2.23805094E+24
   1.60160158E-02   2.25537156E+24
   1.61411408E-02   2.27268513E+24
   1.62662659E-02   2.28999164E+24
   1.63913909E-02   2.30729093E+24
   1.65165160E-02   2.32458303E+24
   1.66416410E-02   2.34186792E+24
   1.67667661E-02   2.35914545E+24
   1.68918911E-02   2.37641550E+24
   1.70170162E-02   2.39367819E+24
   1.71421412E-02   2.41093339E+24
   1.72672682E-02   2.42818095E+24
   1.73923932E-02   2.44542116E+24
   1.75175183E-02   2.46265359E+24
   1.76426433E-02   2.47987824E+24
   1.77677684E-02   2.49709510E+24
   1.78928934E-02   2.51430419E+24
   1.80180185E-02   2.53150549E+24
   1.81431435E-02   2.54869901E+24
   1.82682686E-02   2.56588445E+24
   1.83933936E-02   2.58306183E+24
   1.85185187E-02   2.60023114E+24
   1.86436437E-02   2.61739238E+24
   1.87687688E-02   2.63454525E+24
   1.88938938E-02   2.65169006E+24
   1.90190189E-02   2.66882680E+24
   1.91441439E-02   2.68595489E+24
   1.92692690E-02   2.70307462E+24
   1.93943940E-02   2.72018599E+24
   1.95195191E-02   2.73728872E+24
   1.96446441E-02   2.75438309E+24
   1.97697692E-02   2.77146881E+24
   1.98948942E-02   2.78854588E+24
   2.00200193E-02   2.80561431E+24
   2.01451443E-02   2.82267408E+24
   2.02702694E-02   2.83972464E+24
   2.03953963E-02   2.85676684E+24
   2.05205213E-02   2.87379981E+24
   2.06456464E-02   2.89082385E+24
   2.07707714E-02   2.90783896E+24
   2.08958965E-02   2.92484484E+24
   2.10210215E-02   2.94184178E+24
   2.11461466E-02   2.95882950E+24
   2.12712716E-02   2.97580800E+24
   2.13963967E-02   2.99277728E+24
   2.15215217E-02   3.00973704E+24
   2.16466468E-02   3.02668758E+24
   2.17717718E-02   3.04362861E+24
   2.18968969E-02   3.06056041E+24
   2.20220219E-02   3.07748242E+24
   2.21471470E-02   3.09439491E+24
   2.22722720E-02   3.11129761E+24
   2.23973971E-02   3.12819079E+24
   2.25225221E-02   3.14507417E+24
   2.26476472E-02   3.16194804E+24
   2.27727722E-02   3.17881183E+24
   2.28978973E-02   3.19566552E+24
   2.30230223E-02   3.21250970E+24
   2.31481474E-02   3.22934351E+24
   2.32732724E-02   3.24616752E+24
   2.33983975E-02   3.26298144E+24
   2.35235244E-02   3.27978498E+24
   2.36486495E-02   3.29657843E+24
   2.37737745E-02   3.31336180E+24
   2.38988996E-02   3.33013450E+24
   2.40240246E-02   3.34689712E+24
   2.41491497E-02   3.36364935E+24
   2.42742747E-02   3.38039122E+24
   2.43993998E-02   3.39712241E+24
   2.45245248E-02   3.41384295E+24
   2.46496499E-02   3.43055310E+24
   2.47747749E-02   3.44725259E+24
   2.48999000E-02   3.46394113E+24
   2.50250250E-02   3.48061929E+24
   2.51501501E-02   3.49728622E+24
   2.52752751E-02   3.51394276E+24
   2.54004002E-02   3.53058806E+24
   2.55255252E-02   3.54722242E+24
   2.56506503E-02   3.56384581E+24
   2.57757753E-02   3.58045826E+24
   2.59009004E-02   3.59705947E+24
   2.60260254E-02   3.61364972E+24
   2.61511505E-02   3.63022873E+24
   2.62762755E-02   3.64679621E+24
   2.64014006E-02   3.66335274E+24
   2.65265256E-02   3.67989774E+24
   2.66516525E-02   3.69643121E+24
   2.67767776E-02   3.71295344E+24
   2.69019026E-02   3.72946414E+24
   2.70270277E-02   3.74596303E+24
   2.71521527E-02   3.76245067E+24
   2.72772778E-02   3.77892649E+24
   2.74024028E-02   3.79539050E+24
   2.75275279E-02   3.81184298E+24
   2.76526529E-02   3.82828364E+24
   2.77777780E-02   3.84471219E+24
   2.79029030E-02   3.86112922E+24
   2.80280281E-02   3.87753414E+24
   2.81531531E-02   3.89392695E+24
   2.82782782E-02   3.91030795E+24
   2.84034032E-02   3.92667655E+24
   2.85285283E-02   3.94303334E+24
   2.86536533E-02   3.95937773E+24
   2.87787784E-02   3.97571002E+24
   2.89039034E-02   3.99202991E+24
   2.90290285E-02   4.00833741E+24
   2.91541535E-02   4.02463280E+24
   2.92792786E-02   4.04091551E+24
   2.94044036E-02   4.05718583E+24
   2.95295287E-02   4.07344346E+24
   2.96546537E-02   4.08968870E+24
   2.97797807E-02   4.10592126E+24
   2.99049057E-02   4.12214142E+24
   3.00300308E-02   4.13834862E+24
   3.01551558E-02   4.15454284E+24
   3.02802809E-02   4.17072467E+24
   3.04054059E-02   4.18689324E+24
   3.05305310E-02   4.20304913E+24
   3.06556560E-02   4.21919205E+24
   3.07807811E-02   4.23532200E+24
   3.09059061E-02   4.25143869E+24
   3.10310312E-02   4.26754241E+24
   3.11561562E-02   4.28363316E+24
   3.12812813E-02   4.29971065E+24
   3.14064063E-02   4.31577459E+24
   3.15315314E-02   4.33182556E+24
   3.16566564E-02   4.34786299E+24
   3.17817815E-02   4.36388716E+24
   3.19069065E-02   4.37989807E+24
   3.20320316E-02   4.39589514E+24
   3.21571566E-02   4.41187896E+24
   3.22822817E-02   4.42784894E+24
   3.24074067E-02   4.44380566E+24
   3.25325318E-02   4.45974855E+24
   3.26576568E-02   4.47567760E+24
   3.27827819E-02   4.49159310E+24
   3.29079069E-02   4.50749477E+24
   3.30330320E-02   4.52338232E+24
   3.31581570E-02   4.53925632E+24
   3.32832821E-02   4.55511620E+24
   3.34084071E-02   4.57096224E+24
   3.35335322E-02   4.58679415E+24
   3.36586572E-02   4.60261195E+24
   3.37837823E-02   4.61841562E+24
   3.39089073E-02   4.63420517E+24
   3.40340324E-02   4.64998059E+24
   3.41591574E-02   4.66574161E+24
   3.42842825E-02   4.68148850E+24
   3.44094113E-02   4.69722069E+24
   3.45345363E-02   4.71293876E+24
   3.46596614E-02   4.72864241E+24
   3.47847864E-02   4.74433137E+24
   3.49099115E-02   4.76000591E+24
   3.50350365E-02   4.77566604E+24
   3.51601616E-02   4.79131119E+24
   3.52852866E-02   4.80694192E+24
   3.54104117E-02   4.82255796E+24
   3.55355367E-02   4.83815900E+24
   3.56606618E-02   4.85374535E+24
   3.57857868E-02   4.86931728E+24
   3.59109119E-02   4.88487365E+24
   3.60360369E-02   4.90041561E+24
   3.61611620E-02   4.91594258E+24
   3.62862870E-02   4.93145399E+24
   3.64114121E-02   4.94695098E+24
   3.65365371E-02   4.96243241E+24
   3.66616622E-02   4.97789885E+24
   3.67867872E-02   4.99334973E+24
   3.69119123E-02   5.00878562E+24
   3.70370373E-02   5.02420652E+24
   3.71621624E-02   5.03961186E+24
   3.72872874E-02   5.05500163E+24
   3.74124125E-02   5.07037642E+24
   3.75375375E-02   5.08573506E+24
   3.76626626E-02   5.10107872E+24
   3.77877876E-02   5.11640681E+24
   3.79129127E-02   5.13171933E+24
   3.80380377E-02   5.14701630E+24
   3.81631628E-02   5.16229712E+24
   3.82882878E-02   5.17756237E+24
   3.84134129E-02   5.19281207E+24
   3.85385379E-02   5.20804620E+24
   3.86636630E-02   5.22326361E+24
   3.87887880E-02   5.23846603E+24
   3.89139131E-02   5.25365231E+24
   3.90390381E-02   5.26882188E+24
   3.91641632E-02   5.28397645E+24
   3.92892882E-02   5.29911431E+24
   3.94144133E-02   5.31423603E+24
   3.95395383E-02   5.32934219E+24
   3.96646634E-02   5.34443162E+24
   3.97897884E-02   5.35950492E+24
   3.99149135E-02   5.37456207E+24
   4.00400385E-02   5.38960309E+24
   4.01651636E-02   5.40462738E+24
   4.02902886E-02   5.41963496E+24
   4.04154137E-02   5.43462698E+24
   4.05405387E-02   5.44960170E+24
   4.06656675E-02   5.46456028E+24
   4.07907926E-02   5.47950214E+24
   4.09159176E-02   5.49442786E+24
   4.10410427E-02   5.50933629E+24
   4.11661677E-02   5.52422858E+24
   4.12912928E-02   5.53910357E+24
   4.14164178E-02   5.55396242E+24
   4.15415429E-02   5.56880398E+24
   4.16666679E-02   5.58362882E+24
   4.17917930E-02   5.59843695E+24
   4.19169180E-02   5.61322778E+24
   4.20420431E-02   5.62800189E+24
   4.21671681E-02   5.64275871E+24
   4.22922932E-02   5.65749881E+24
   4.24174182E-02   5.67222162E+24
   4.25425433E-02   5.68692713E+24
   4.26676683E-02   5.70161593E+24
   4.27927934E-02   5.71628743E+24
   4.29179184E-02   5.73094106E+24
   4.30430435E-02   5.74557798E+24
   4.31681685E-02   5.76019760E+24
   4.32932936E-02   5.77479935E+24
   4.34184186E-02   5.78938381E+24
   4.35435437E-02   5.80395097E+24
   4.36686687E-02   5.81850084E+24
   4.37937938E-02   5.83303284E+24
   4.39189188E-02   5.84754754E+24
   4.40440439E-02   5.86204438E+24
   4.41691689E-02   5.87652392E+24
   4.42942940E-02   5.89098559E+24
   4.44194190E-02   5.90542939E+24
   4.45445441E-02   5.91985532E+24
   4.46696691E-02   5.93426338E+24
   4.47947942E-02   5.94865415E+24
   4.49199192E-02   5.96302647E+24
   4.50450443E-02   5.97738092E+24
   4.51701693E-02   5.99171750E+24
   4.52952944E-02   6.00603620E+24
   4.54204194E-02   6.02033704E+24
   4.55455445E-02   6.03461943E+24
   4.56706695E-02   6.04888395E+24
   4.57957946E-02   6.06313003E+24
   4.59209196E-02   6.07735823E+24
   4.60460447E-02   6.09156799E+24
   4.61711697E-02   6.10575930E+24
   4.62962948E-02   6.11993274E+24
   4.64214198E-02   6.13408716E+24
   4.65465449E-02   6.14822371E+24
   4.66716699E-02   6.16234181E+24
   4.67967950E-02   6.17644146E+24
   4.69219238E-02   6.19052267E+24
   4.70470488E-02   6.20458543E+24
   4.71721739E-02   6.21862916E+24
   4.72972989E-02   6.23265503E+24
   4.74224240E-02   6.24666187E+24
   4.75475490E-02   6.26064969E+24
   4.76726741E-02   6.27461907E+24
   4.77977991E-02   6.28856999E+24
   4.79229242E-02   6.30250190E+24
   4.80480492E-02   6.31641478E+24
   4.81731743E-02   6.33030864E+24
   4.82982993E-02   6.34418405E+24
   4.84234244E-02   6.35804043E+24
   4.85485494E-02   6.37187780E+24
   4.86736745E-02   6.38569614E+24
   4.87987995E-02   6.39949545E+24
   4.89239246E-02   6.41327575E+24
   4.90490496E-02   6.42703702E+24
   4.91741747E-02   6.44077869E+24
   4.92992997E-02   6.45450192E+24
   4.94244248E-02   6.46820554E+24
   4.95495498E-02   6.48188957E+24
   4.96746749E-02   6.49555457E+24
   4.97997999E-02   6.50920055E+24
   4.99249250E-02   6.52282693E+24
   5.00500500E-02   6.53643371E+24
   5.01751751E-02   6.55002146E+24
   5.03003001E-02   6.56358962E+24
   5.04254252E-02   6.57713818E+24
   5.05505502E-02   6.59066713E+24
   5.06756753E-02   6.60417649E+24
   5.08008003E-02   6.61766683E+24
   5.09259254E-02   6.63113698E+24
   5.10510504E-02   6.64458754E+24
   5.11761755E-02   6.65801850E+24
   5.13013005E-02   6.67142929E+24
   5.14264256E-02   6.68482105E+24
   5.15515506E-02   6.69819263E+24
   5.16766757E-02   6.71154404E+24
   5.18018007E-02   6.72487642E+24
   5.19269258E-02   6.73818805E+24
   5.20520508E-02   6.75148008E+24
   5.21771759E-02   6.76475252E+24
   5.23023009E-02   6.77800420E+24
   5.24274260E-02   6.79123628E+24
   5.25525510E-02   6.80444876E+24
   5.26776761E-02   6.81764048E+24
   5.28028011E-02   6.83081204E+24
   5.29279262E-02   6.84396341E+24
   5.30530512E-02   6.85709519E+24
   5.31781800E-02   6.87020621E+24
   5.33033051E-02   6.88329706E+24
   5.34284301E-02   6.89636773E+24
   5.35535552E-02   6.90941822E+24
   5.36786802E-02   6.92244797E+24
   5.38038053E-02   6.93545753E+24
   5.39289303E-02   6.94844635E+24
   5.40540554E-02   6.96141498E+24
   5.41791804E-02   6.97436345E+24
   5.43043055E-02   6.98729115E+24
   5.44294305E-02   7.00019811E+24
   5.45545556E-02   7.01308489E+24
   5.46796806E-02   7.02595034E+24
   5.48048057E-02   7.03879562E+24
   5.49299307E-02   7.05162014E+24
   5.50550558E-02   7.06442449E+24
   5.51801808E-02   7.07720750E+24
   5.53053059E-02   7.08996977E+24
   5.54304309E-02   7.10271128E+24
   5.55555560E-02   7.11543204E+24
   5.56806810E-02   7.12813205E+24
   5.58058061E-02   7.14081130E+24
   5.59309311E-02   7.15346923E+24
   5.60560562E-02   7.16610640E+24
   5.61811812E-02   7.17872282E+24
   5.63063063E-02   7.19131791E+24
   5.64314313E-02   7.20389167E+24
   5.65565564E-02   7.21644468E+24
   5.66816814E-02   7.22897694E+24
   5.68068065E-02   7.24148786E+24
   5.69319315E-02   7.25397746E+24
   5.70570566E-02   7.26644573E+24
   5.71821816E-02   7.27889325E+24
   5.73073067E-02   7.29131944E+24
   5.74324317E-02   7.30372430E+24
   5.75575568E-02   7.31610783E+24
   5.76826818E-02   7.32847003E+24
   5.78078069E-02   7.34081032E+24
   5.79329319E-02   7.35312987E+24
   5.80580570E-02   7.36542808E+24
   5.81831820E-02   7.37770439E+24
   5.83083071E-02   7.38995937E+24
   5.84334321E-02   7.40219302E+24
   5.85585572E-02   7.41440534E+24
   5.86836822E-02   7.42659575E+24
   5.88088073E-02   7.43876484E+24
   5.89339323E-02   7.45091202E+24
   5.90590574E-02   7.46303787E+24
   5.91841824E-02   7.47514182E+24
   5.93093075E-02   7.48722386E+24
   5.94344363E-02   7.49928457E+24
   5.95595613E-02   7.51132338E+24
   5.96846864E-02   7.52334086E+24
   5.98098114E-02   7.53533585E+24
   5.99349365E-02   7.54730952E+24
   6.00600615E-02   7.55926070E+24
   6.01851866E-02   7.57119056E+24
   6.03103116E-02   7.58309851E+24
   6.04354367E-02   7.59498455E+24
   6.05605617E-02   7.60684811E+24
   6.06856868E-02   7.61869035E+24
   6.08108118E-02   7.63051010E+24
   6.09359369E-02   7.64230794E+24
   6.10610619E-02   7.65408388E+24
   6.11861870E-02   7.66583792E+24
   6.13113120E-02   7.67756947E+24
   6.14364371E-02   7.68927854E+24
   6.15615621E-02   7.70096628E+24
   6.16866872E-02   7.71263097E+24
   6.18118122E-02   7.72427432E+24
   6.19369373E-02   7.73589462E+24
   6.20620623E-02   7.74749301E+24
   6.21871874E-02   7.75906949E+24
   6.23123124E-02   7.77062292E+24
   6.24374375E-02   7.78215444E+24
   6.25625625E-02   7.79366348E+24
   6.26876876E-02   7.80515004E+24
   6.28128126E-02   7.81661469E+24
   6.29379377E-02   7.82805628E+24
   6.30630627E-02   7.83947539E+24
   6.31881878E-02   7.85087260E+24
   6.33133128E-02   7.86224674E+24
   6.34384379E-02   7.87359899E+24
   6.35635629E-02   7.88492817E+24
   6.36886880E-02   7.89623487E+24
   6.38138130E-02   7.90751851E+24
   6.39389381E-02   7.91878025E+24
   6.40640631E-02   7.93001893E+24
   6.41891882E-02   7.94123513E+24
   6.43143132E-02   7.95242884E+24
   6.44394383E-02   7.96359950E+24
   6.45645633E-02   7.97474709E+24
   6.46896884E-02   7.98587221E+24
   6.48148134E-02   7.99697484E+24
   6.49399385E-02   8.00805442E+24
   6.50650635E-02   8.01911094E+24
   6.51901886E-02   8.03014497E+24
   6.53153136E-02   8.04115595E+24
   6.54404387E-02   8.05214387E+24
   6.55655637E-02   8.06310930E+24
   6.56906888E-02   8.07405168E+24
   6.58158138E-02   8.08497100E+24
   6.59409389E-02   8.09586726E+24
   6.60660639E-02   8.10674047E+24
   6.61911890E-02   8.11759061E+24
   6.63163140E-02   8.12841770E+24
   6.64414391E-02   8.13922172E+24
   6.65665641E-02   8.15000269E+24
   6.66916892E-02   8.16076060E+24
   6.68168142E-02   8.17149546E+24
   6.69419393E-02   8.18220725E+24
   6.70670643E-02   8.19289541E+24
   6.71921894E-02   8.20356051E+24
   6.73173144E-02   8.21420255E+24
   6.74424395E-02   8.22482153E+24
   6.75675645E-02   8.23541688E+24
   6.76926896E-02   8.24598917E+24
   6.78178146E-02   8.25653783E+24
   6.79429397E-02   8.26706342E+24
   6.80680647E-02   8.27756596E+24
   6.81931898E-02   8.28804487E+24
   6.83183149E-02   8.29850014E+24
   6.84434399E-02   8.30893235E+24
   6.85685650E-02   8.31934092E+24
   6.86936900E-02   8.32972586E+24
   6.88188225E-02   8.34008774E+24
   6.89439476E-02   8.35042599E+24
   6.90690726E-02   8.36074060E+24
   6.91941977E-02   8.37103216E+24
   6.93193227E-02   8.38130008E+24
   6.94444478E-02   8.39154378E+24
   6.95695728E-02   8.40176443E+24
   6.96946979E-02   8.41196145E+24
   6.98198229E-02   8.42213483E+24
   6.99449480E-02   8.43228457E+24
   7.00700730E-02   8.44241068E+24
   7.01951981E-02   8.45251315E+24
   7.03203231E-02   8.46259199E+24
   7.04454482E-02   8.47264720E+24
   7.05705732E-02   8.48267877E+24
   7.06956983E-02   8.49268613E+24
   7.08208233E-02   8.50267043E+24
   7.09459484E-02   8.51263052E+24
   7.10710734E-02   8.52256639E+24
   7.11961985E-02   8.53247921E+24
   7.13213235E-02   8.54236782E+24
   7.14464486E-02   8.55223279E+24
   7.15715736E-02   8.56207356E+24
   7.16966987E-02   8.57189068E+24
   7.18218237E-02   8.58168417E+24
   7.19469488E-02   8.59145345E+24
   7.20720738E-02   8.60119910E+24
   7.21971989E-02   8.61092053E+24
   7.23223239E-02   8.62061776E+24
   7.24474490E-02   8.63029134E+24
   7.25725740E-02   8.63994130E+24
   7.26976991E-02   8.64956646E+24
   7.28228241E-02   8.65916799E+24
   7.29479492E-02   8.66874589E+24
   7.30730742E-02   8.67829957E+24
   7.31981993E-02   8.68782847E+24
   7.33233243E-02   8.69733431E+24
   7.34484494E-02   8.70681536E+24
   7.35735744E-02   8.71627277E+24
   7.36986995E-02   8.72570540E+24
   7.38238245E-02   8.73511439E+24
   7.39489496E-02   8.74449917E+24
   7.40740746E-02   8.75385974E+24
   7.41991997E-02   8.76319610E+24
   7.43243247E-02   8.77250825E+24
   7.44494498E-02   8.78179618E+24
   7.45745748E-02   8.79105991E+24
   7.46996999E-02   8.80029942E+24
   7.48248249E-02   8.80951472E+24
   7.49499500E-02   8.81870581E+24
   7.50750750E-02   8.82787269E+24
   7.52002001E-02   8.83701536E+24
   7.53253251E-02   8.84613324E+24
   7.54504502E-02   8.85522691E+24
   7.55755752E-02   8.86429636E+24
   7.57007003E-02   8.87334161E+24
   7.58258253E-02   8.88236264E+24
   7.59509504E-02   8.89135889E+24
   7.60760754E-02   8.90033093E+24
   7.62012005E-02   8.90927875E+24
   7.63263255E-02   8.91820179E+24
   7.64514506E-02   8.92710061E+24
   7.65765756E-02   8.93597522E+24
   7.67017007E-02   8.94482505E+24
   7.68268257E-02   8.95365009E+24
   7.69519508E-02   8.96245149E+24
   7.70770758E-02   8.97122810E+24
   7.72022009E-02   8.97997993E+24
   7.73273259E-02   8.98870755E+24
   7.74524510E-02   8.99741037E+24
   7.75775760E-02   9.00608899E+24
   7.77027011E-02   9.01474282E+24
   7.78278261E-02   9.02337186E+24
   7.79529512E-02   9.03197669E+24
   7.80780762E-02   9.04055731E+24
   7.82032013E-02   9.04911256E+24
   7.83283263E-02   9.05764361E+24
   7.84534514E-02   9.06614986E+24
   7.85785764E-02   9.07463190E+24
   7.87037015E-02   9.08308916E+24
   7.88288265E-02   9.09152163E+24
   7.89539516E-02   9.09992931E+24
   7.90790766E-02   9.10831278E+24
   7.92042017E-02   9.11667146E+24
   7.93293267E-02   9.12500535E+24
   7.94544518E-02   9.13331446E+24
   7.95795768E-02   9.14159877E+24
   7.97047019E-02   9.14985888E+24
   7.98298270E-02   9.15809362E+24
   7.99549520E-02   9.16630415E+24
   8.00800771E-02   9.17448989E+24
   8.02052021E-02   9.18265085E+24
   8.03303272E-02   9.19078702E+24
   8.04554522E-02   9.19889840E+24
   8.05805773E-02   9.20698499E+24
   8.07057023E-02   9.21504679E+24
   8.08308274E-02   9.22308381E+24
   8.09559524E-02   9.23109603E+24
   8.10810775E-02   9.23908290E+24
   8.12062025E-02   9.24704555E+24
   8.13313350E-02   9.25498342E+24
   8.14564601E-02   9.26289649E+24
   8.15815851E-02   9.27078478E+24
   8.17067102E-02   9.27864771E+24
   8.18318352E-02   9.28648642E+24
   8.19569603E-02   9.29429977E+24
   8.20820853E-02   9.30208833E+24
   8.22072104E-02   9.30985210E+24
   8.23323354E-02   9.31759109E+24
   8.24574605E-02   9.32530529E+24
   8.25825855E-02   9.33299412E+24
   8.27077106E-02   9.34065817E+24
   8.28328356E-02   9.34829800E+24
   8.29579607E-02   9.35591189E+24
   8.30830857E-02   9.36350158E+24
   8.32082108E-02   9.37106589E+24
   8.33333358E-02   9.37860542E+24
   8.34584609E-02   9.38612017E+24
   8.35835859E-02   9.39361012E+24
   8.37087110E-02   9.40107471E+24
   8.38338360E-02   9.40851451E+24
   8.39589611E-02   9.41592895E+24
   8.40840861E-02   9.42331918E+24
   8.42092112E-02   9.43068404E+24
   8.43343362E-02   9.43802354E+24
   8.44594613E-02   9.44533883E+24
   8.45845863E-02   9.45262817E+24
   8.47097114E-02   9.45989331E+24
   8.48348364E-02   9.46713308E+24
   8.49599615E-02   9.47434806E+24
   8.50850865E-02   9.48153768E+24
   8.52102116E-02   9.48870251E+24
   8.53353366E-02   9.49584255E+24
   8.54604617E-02   9.50295723E+24
   8.55855867E-02   9.51004655E+24
   8.57107118E-02   9.51711165E+24
   8.58358368E-02   9.52415139E+24
   8.59609619E-02   9.53116576E+24
   8.60860869E-02   9.53815535E+24
   8.62112120E-02   9.54511957E+24
   8.63363370E-02   9.55205901E+24
   8.64614621E-02   9.55897365E+24
   8.65865871E-02   9.56586293E+24
   8.67117122E-02   9.57272685E+24
   8.68368372E-02   9.57956598E+24
   8.69619623E-02   9.58637975E+24
   8.70870873E-02   9.59316873E+24
   8.72122124E-02   9.59993292E+24
   8.73373374E-02   9.60667174E+24
   8.74624625E-02   9.61338521E+24
   8.75875875E-02   9.62007388E+24
   8.77127126E-02   9.62673777E+24
   8.78378376E-02   9.63337571E+24
   8.79629627E-02   9.63998945E+24
   8.80880877E-02   9.64657724E+24
   8.82132128E-02   9.65314082E+24
   8.83383378E-02   9.65967846E+24
   8.84634629E-02   9.66619132E+24
   8.85885879E-02   9.67267938E+24
   8.87137130E-02   9.67914151E+24
   8.88388380E-02   9.68557942E+24
   8.89639631E-02   9.69199197E+24
   8.90890881E-02   9.69837916E+24
   8.92142132E-02   9.70474098E+24
   8.93393382E-02   9.71107859E+24
   8.94644633E-02   9.71739083E+24
   8.95895883E-02   9.72367771E+24
   8.97147134E-02   9.72993923E+24
   8.98398384E-02   9.73617538E+24
   8.99649635E-02   9.74238732E+24
   9.00900885E-02   9.74857390E+24
   9.02152136E-02   9.75473511E+24
   9.03403386E-02   9.76087096E+24
   9.04654637E-02   9.76698144E+24
   9.05905887E-02   9.77306772E+24
   9.07157138E-02   9.77912862E+24
   9.08408388E-02   9.78516417E+24
   9.09659639E-02   9.79117435E+24
   9.10910890E-02   9.79715916E+24
   9.12162140E-02   9.80311977E+24
   9.13413391E-02   9.80905501E+24
   9.14664641E-02   9.81496488E+24
   9.15915892E-02   9.82084940E+24
   9.17167142E-02   9.82670970E+24
   9.18418393E-02   9.83254348E+24
   9.19669643E-02   9.83835305E+24
   9.20920894E-02   9.84413726E+24
   9.22172144E-02   9.84989725E+24
   9.23423395E-02   9.85563073E+24
   9.24674645E-02   9.86134000E+24
   9.25925896E-02   9.86702390E+24
   9.27177146E-02   9.87268244E+24
   9.28428397E-02   9.87831677E+24
   9.29679647E-02   9.88392458E+24
   9.30930898E-02   9.88950818E+24
   9.32182148E-02   9.89506641E+24
   9.33433399E-02   9.90060043E+24
   9.34684649E-02   9.90610794E+24
   9.35935900E-02   9.91159124E+24
   9.37187150E-02   9.91704917E+24
   9.38438475E-02   9.92248173E+24
   9.39689726E-02   9.92789009E+24
   9.40940976E-02   9.93327192E+24
   9.42192227E-02   9.93862955E+24
   9.43443477E-02   9.94396181E+24
   9.44694728E-02   9.94926986E+24
   9.45945978E-02   9.95455140E+24
   9.47197229E-02   9.95980872E+24
   9.48448479E-02   9.96504183E+24
   9.49699730E-02   9.97024842E+24
   9.50950980E-02   9.97543080E+24
   9.52202231E-02   9.98058782E+24
   9.53453481E-02   9.98571948E+24
   9.54704732E-02   9.99082577E+24
   9.55955982E-02   9.99590784E+24
   9.57207233E-02   1.00009646E+25
   9.58458483E-02   1.00059971E+25
   9.59709734E-02   1.00110030E+25
   9.60960984E-02   1.00159848E+25
   9.62212235E-02   1.00209412E+25
   9.63463485E-02   1.00258734E+25
   9.64714736E-02   1.00307803E+25
   9.65965986E-02   1.00356617E+25
   9.67217237E-02   1.00405178E+25
   9.68468487E-02   1.00453497E+25
   9.69719738E-02   1.00501563E+25
   9.70970988E-02   1.00549374E+25
   9.72222239E-02   1.00596944E+25
   9.73473489E-02   1.00644260E+25
   9.74724740E-02   1.00691322E+25
   9.75975990E-02   1.00738142E+25
   9.77227241E-02   1.00784709E+25
   9.78478491E-02   1.00831033E+25
   9.79729742E-02   1.00877092E+25
   9.80980992E-02   1.00922909E+25
   9.82232243E-02   1.00968484E+25
   9.83483493E-02   1.01013806E+25
   9.84734744E-02   1.01058873E+25
   9.85985994E-02   1.01103699E+25
   9.87237245E-02   1.01148271E+25
   9.88488495E-02   1.01192589E+25
   9.89739746E-02   1.01236665E+25
   9.90990996E-02   1.01280488E+25
   9.92242247E-02   1.01324068E+25
   9.93493497E-02   1.01367395E+25
   9.94744748E-02   1.01410468E+25
   9.95995998E-02   1.01453299E+25
   9.97247249E-02   1.01495877E+25
   9.98498499E-02   1.01538212E+25
   9.99749750E-02   1.01580294E+25
  0.100100100       1.01622133E+25
  0.100225225       1.01663719E+25
  0.100350350       1.01705063E+25
  0.100475475       1.01746153E+25
  0.100600600       1.01786989E+25
  0.100725725       1.01827595E+25
  0.100850850       1.01867936E+25
  0.100975975       1.01908035E+25
  0.101101100       1.01947891E+25
  0.101226225       1.01987494E+25
  0.101351351       1.02026843E+25
  0.101476476       1.02065962E+25
  0.101601601       1.02104815E+25
  0.101726726       1.02143438E+25
  0.101851851       1.02181796E+25
  0.101976976       1.02219923E+25
  0.102102101       1.02257796E+25
  0.102227226       1.02295416E+25
  0.102352351       1.02332794E+25
  0.102477476       1.02369930E+25
  0.102602601       1.02406811E+25
  0.102727726       1.02443451E+25
  0.102852851       1.02479849E+25
  0.102977976       1.02515993E+25
  0.103103101       1.02551895E+25
  0.103228226       1.02587543E+25
  0.103353351       1.02622950E+25
  0.103478476       1.02658114E+25
  0.103603601       1.02693024E+25
  0.103728727       1.02727704E+25
  0.103853852       1.02762119E+25
  0.103978977       1.02796303E+25
  0.104104102       1.02830233E+25
  0.104229227       1.02863922E+25
  0.104354352       1.02897368E+25
  0.104479477       1.02930561E+25
  0.104604602       1.02963511E+25
  0.104729727       1.02996220E+25
  0.104854852       1.03028686E+25
  0.104979977       1.03060898E+25
  0.105105102       1.03092880E+25
  0.105230227       1.03124609E+25
  0.105355352       1.03156095E+25
  0.105480477       1.03187328E+25
  0.105605602       1.03218330E+25
  0.105730727       1.03249078E+25
  0.105855852       1.03279585E+25
  0.105980977       1.03309849E+25
  0.106106102       1.03339871E+25
  0.106231228       1.03369651E+25
  0.106356360       1.03399189E+25
  0.106481485       1.03428473E+25
  0.106606610       1.03457527E+25
  0.106731735       1.03486326E+25
  0.106856860       1.03514896E+25
  0.106981985       1.03543212E+25
  0.107107110       1.03571285E+25
  0.107232235       1.03599128E+25
  0.107357360       1.03626718E+25
  0.107482485       1.03654065E+25
  0.107607611       1.03681170E+25
  0.107732736       1.03708033E+25
  0.107857861       1.03734666E+25
  0.107982986       1.03761045E+25
  0.108108111       1.03787181E+25
  0.108233236       1.03813088E+25
  0.108358361       1.03838740E+25
  0.108483486       1.03864162E+25
  0.108608611       1.03889330E+25
  0.108733736       1.03914268E+25
  0.108858861       1.03938963E+25
  0.108983986       1.03963417E+25
  0.109109111       1.03987628E+25
  0.109234236       1.04011598E+25
  0.109359361       1.04035336E+25
  0.109484486       1.04058821E+25
  0.109609611       1.04082076E+25
  0.109734736       1.04105088E+25
  0.109859861       1.04127858E+25
  0.109984986       1.04150398E+25
  0.110110112       1.04172695E+25
  0.110235237       1.04194751E+25
  0.110360362       1.04216564E+25
  0.110485487       1.04238135E+25
  0.110610612       1.04259476E+25
  0.110735737       1.04280574E+25
  0.110860862       1.04301442E+25
  0.110985987       1.04322068E+25
  0.111111112       1.04342451E+25
  0.111236237       1.04362604E+25
  0.111361362       1.04382515E+25
  0.111486487       1.04402184E+25
  0.111611612       1.04421623E+25
  0.111736737       1.04440819E+25
  0.111861862       1.04459773E+25
  0.111986987       1.04478496E+25
  0.112112112       1.04496989E+25
  0.112237237       1.04515240E+25
  0.112362362       1.04533248E+25
  0.112487487       1.04551026E+25
  0.112612613       1.04568574E+25
  0.112737738       1.04585879E+25
  0.112862863       1.04602954E+25
  0.112987988       1.04619787E+25
  0.113113113       1.04636377E+25
  0.113238238       1.04652749E+25
  0.113363363       1.04668878E+25
  0.113488488       1.04684765E+25
  0.113613613       1.04700434E+25
  0.113738738       1.04715848E+25
  0.113863863       1.04731044E+25
  0.113988988       1.04745997E+25
  0.114114113       1.04760720E+25
  0.114239238       1.04775212E+25
  0.114364363       1.04789462E+25
  0.114489488       1.04803482E+25
  0.114614613       1.04817271E+25
  0.114739738       1.04830829E+25
  0.114864863       1.04844145E+25
  0.114989989       1.04857242E+25
  0.115115114       1.04870097E+25
  0.115240239       1.04882722E+25
  0.115365364       1.04895104E+25
  0.115490489       1.04907268E+25
  0.115615614       1.04919200E+25
  0.115740739       1.04930891E+25
  0.115865864       1.04942351E+25
  0.115990989       1.04953592E+25
  0.116116114       1.04964591E+25
  0.116241239       1.04975359E+25
  0.116366364       1.04985908E+25
  0.116491489       1.04996216E+25
  0.116616614       1.05006292E+25
  0.116741739       1.05016138E+25
  0.116866864       1.05025765E+25
  0.116991989       1.05035150E+25
  0.117117114       1.05044315E+25
  0.117242239       1.05053239E+25
  0.117367364       1.05061944E+25
  0.117492490       1.05070418E+25
  0.117617615       1.05078661E+25
  0.117742740       1.05086674E+25
  0.117867865       1.05094468E+25
  0.117992990       1.05102019E+25
  0.118118115       1.05109352E+25
  0.118243240       1.05116454E+25
  0.118368365       1.05123337E+25
  0.118493490       1.05129978E+25
  0.118618615       1.05136399E+25
  0.118743740       1.05142602E+25
  0.118868873       1.05148563E+25
  0.118993998       1.05154304E+25
  0.119119123       1.05159815E+25
  0.119244248       1.05165107E+25
  0.119369373       1.05170168E+25
  0.119494498       1.05175011E+25
  0.119619623       1.05179622E+25
  0.119744748       1.05184003E+25
  0.119869873       1.05188165E+25
  0.119994998       1.05192108E+25
  0.120120123       1.05195809E+25
  0.120245248       1.05199303E+25
  0.120370373       1.05202565E+25
  0.120495498       1.05205609E+25
  0.120620623       1.05208422E+25
  0.120745748       1.05211016E+25
  0.120870873       1.05213380E+25
  0.120995998       1.05215524E+25
  0.121121123       1.05217450E+25
  0.121246248       1.05219144E+25
  0.121371374       1.05220620E+25
  0.121496499       1.05221877E+25
  0.121621624       1.05222915E+25
  0.121746749       1.05223722E+25
  0.121871874       1.05224310E+25
  0.121996999       1.05224678E+25
  0.122122124       1.05224828E+25
  0.122247249       1.05224759E+25
  0.122372374       1.05224459E+25
  0.122497499       1.05223941E+25
  0.122622624       1.05223214E+25
  0.122747749       1.05222257E+25
  0.122872874       1.05221081E+25
  0.122997999       1.05219686E+25
  0.123123124       1.05218072E+25
  0.123248249       1.05216239E+25
  0.123373374       1.05214187E+25
  0.123498499       1.05211916E+25
  0.123623624       1.05209425E+25
  0.123748749       1.05206727E+25
  0.123873875       1.05203799E+25
  0.123999000       1.05200652E+25
  0.124124125       1.05197297E+25
  0.124249250       1.05193723E+25
  0.124374375       1.05189929E+25
  0.124499500       1.05185917E+25
  0.124624625       1.05181686E+25
  0.124749750       1.05177247E+25
  0.124874875       1.05172589E+25
  0.125000000       1.05167713E+25
