  -4.50000000         0.00000000    
  -4.37320757         0.00000000    
  -4.24641466         0.00000000    
  -4.11962223         0.00000000    
  -3.99282932         0.00000000    
  -3.86603665         0.00000000    
  -3.73924398         0.00000000    
  -3.61245155         0.00000000    
  -3.48565888         0.00000000    
  -3.35886621         0.00000000    
  -3.23207355         0.00000000    
  -3.10528088         0.00000000    
  -2.97848821         0.00000000    
  -2.85169554         0.00000000    
  -2.72490287         0.00000000    
  -2.59811020         0.00000000    
  -2.47131753         0.00000000    
  -2.34452486         0.00000000    
  -2.21773219         0.00000000    
  -2.09093952         0.00000000    
  -1.96414697         0.00000000    
  -1.83735430         0.00000000    
  -1.71056163         0.00000000    
  -1.58376896         0.00000000    
  -1.45697629         0.00000000    
  -1.33018374         0.00000000    
  -1.20339108         0.00000000    
  -1.07659841         0.00000000    
 -0.949805737         0.00000000    
 -0.823013067         0.00000000    
 -0.696220458         0.00000000    
 -0.569427788         0.00000000    
 -0.442635119         0.00000000    
 -0.315842479         0.00000000    
 -0.189049825         0.00000000    
  -6.22571707E-02     0.00000000    
   6.45354837E-02     0.00000000    
  0.191328138         0.00000000    
  0.318120778         0.00000000    
  0.444913447         0.00000000    
  0.571706116         0.00000000    
  0.698498726         0.00000000    
  0.825291395         0.00000000    
  0.952084064         0.00000000    
   1.07887673         0.00000000    
   1.20566940         0.00000000    
   1.33246195         0.00000000    
   1.45925462         0.00000000    
   1.58604729         0.00000000    
   1.71283996         0.00000000    
   1.83963263         0.00000000    
   1.96642530         0.00000000    
   2.09321785         0.00000000    
   2.22001052         0.00000000    
   2.34680319         0.00000000    
   2.47359586         0.00000000    
   2.60038853         0.00000000    
   2.72718120         0.00000000    
   2.85397387         0.00000000    
   2.98076653         0.00000000    
   3.10755920         0.00000000    
   3.23435187         0.00000000    
   3.36114454         0.00000000    
   3.48793697         0.00000000    
   3.61472964         0.00000000    
   3.74152231         0.00000000    
   3.86831498         0.00000000    
   3.99510765         0.00000000    
   4.12190056         0.00000000    
   4.24869299         0.00000000    
   4.37548542         0.00000000    
   4.50227833         0.00000000    
   4.62907076         0.00000000    
   4.75586367         0.00000000    
   4.88265610         0.00000000    
   5.00944901         0.00000000    
   5.13624144         0.00000000    
   5.26303434         0.00000000    
   5.38982677         0.00000000    
   5.51661968         0.00000000    
   5.64341211         0.00000000    
   5.77020502         0.00000000    
   5.89699745         0.00000000    
   6.02379036         0.00000000    
   6.15058279         0.00000000    
   6.27737522         0.00000000    
   6.40416813         0.00000000    
   6.53096056         0.00000000    
   6.65775347         0.00000000    
   6.78454590         0.00000000    
   6.91133881         0.00000000    
   7.03813124         0.00000000    
   7.16492414         0.00000000    
   7.29171658         0.00000000    
   7.41850948         0.00000000    
   7.54530191         0.00000000    
   7.67209482         0.00000000    
   7.79888725         0.00000000    
   7.92567968         0.00000000    
   8.05247211         0.00000000    
   8.17926502         0.00000000    
   8.30605793         0.00000000    
   8.43285084         0.00000000    
   8.55964279         0.00000000    
   8.68643570         0.00000000    
   8.81322861         0.00000000    
   8.94002151         0.00000000    
   9.06681347         0.00000000    
   9.19360638         0.00000000    
   9.32039928         0.00000000    
   9.44719219         0.00000000    
   9.57398415         0.00000000    
   9.70077705         0.00000000    
   9.82756996         0.00000000    
   9.95436192         0.00000000    
   10.0811548         0.00000000    
   10.2079477         0.00000000    
   10.3347406         0.00000000    
   10.4615326         0.00000000    
   10.5883255         0.00000000    
   10.7151184         0.00000000    
   10.8419113         0.00000000    
   10.9687033         0.00000000    
   11.0954962         0.00000000    
   11.2222891         0.00000000    
   11.3490820         0.00000000    
   11.4758739         0.00000000    
   11.6026669         0.00000000    
   11.7294598         0.00000000    
   11.8562517         0.00000000    
   11.9830446         0.00000000    
   12.1098375         0.00000000    
   12.2366304         0.00000000    
   12.3634224         0.00000000    
   12.4902153         0.00000000    
   12.6170082         0.00000000    
   12.7438011         0.00000000    
   12.8705931         0.00000000    
   12.9973860         0.00000000    
   13.1241789         0.00000000    
   13.2509708         0.00000000    
   13.3777637         0.00000000    
   13.5045567         0.00000000    
   13.6313496         0.00000000    
   13.7581415         0.00000000    
   13.8849344         0.00000000    
   14.0117273         0.00000000    
   14.1385202         0.00000000    
   14.2653122         0.00000000    
   14.3921051         0.00000000    
   14.5188980         0.00000000    
   14.6456909         0.00000000    
   14.7724829         0.00000000    
   14.8992758         0.00000000    
   15.0260687         0.00000000    
   15.1528606         0.00000000    
   15.2796535         0.00000000    
   15.4064465         0.00000000    
   15.5332394         0.00000000    
   15.6600313         0.00000000    
   15.7868242         0.00000000    
   15.9136171         0.00000000    
   16.0404091         0.00000000    
   16.1672020         0.00000000    
   16.2939949         0.00000000    
   16.4207878         0.00000000    
   16.5475807         0.00000000    
   16.6743736         0.00000000    
   16.8011646         0.00000000    
   16.9279575         0.00000000    
   17.0547504         0.00000000    
   17.1815434         0.00000000    
   17.3083363         0.00000000    
   17.4351292         0.00000000    
   17.5619221         0.00000000    
   17.6887150         0.00000000    
   17.8155060         0.00000000    
   17.9422989         0.00000000    
   18.0690918         0.00000000    
   18.1958847         0.00000000    
   18.3226776         0.00000000    
   18.4494705         0.00000000    
   18.5762634         0.00000000    
   18.7030544         0.00000000    
   18.8298473         0.00000000    
   18.9566402         0.00000000    
   19.0834332         0.00000000    
   19.2102261         0.00000000    
   19.3370190         0.00000000    
   19.4638119         0.00000000    
   19.5906048         0.00000000    
   19.7173958         0.00000000    
   19.8441887         0.00000000    
   19.9709816         0.00000000    
   20.0977745         0.00000000    
   20.2245674         0.00000000    
   20.3513603         0.00000000    
   20.4781532         0.00000000    
   20.6049442         0.00000000    
   20.7317371         0.00000000    
   20.8585300         0.00000000    
   20.9853230         0.00000000    
   21.1121159         0.00000000    
   21.2389088         0.00000000    
   21.3657017         0.00000000    
   21.4924946         0.00000000    
   21.6192856         0.00000000    
   21.7460785         0.00000000    
   21.8728714         0.00000000    
   21.9996643         0.00000000    
   22.1264572         0.00000000    
   22.2532501         0.00000000    
   22.3800430         0.00000000    
   22.5068340         0.00000000    
   22.6336269         0.00000000    
   22.7604198         0.00000000    
   22.8872128         0.00000000    
   23.0140057         0.00000000    
   23.1407986         0.00000000    
   23.2675915         0.00000000    
   23.3943844         0.00000000    
   23.5211754         0.00000000    
   23.6479683         0.00000000    
   23.7747612         0.00000000    
   23.9015541         0.00000000    
   24.0283470         0.00000000    
   24.1551399         0.00000000    
   24.2819328         0.00000000    
   24.4087238         0.00000000    
   24.5355167         0.00000000    
   24.6623096         0.00000000    
   24.7891026         0.00000000    
   24.9158955         0.00000000    
   25.0426884         0.00000000    
   25.1694813         0.00000000    
   25.2962742         0.00000000    
   25.4230652         0.00000000    
   25.5498581         0.00000000    
   25.6766510         0.00000000    
   25.8034439         0.00000000    
   25.9302368         0.00000000    
   26.0570297         0.00000000    
   26.1838226         0.00000000    
   26.3106136         0.00000000    
   26.4374065         0.00000000    
   26.5641994         0.00000000    
   26.6909924         0.00000000    
   26.8177853         0.00000000    
   26.9445782         0.00000000    
   27.0713711         0.00000000    
   27.1981640         0.00000000    
   27.3249550         0.00000000    
   27.4517479         0.00000000    
   27.5785408         0.00000000    
   27.7053337         0.00000000    
   27.8321266         0.00000000    
   27.9589195         0.00000000    
   28.0857124         0.00000000    
   28.2125034         0.00000000    
   28.3392963         0.00000000    
   28.4660892         0.00000000    
   28.5928822         0.00000000    
   28.7196751         0.00000000    
   28.8464680         0.00000000    
   28.9732609         0.00000000    
   29.1000538        -3.98760745E-33
   29.2268448        -1.11016052E-32
   29.3536377        -1.82155236E-32
   29.4804306        -2.43226488E-32
   29.6072235        -2.28888734E-32
   29.7340164        -1.11539213E-32
   29.8608093         9.81389597E-33
   29.9876022         3.83223207E-32
   30.1143932         3.64360373E-32
   30.2411861         1.19734376E-33
   30.3679790        -4.12366974E-32
   30.4947720        -6.48349434E-32
   30.6215649        -3.42010463E-32
   30.7483578         1.51768017E-32
   30.8751507         6.85939334E-32
   31.0019417         7.15781785E-32
   31.1287346         8.46962958E-32
   31.2555275         1.16608064E-31
   31.3823204         1.81900169E-31
   31.5091133         2.82219384E-31
   31.6359062         3.65973968E-31
   31.7626991         3.05049647E-31
   31.8894920         8.98107365E-32
   32.0162849        -1.46479985E-31
   32.1430779        -4.91571331E-31
   32.2698708        -5.76794530E-31
   32.3966637        -5.09380823E-31
   32.5234528        -1.30838700E-30
   32.6502457        -2.97885785E-30
   32.7770386        -3.23784446E-30
   32.9038315        -1.61087150E-30
   33.0306244        -3.89696126E-32
   33.1574173        -3.72469811E-30
   33.2842102        -1.01445697E-29
   33.4110031        -1.55369027E-29
   33.5377960        -1.80845138E-29
   33.6645889        -2.12826498E-29
   33.7913818        -1.72243829E-29
   33.9181747        -2.13249082E-30
   34.0449677         2.87401651E-29
   34.1717606         7.89095688E-29
   34.2985535         1.45764971E-28
   34.4253426         2.22138228E-28
   34.5521355         3.07595520E-28
   34.6789284         3.90964477E-28
   34.8057213         4.63014311E-28
   34.9325142         5.19075820E-28
   35.0593071         5.50610419E-28
   35.1861000         5.45089741E-28
   35.3128929         5.00818823E-28
   35.4396858         4.11259806E-28
   35.5664787         2.75606281E-28
   35.6932716         8.39453099E-29
   35.8200645        -1.69380086E-28
   35.9468575        -4.93724901E-28
   36.0736504        -8.92361536E-28
   36.2004433        -1.35757194E-27
   36.3272324        -1.87151087E-27
   36.4540253        -2.39420864E-27
   36.5808182        -2.88929994E-27
   36.7076111        -3.30616613E-27
   36.8344040        -3.58341183E-27
   36.9611969        -3.66121324E-27
   37.0879898        -3.48298884E-27
   37.2147827        -2.99872935E-27
   37.3415756        -2.15886270E-27
   37.4683685        -9.26429022E-28
   37.5951614         7.20836867E-28
   37.7219543         2.78938385E-27
   37.8487473         5.25098521E-27
   37.9755402         8.03532408E-27
   38.1023293         1.10303316E-26
   38.2291222         1.40788591E-26
   38.3559151         1.69764115E-26
   38.4827080         1.94784318E-26
   38.6095009         2.13064921E-26
   38.7362938         2.21642551E-26
   38.8630867         2.17518934E-26
   38.9898796         1.97728818E-26
   39.1166725         1.59575175E-26
   39.2434654         1.00808219E-26
   39.3702583         1.99379220E-27
   39.4970512        -8.34638719E-27
   39.6238441        -2.08335007E-26
   39.7506371        -3.51839513E-26
   39.8774300        -5.09072927E-26
   40.0042191        -6.72938966E-26
   40.1310120        -8.34140782E-26
   40.2578049        -9.81307221E-26
   40.3845978        -1.10132070E-25
   40.5113907        -1.17974543E-25
   40.6381836        -1.20138696E-25
   40.7649765        -1.15103471E-25
   40.8917694        -1.01438786E-25
   41.0185623        -7.79183061E-26
   41.1453552        -4.36506229E-26
   41.2721481         1.77780147E-27
   41.3989410         5.81558305E-26
   41.5257339         1.24509380E-25
   41.6525269         1.98988327E-25
   41.7793198         2.78785071E-25
   41.9061089         3.60101741E-25
   42.0329018         4.38172395E-25
   42.1596947         5.07347805E-25
   42.2864876         5.61250770E-25
   42.4132805         5.93004936E-25
   42.5400734         5.95544032E-25
   42.6668663         5.62008372E-25
   42.7936592         4.86209735E-25
   42.9204521         3.63169300E-25
   43.0472450         1.89701252E-25
   43.1740379        -3.49876821E-26
   43.3008308        -3.08720099E-25
   43.4276237        -6.25833431E-25
   43.5544167        -9.76776743E-25
   43.6812096        -1.34786135E-24
   43.8079987        -1.72121048E-24
   43.9347916        -2.07494478E-24
   44.0615845        -2.38364459E-24
   44.1883774        -2.61911366E-24
   44.3151703        -2.75146480E-24
   44.4419632        -2.75053571E-24
   44.5687561        -2.58762470E-24
   44.6955490        -2.23749707E-24
   44.8223419        -1.68060682E-24
   44.9491348        -9.05439460E-25
   45.0759277         8.91525852E-26
   45.2027206         1.29174849E-24
   45.3295135         2.67645537E-24
   45.4563065         4.20147121E-24
   45.5830994         5.80827832E-24
   45.7098885         7.42163653E-24
   45.8366814         8.95053258E-24
   45.9634743         1.02902085E-23
   46.0902672         1.13253920E-23
   46.2170601         1.19347476E-23
   46.3438530         1.19965565E-23
   46.4706459         1.13955438E-23
   46.5974388         1.00306614E-23
   46.7242317         7.82358640E-24
   46.8510246         4.72758385E-24
   46.9778175         7.36305907E-25
   47.1046104        -4.10798883E-24
   47.2314034        -9.70731683E-24
   47.3581963        -1.59026139E-23
   47.4849892        -2.24706792E-23
   47.6117783        -2.91241009E-23
   47.7385712        -3.55146473E-23
   47.8653641        -4.12406542E-23
   47.9921570        -4.58587059E-23
   48.1189499        -4.88997899E-23
   48.2457428        -4.98899081E-23
   48.3725357        -4.83747903E-23
   48.4993286        -4.39482078E-23
   48.6261215        -3.62828969E-23
   48.7529144        -2.51630962E-23
   48.8797073        -1.05171267E-23
   49.0065002         7.55165895E-24
   49.1332932         2.87375401E-23
   49.2600861         5.25106934E-23
   49.3868790         7.81033259E-23
   49.5136681         1.04505819E-22
   49.6404610         1.30474943E-22
   49.7672539         1.54555724E-22
   49.8940468         1.75118727E-22
   50.0208397         1.90413062E-22
   50.1476326         1.98635681E-22
   50.2744255         1.98016040E-22
   50.4012184         1.86914748E-22
   50.5280113         1.63933109E-22
   50.6548042         1.28030850E-22
   50.7815971         7.86461064E-23
   50.9083900         1.58131981E-23
   51.0351830        -5.97289064E-23
   51.1619759        -1.46444946E-22
   51.2887688        -2.41935966E-22
   51.4155579        -3.42903699E-22
   51.5423508        -4.45155547E-22
   51.6691437        -5.43655622E-22
   51.7959366        -6.32629388E-22
   51.9227295        -7.05725114E-22
   52.0495224        -7.56233921E-22
   52.1763153        -7.77370042E-22
   52.3031082        -7.62604737E-22
   52.4299011        -7.06049241E-22
   52.5566940        -6.02874262E-22
   52.6834869        -4.49752851E-22
   52.8102798        -2.45306232E-22
   52.9370728         9.46825726E-24
   53.0638657         3.10813039E-22
   53.1906586         6.51897285E-22
   53.3174477         1.02260597E-21
   53.4442406         1.40945700E-21
   53.5710335         1.79567825E-21
   53.6978264         2.16146676E-21
   53.8246193         2.48445272E-21
   53.9514122         2.74037707E-21
   54.0782051         2.90399465E-21
   54.2049980         2.95018772E-21
   54.3317909         2.85528227E-21
   54.4585838         2.59852267E-21
   54.5853767         2.16366861E-21
   54.7121696         1.54064671E-21
   54.8389626         7.27186927E-22
   54.9657555        -2.69656538E-22
   55.0925484        -1.43217942E-21
   55.2193375        -2.73102484E-21
   55.3461304        -4.12459597E-21
   55.4729233        -5.55899945E-21
   55.5997162        -6.96861781E-21
   55.7265091        -8.27738959E-21
   55.8533020        -9.40086646E-21
   55.9800949        -1.02490642E-20
   56.1068878        -1.07301271E-20
   56.2336807        -1.07547261E-20
   56.3604736        -1.02411196E-20
   56.4872665        -9.12070911E-21
   56.6140594        -7.34390577E-21
   56.7408524        -4.88603148E-21
   56.8676453        -1.75297828E-21
   56.9944382         2.01375525E-21
   57.1212273         6.33297515E-21
   57.2480202         1.10810666E-20
   57.3748131         1.60910217E-20
   57.5016060         2.11535237E-20
   57.6283989         2.60204735E-20
   57.7551918         3.04111175E-20
   57.8819847         3.40209531E-20
   58.0087776         3.65334011E-20
   58.1355705         3.76341103E-20
   58.2623634         3.70276157E-20
   58.3891563         3.44557981E-20
   58.5159492         2.97176203E-20
   58.6427422         2.26891070E-20
   58.7695351         1.33427860E-20
   58.8963280         1.76530521E-21
   59.0231171        -1.18279444E-20
   59.1499100        -2.70824749E-20
   59.2767029        -4.34998775E-20
   59.4034958        -6.04397545E-20
   59.5302887        -7.71292801E-20
   59.6570816        -9.26813742E-20
   59.7838745        -1.06121773E-19
   59.9106674        -1.16425090E-19
   60.0374603        -1.22559345E-19
   60.1642532        -1.23538313E-19
   60.2910461        -1.18479755E-19
   60.4178391        -1.06667719E-19
   60.5446320        -8.76163276E-20
   60.6714249        -6.11316070E-20
   60.7982178        -2.73682335E-20
   60.9250069         1.31230532E-20
   61.0517998         5.93608524E-20
   61.1785927         1.09915669E-19
   61.3053856         1.62912847E-19
   61.4321785         2.16059137E-19
   61.5589714         2.66695282E-19
   61.6857643         3.11875422E-19
   61.8125572         3.48474364E-19
   61.9393501         3.73319871E-19
   62.0661430         3.83348661E-19
   62.1929359         3.75779958E-19
   62.3197289         3.48301613E-19
   62.4465218         2.99259884E-19
   62.5733147         2.27844160E-19
   62.7001076         1.34256338E-19
   62.8268967         1.98528614E-20
   62.9536896        -1.12750805E-19
   63.0804825        -2.59625525E-19
   63.2072754        -4.15532940E-19
   63.3340683        -5.73998618E-19
   63.4608612        -7.27458510E-19
   63.5876541        -8.67484678E-19
   63.7144470        -9.85086186E-19
   63.8412399        -1.07108526E-18
   63.9680328        -1.11655672E-18
   64.0948257        -1.11331655E-18
   64.2216187        -1.05444766E-18
   64.3484116        -9.34830208E-19
   64.4752045        -7.51661349E-19
   64.6019974        -5.04928313E-19
   64.7287903        -1.97806517E-19
   64.8555832         1.63047742E-19
   64.9823761         5.67341365E-19
   65.1091690         1.00115127E-18
   65.2359619         1.44711619E-18
   65.3627548         1.88483173E-18
   65.4895477         2.29145160E-18
   65.6163330         2.64249774E-18
   65.7431259         2.91286566E-18
   65.8699188         3.07799489E-18
   65.9967117         3.11517708E-18
   66.1235046         3.00494389E-18
   66.2502975         2.73248279E-18
   66.3770905         2.28900500E-18
   66.5038834         1.67300081E-18
   66.6306763         8.91286696E-19
   66.7574692        -4.02149558E-20
   66.8842621        -1.09605795E-18
   67.0110550        -2.24127399E-18
   67.1378479        -3.43184560E-18
   67.2646408        -4.61570297E-18
   67.3914337        -5.73424100E-18
   67.5182266        -6.72436751E-18
   67.6450195        -7.52103384E-18
   67.7718124        -8.06018934E-18
   67.8986053        -8.28206399E-18
   68.0253983        -8.13465214E-18
   68.1521912        -7.57725896E-18
   68.2789841        -6.58393126E-18
   68.4057770        -5.14658253E-18
   68.5325699        -3.27764217E-18
   68.6593628        -1.01201050E-18
   68.7861557         1.59185150E-18
   68.9129486         4.45184594E-18
   69.0397415         7.46331235E-18
   69.1665344         1.05013598E-17
   69.2933273         1.34244358E-17
   69.4201126         1.60791652E-17
   69.5469055         1.83063441E-17
   69.6736984         1.99479088E-17
   69.8004913         2.08546989E-17
   69.9272842         2.08946981E-17
   70.0540771         1.99613885E-17
   70.1808701         1.79818725E-17
   70.3076630         1.49242755E-17
   70.4344559         1.08040541E-17
   70.5612488         5.68870140E-18
   70.6880417        -2.99478750E-19
   70.8148346        -6.98294954E-18
   70.9416275        -1.41311135E-17
   71.0684204        -2.14652724E-17
   71.1952133        -2.86664471E-17
   71.3220062        -3.53859958E-17
   71.4487991        -4.12587796E-17
   71.5755920        -4.59186123E-17
   71.7023849        -4.90153449E-17
   71.8291779        -5.02330937E-17
   71.9559708        -4.93087690E-17
   72.0827637        -4.60500480E-17
   72.2095566        -4.03518621E-17
   72.3363495        -3.22105686E-17
   72.4631424        -2.17346868E-17
   72.5899353        -9.15148706E-18
   72.7167282         5.19129205E-18
   72.8435211         2.08293310E-17
   72.9703140         3.71914234E-17
   73.0971069         5.36151639E-17
   73.2238922         6.93685375E-17
   73.3506851         8.36767967E-17
   73.4774780         9.57540637E-17
   73.6042709         1.04838492E-16
   73.7310638         1.10229612E-16
   73.8578568         1.11326467E-16
   73.9846497         1.07664618E-16
   74.1114426         9.89504088E-17
   74.2382355         8.50902167E-17
   74.3650284         6.62132471E-17
   74.4918213         4.26860831E-17
   74.6186142         1.51173477E-17
   74.7454071        -1.56483299E-17
   74.8722000        -4.85478952E-17
   74.9989929        -8.23291805E-17
   75.1257858        -1.15591476E-16
   75.2525787        -1.46836497E-16
   75.3793716        -1.74528359E-16
   75.5061646        -1.97160127E-16
   75.6329575        -2.13324957E-16
   75.7597504        -2.21788139E-16
   75.8865433        -2.21557362E-16
   76.0133362        -2.11947231E-16
   76.1401291        -1.92635012E-16
   76.2669220        -1.63703675E-16
   76.3937149        -1.25669779E-16
   76.5205078        -7.94931090E-17
   76.6473007        -2.65666027E-17
   76.7740936         3.13145731E-17
   76.9008865         9.20053011E-17
   77.0276718         1.53082835E-16
   77.1544647         2.11937477E-16
   77.2812576         2.65878772E-16
   77.4080505         3.12253031E-16
   77.5348434         3.48567928E-16
   77.6616364         3.72617946E-16
   77.7884293         3.82605629E-16
   77.9152222         3.77251799E-16
   78.0420151         3.55888940E-16
   78.1688080         3.18532166E-16
   78.2956009         2.65922076E-16
   78.4223938         1.99536319E-16
   78.5491867         1.21566526E-16
   78.6759796         3.48594523E-17
   78.8027725        -5.71777613E-17
   78.9295654        -1.50704962E-16
   79.0563583        -2.41606513E-16
   79.1831512        -3.25672151E-16
   79.3099442        -3.98794520E-16
   79.4367371        -4.57174545E-16
   79.5635300        -4.97525024E-16
   79.6903229        -5.17262798E-16
   79.8171158        -5.14676224E-16
   79.9439087        -4.89063959E-16
   80.0707016        -4.40828530E-16
   80.1974945        -3.71521859E-16
   80.3242874        -2.83836294E-16
   80.4510803        -1.81535572E-16
   80.5778732        -6.93270130E-17
   80.7046585         4.73239922E-17
   80.8314514         1.62430611E-16
   80.9582443         2.69766521E-16
   81.0850372         3.63179273E-16
   81.2118301         4.36923338E-16
   81.3386230         4.85996853E-16
   81.4654160         5.06462440E-16
   81.5922089         4.95740326E-16
   81.7190018         4.52849383E-16
   81.8457947         3.78584446E-16
   81.9725876         2.75612742E-16
   82.0993805         1.48480707E-16
   82.2261734         3.52115773E-18
   82.3529663        -1.51342460E-16
   82.4797592        -3.06893139E-16
   82.6065521        -4.53008837E-16
   82.7333450        -5.79137231E-16
   82.8601379        -6.74832896E-16
   82.9869308        -7.30339653E-16
   83.1137238        -7.37189079E-16
   83.2405167        -6.88788293E-16
   83.3673096        -5.80967564E-16
   83.4941025        -4.12451762E-16
   83.6208954        -1.85230144E-16
   83.7476883         9.52028438E-17
   83.8744812         4.19768300E-16
   84.0012741         7.75886944E-16
   84.1280670         1.14775633E-15
   84.2548599         1.51681239E-15
   84.3816528         1.86236795E-15
   84.5084381         2.16243001E-15
   84.6352310         2.39465023E-15
   84.7620239         2.53739498E-15
   84.8888168         2.57087904E-15
   85.0156097         2.47832862E-15
   85.1424026         2.24711086E-15
   85.2691956         1.86977991E-15
   85.3959885         1.34498424E-15
   85.5227814         6.78172959E-16
   85.6495743        -1.17936990E-16
   85.7763672        -1.02318531E-15
   85.9031601        -2.01011739E-15
   86.0299530        -3.04446426E-15
   86.1567459        -4.08599546E-15
   86.2835388        -5.08968884E-15
   86.4103317        -6.00724194E-15
   86.5371246        -6.78885811E-15
   86.6639175        -7.38526333E-15
   86.7907104        -7.74987882E-15
   86.9175034        -7.84107463E-15
   87.0442963        -7.62440699E-15
   87.1710892        -7.07476180E-15
   87.2978821        -6.17827018E-15
   87.4246750        -4.93393050E-15
   87.5514679        -3.35483387E-15
   87.6782608        -1.46890961E-15
   87.8050537         6.80893893E-16
   87.9318466         3.03699132E-15
   88.0586395         5.52821940E-15
   88.1854324         8.07147690E-15
   88.3122177         1.05740341E-14
   88.4390106         1.29363429E-14
   88.5658035         1.50554042E-14
   88.6925964         1.68285033E-14
   88.8193893         1.81571982E-14
   88.9461823         1.89515135E-14
   89.0729752         1.91340270E-14
   89.1997681         1.86438575E-14
   89.3265610         1.74402644E-14
   89.4533539         1.55057411E-14
   89.5801468         1.28484556E-14
   89.7069397         9.50388416E-15
   89.8337326         5.53550981E-15
   89.9605255         1.03455249E-15
   90.0873184        -3.88139931E-15
   90.2141113        -9.07082670E-15
   90.3409042        -1.43717503E-14
   90.4676971        -1.96062208E-14
   90.5944901        -2.45857039E-14
   90.7212830        -2.91171438E-14
   90.8480759        -3.30096939E-14
   90.9748688        -3.60816994E-14
   91.1016617        -3.81678704E-14
   91.2284546        -3.91262340E-14
   91.3552475        -3.88447785E-14
   91.4820404        -3.72473421E-14
   91.6088333        -3.42986239E-14
   91.7356262        -3.00080022E-14
   91.8624191        -2.44320250E-14
   91.9892120        -1.76753397E-14
   92.1159973        -9.88992196E-15
   92.2427902        -1.27271581E-15
   92.3695831         7.93869771E-15
   92.4963760         1.74718824E-14
   92.6231689         2.70270544E-14
   92.7499619         3.62859597E-14
   92.8767548         4.49218570E-14
   93.0035477         5.26105309E-14
   93.1303406         5.90415981E-14
   93.2571335         6.39302115E-14
   93.3839264         6.70283531E-14
   93.5107193         6.81355539E-14
   93.6375122         6.71085231E-14
   93.7643051         6.38691980E-14
   93.8910980         5.84111142E-14
   94.0178909         5.08034133E-14
   94.1446838         4.11924997E-14
   94.2714767         2.98010213E-14
   94.3982697         1.69240520E-14
   94.5250626         2.92251587E-15
   94.6518555        -1.17861077E-14
   94.7786484        -2.67396053E-14
   94.9054413        -4.14451561E-14
   95.0322342        -5.53952771E-14
   95.1590271        -6.80851520E-14
   95.2858200        -7.90308980E-14
   95.4126129        -8.77879787E-14
   95.5394058        -9.39692863E-14
   95.6661987        -9.72619812E-14
   95.7929916        -9.74426906E-14
   95.9197769        -9.43900855E-14
   96.0465698        -8.80944487E-14
   96.1733627        -7.86635771E-14
   96.3001556        -6.63246923E-14
   96.4269485        -5.14218862E-14
   96.5537415        -3.44089957E-14
   96.6805344        -1.58379999E-14
   96.8073273         3.65713590E-15
   96.9341202         2.33805285E-14
   97.0609131         4.25979916E-14
   97.1877060         6.05636960E-14
   97.3144989         7.65485494E-14
   97.4412918         8.98697891E-14
   97.5680847         9.99204517E-14
   97.6948776         1.06197549E-13
   97.8216705         1.08327945E-13
   97.9484634         1.06090389E-13
   98.0752563         9.94332248E-14
   98.2020493         8.84857644E-14
   98.3288422         7.35636595E-14
   98.4556351         5.51667578E-14
   98.5824280         3.39692975E-14
   98.7092209         1.08023475E-14
   98.8360138        -1.33711046E-14
   98.9628067        -3.74883975E-14
   99.0895996        -6.04258736E-14
   99.2163925        -8.10419508E-14
   99.3431854        -9.82248273E-14
   99.4699783        -1.10941726E-13
   99.5967712        -1.18288300E-13
   99.7235565        -1.19536285E-13
   99.8503494        -1.14177168E-13
   99.9771423        -1.01960080E-13
   100.103935        -8.29211577E-14
   100.230728        -5.74037007E-14
   100.357521        -2.60666529E-14
   100.484314         1.01191104E-14
   100.611107         4.98879909E-14
   100.737900         9.17099716E-14
   100.864693         1.33834377E-13
   100.991486         1.74345822E-13
   101.118279         2.11231193E-13
   101.245071         2.42455497E-13
   101.371864         2.66044402E-13
   101.498657         2.80170228E-13
   101.625450         2.83238710E-13
   101.752243         2.73971926E-13
   101.879036         2.51486223E-13
   102.005829         2.15357829E-13
   102.132622         1.65676839E-13
   102.259415         1.03083469E-13
   102.386208         2.87856930E-14
   102.513000        -5.54439002E-14
   102.639793        -1.47294937E-13
   102.766586        -2.43967173E-13
   102.893379        -3.42241779E-13
   103.020172        -4.38573657E-13
   103.146965        -5.29201574E-13
   103.273758        -6.10275014E-13
   103.400551        -6.77991138E-13
   103.527336        -7.28740256E-13
   103.654129        -7.59251494E-13
   103.780922        -7.66734441E-13
   103.907715        -7.49013752E-13
   104.034508        -7.04645326E-13
   104.161301        -6.33014745E-13
   104.288094        -5.34408292E-13
   104.414886        -4.10056971E-13
   104.541679        -2.62147319E-13
   104.668472        -9.37965390E-14
   104.795265         9.10034784E-14
   104.922058         2.87480462E-13
   105.048851         4.90204502E-13
   105.175644         6.93243314E-13
   105.302437         8.90337229E-13
   105.429230         1.07509683E-12
   105.556023         1.24120885E-12
   105.682816         1.38264866E-12
   105.809608         1.49388921E-12
   105.936401         1.57009789E-12
   106.063194         1.60731530E-12
   106.189987         1.60260856E-12
   106.316780         1.55419124E-12
   106.443573         1.46150811E-12
   106.570366         1.32527745E-12
   106.697159         1.14749031E-12
   106.823952         9.31367288E-13
   106.950745         6.81274102E-13
   107.077538         4.02595546E-13
   107.204330         1.01577289E-13
   107.331116        -2.14860844E-13
   107.457909        -5.39332251E-13
   107.584702        -8.64203294E-13
   107.711494        -1.18181842E-12
   107.838287        -1.48471686E-12
   107.965080        -1.76583639E-12
   108.091873        -2.01869858E-12
   108.218666        -2.23755758E-12
   108.345459        -2.41752148E-12
   108.472252        -2.55463120E-12
   108.599045        -2.64589912E-12
   108.725838        -2.68931166E-12
   108.852631        -2.68378895E-12
   108.979424        -2.62911416E-12
   109.106216        -2.52583653E-12
   109.233009        -2.37515368E-12
   109.359802        -2.17878233E-12
   109.486595        -1.93883169E-12
   109.613388        -1.65768495E-12
   109.740181        -1.33789627E-12
   109.866974        -9.82121177E-13
   109.993767        -5.93075177E-13
   110.120560        -1.73536654E-13
   110.247353         2.73608501E-13
   110.374146         7.45281712E-13
   110.500938         1.23808635E-12
   110.627731         1.74814796E-12
   110.754524         2.27093019E-12
   110.881317         2.80103891E-12
   111.008102         3.33202628E-12
   111.134895         3.85621613E-12
   111.261688         4.36454779E-12
   111.388481         4.84649560E-12
   111.515274         5.29003490E-12
   111.642067         5.68168906E-12
   111.768860         6.00668734E-12
   111.895653         6.24920948E-12
   112.022446         6.39273573E-12
   112.149239         6.42052470E-12
   112.276031         6.31617068E-12
   112.402824         6.06425587E-12
   112.529617         5.65108897E-12
   112.656410         5.06547625E-12
   112.783203         4.29953122E-12
   112.909996         3.34947001E-12
   113.036789         2.21635774E-12
   113.163582         9.06793846E-13
   113.290375        -5.66546647E-13
   113.417168        -2.18449521E-12
   113.543961        -3.92118282E-12
   113.670753        -5.74405063E-12
   113.797546        -7.61408644E-12
   113.924339        -9.48633359E-12
   114.051132        -1.13106486E-11
   114.177925        -1.30327667E-11
   114.304718        -1.45955817E-11
   114.431511        -1.59406568E-11
   114.558304        -1.70099507E-11
   114.685097        -1.77477043E-11
   114.811882        -1.81023894E-11
   114.938675        -1.80287313E-11
   115.065468        -1.74896955E-11
   115.192261        -1.64583746E-11
   115.319054        -1.49196957E-11
   115.445847        -1.28718806E-11
   115.572639        -1.03276250E-11
   115.699432        -7.31484057E-12
   115.826225        -3.87701720E-12
   115.953018        -7.31044457E-14
   116.079811         4.02313079E-12
   116.206604         8.32419290E-12
   116.333397         1.27305987E-11
   116.460190         1.71328715E-11
   116.586983         2.14142037E-11
   116.713776         2.54533877E-11
   116.840569         2.91280507E-11
   116.967361         3.23182037E-11
   117.094154         3.49097973E-11
   117.220947         3.67983942E-11
   117.347740         3.78926578E-11
   117.474533         3.81177034E-11
   117.601326         3.74180201E-11
   117.728119         3.57600581E-11
   117.854912         3.31341898E-11
   117.981705         2.95560902E-11
   118.108498         2.50674360E-11
   118.235291         1.97358432E-11
   118.362083         1.36540397E-11
   118.488876         6.93831364E-12
   118.615662        -2.73805772E-13
   118.742455        -7.82653369E-12
   118.869247        -1.55494975E-11
   118.996040        -2.32617328E-11
   119.122833        -3.07763467E-11
   119.249626        -3.79053004E-11
   119.376419        -4.44643211E-11
   119.503212        -5.02778513E-11
   119.630005        -5.51838540E-11
   119.756798        -5.90382673E-11
   119.883591        -6.17190049E-11
   120.010384        -6.31295918E-11
   120.137177        -6.32017286E-11
   120.263969        -6.18974941E-11
   120.390762        -5.92105670E-11
   120.517555        -5.51665276E-11
   120.644348        -4.98224864E-11
   120.771141        -4.32656480E-11
   120.897934        -3.56113507E-11
   121.024727        -2.70001174E-11
   121.151520        -1.75943357E-11
   121.278313        -7.57422250E-12
   121.405106         2.86640351E-12
   121.531898         1.35246987E-11
   121.658691         2.41934198E-11
   121.785484         3.46655170E-11
   121.912277         4.47384595E-11
   122.039070         5.42185359E-11
   122.165863         6.29241173E-11
   122.292656         7.06893641E-11
   122.419441         7.73663911E-11
   122.546234         8.28276267E-11
   122.673027         8.69669406E-11
   122.799820         8.97007121E-11
   122.926613         9.09678860E-11
   123.053406         9.07298819E-11
   123.180199         8.89698315E-11
   123.306992         8.56917592E-11
   123.433784         8.09192088E-11
   123.560577         7.46942161E-11
   123.687370         6.70757616E-11
   123.814163         5.81386640E-11
   123.940956         4.79725565E-11
   124.067749         3.66809604E-11
   124.194542         2.43809434E-11
   124.321335         1.12023993E-11
   124.448128        -2.71145693E-12
   124.574921        -1.72041513E-11
   124.701714        -3.21056723E-11
   124.828506        -4.72318573E-11
   124.955299        -6.23843338E-11
   125.082092        -7.73500847E-11
   125.208885        -9.19018403E-11
   125.335678        -1.05798773E-10
   125.462471        -1.18787730E-10
   125.589264        -1.30605235E-10
   125.716057        -1.40980505E-10
   125.842850        -1.49638912E-10
   125.969643        -1.56307342E-10
   126.096436        -1.60719202E-10
   126.223221        -1.62621264E-10
   126.350014        -1.61781047E-10
   126.476807        -1.57994784E-10
   126.603600        -1.51095816E-10
   126.730392        -1.40962964E-10
   126.857185        -1.27529390E-10
   126.983978        -1.10790370E-10
   127.110771        -9.08107201E-11
   127.237564        -6.77311193E-11
   127.364357        -4.17725715E-11
   127.491150        -1.32398649E-11
   127.617943         1.74778039E-11
   127.744736         4.99079320E-11
   127.871529         8.34987149E-11
   127.998322         1.17625368E-10
   128.125107         1.51599650E-10
   128.251907         1.84681090E-10
   128.378693         2.16092283E-10
   128.505493         2.45033965E-10
   128.632278         2.70705541E-10
   128.759079         2.92323749E-10
   128.885864         3.09145209E-10
   129.012665         3.20487109E-10
   129.139450         3.25750371E-10
   129.266251         3.24439808E-10
   129.393036         3.16184634E-10
   129.519836         3.00755920E-10
   129.646622         2.78081891E-10
   129.773422         2.48259968E-10
   129.900208         2.11564627E-10
   130.027008         1.68451086E-10
   130.153793         1.19555338E-10
   130.280594         6.56871085E-11
   130.407379         7.82044915E-12
   130.534180        -5.29229438E-11
   130.660965        -1.15292990E-10
   130.787766        -1.77937429E-10
   130.914551        -2.39429337E-10
   131.041351        -2.98300967E-10
   131.168137        -3.53077262E-10
   131.294937        -4.02313849E-10
   131.421722        -4.44634385E-10
   131.548523        -4.78768025E-10
   131.675308        -5.03586728E-10
   131.802109        -5.18139864E-10
   131.928894        -5.21685806E-10
   132.055679        -5.13718623E-10
   132.182480        -4.93991847E-10
   132.309265        -4.62535288E-10
   132.436066        -4.19664276E-10
   132.562851        -3.65984631E-10
   132.689651        -3.02387504E-10
   132.816437        -2.30039654E-10
   132.943237        -1.50364166E-10
   133.070023        -6.50143342E-11
   133.196823         2.41585675E-11
   133.323608         1.15143513E-10
   133.450409         2.05815157E-10
   133.577194         2.93980285E-10
   133.703995         3.77431919E-10
   133.830780         4.54002280E-10
   133.957581         5.21617749E-10
   134.084366         5.78353809E-10
   134.211166         6.22487228E-10
   134.337952         6.52546683E-10
   134.464752         6.67354838E-10
   134.591537         6.66071198E-10
   134.718338         6.48221310E-10
   134.845123         6.13721685E-10
   134.971924         5.62895675E-10
   135.098709         4.96478747E-10
   135.225510         4.15616597E-10
   135.352295         3.21848270E-10
   135.479095         2.17085003E-10
   135.605881         1.03575488E-10
   135.732666        -1.61359502E-11
   135.859467        -1.39260145E-10
   135.986252        -2.62822403E-10
   136.113052        -3.83724968E-10
   136.239838        -4.98818542E-10
   136.366638        -6.04972794E-10
   136.493423        -6.99150349E-10
   136.620224        -7.78482556E-10
   136.747009        -8.40339021E-10
   136.873810        -8.82396878E-10
   137.000595        -9.02707409E-10
   137.127396        -8.99746555E-10
   137.254181        -8.72468764E-10
   137.380981        -8.20342627E-10
   137.507767        -7.43380024E-10
   137.634567        -6.42153053E-10
   137.761353        -5.17797694E-10
   137.888153        -3.72007786E-10
   138.014938        -2.07013823E-10
   138.141739        -2.55491722E-11
   138.268524         1.69186720E-10
   138.395325         3.73589826E-10
   138.522110         5.83708748E-10
   138.648911         7.95318478E-10
   138.775696         1.00399777E-09
   138.902496         1.20521104E-09
   139.029282         1.39439482E-09
   139.156082         1.56704272E-09
   139.282867         1.71879078E-09
   139.409653         1.84550153E-09
   139.536453         1.94334260E-09
   139.663239         2.00885530E-09
   139.790039         2.03902562E-09
   139.916824         2.03133665E-09
   140.043625         1.98381733E-09
   140.170410         1.89507654E-09
   140.297211         1.76433412E-09
   140.423996         1.59142721E-09
   140.550797         1.37682843E-09
   140.677582         1.12162746E-09
   140.804382         8.27525826E-10
   140.931168         4.96811758E-10
   141.057968         1.32336003E-10
   141.184753        -2.62532024E-10
   141.311554        -6.83935186E-10
   141.438339        -1.12757270E-09
   141.565140        -1.58874403E-09
   141.691925        -2.06239292E-09
   141.818726        -2.54314947E-09
   141.945511        -3.02537218E-09
   142.072311        -3.50318841E-09
   142.199097        -3.97052968E-09
   142.325897        -4.42116477E-09
   142.452682        -4.84873608E-09
   142.579483        -5.24678212E-09
   142.706268        -5.60877300E-09
   142.833069        -5.92813842E-09
   142.959854        -6.19829343E-09
   143.086655        -6.41268150E-09
   143.213440        -6.56479715E-09
   143.340225        -6.64824640E-09
   143.467026        -6.65677513E-09
   143.593811        -6.58435528E-09
   143.720612        -6.42522835E-09
   143.847397        -6.17399465E-09
   143.974197        -5.82570747E-09
   144.100983        -5.37596545E-09
   144.227783        -4.82103024E-09
   144.354568        -4.15793977E-09
   144.481369        -3.38463790E-09
   144.608154        -2.50011167E-09
   144.734955        -1.50451940E-09
   144.861740        -3.99340533E-10
   144.988541         8.12505174E-10
   145.115326         2.12652496E-09
   145.242126         3.53654461E-09
   145.368912         5.03460384E-09
   145.495712         6.61088340E-09
   145.622498         8.25365465E-09
   145.749298         9.94924143E-09
   145.876083         1.16820447E-08
   146.002884         1.34345690E-08
   146.129669         1.51875046E-08
   146.256470         1.69198593E-08
   146.383255         1.86090912E-08
   146.510056         2.02313419E-08
   146.636841         2.17616272E-08
   146.763641         2.31741542E-08
   146.890427         2.44425991E-08
   147.017212         2.55404764E-08
   147.144012         2.64414624E-08
   147.270798         2.71198086E-08
   147.397598         2.75507333E-08
   147.524384         2.77108363E-08
   147.651184         2.75784533E-08
   147.777969         2.71341332E-08
   147.904770         2.63609596E-08
   148.031555         2.52449350E-08
   148.158356         2.37753124E-08
   148.285141         2.19448939E-08
   148.411942         1.97503098E-08
   148.538727         1.71922103E-08
   148.665527         1.42754661E-08
   148.792313         1.10092842E-08
   148.919113         7.40729744E-09
   149.045898         3.48759555E-09
   149.172699        -7.27273686E-10
   149.299484        -5.21035082E-09
   149.426285        -9.93035165E-09
   149.553070        -1.48517474E-08
   149.679871        -1.99349106E-08
   149.806656        -2.51362522E-08
   149.933456        -3.04083514E-08
   150.060242        -3.57000829E-08
   150.187042        -4.09567491E-08
   150.313828        -4.61202099E-08
   150.440628        -5.11288967E-08
   150.567413        -5.59179014E-08
   150.694214        -6.04189552E-08
   150.820999        -6.45603890E-08
   150.947784        -6.82670844E-08
   151.074585        -7.14602990E-08
   151.201370        -7.40575601E-08
   151.328171        -7.59724799E-08
   151.454956        -7.71144855E-08
   151.581757        -7.73886981E-08
   151.708542        -7.66956276E-08
   151.835342        -7.49310658E-08
   151.962128        -7.19858093E-08
   152.088928        -6.77456811E-08
   152.215714        -6.20913525E-08
   152.342514        -5.48985390E-08
   152.469299        -4.60380427E-08
   152.596100        -3.53761216E-08
   152.722885        -2.27748593E-08
   152.849686        -8.09285083E-09
   152.976471         8.81413253E-09
   153.103271         2.80921295E-08
   153.230057         4.98878521E-08
   153.356857         7.43473336E-08
   153.483643         1.01614461E-07
   153.610443         1.31829196E-07
   153.737228         1.65125726E-07
   153.864029         2.01630513E-07
   153.990814         2.41459929E-07
   154.117615         2.84718283E-07
   154.244400         3.31495215E-07
   154.371201         3.81863600E-07
   154.497986         4.35876927E-07
   154.624771         4.93567086E-07
   154.751572         5.54942460E-07
   154.878357         6.19985371E-07
   155.005157         6.88650118E-07
   155.131943         7.60862065E-07
   155.258743         8.36515824E-07
   155.385529         9.15473606E-07
   155.512329         9.97565849E-07
   155.639114         1.08258973E-06
   155.765915         1.17030970E-06
   155.892700         1.26045791E-06
   156.019501         1.35273524E-06
   156.146286         1.44681269E-06
   156.273087         1.54233248E-06
   156.399872         1.63891218E-06
   156.526672         1.73614387E-06
   156.653458         1.83360055E-06
   156.780258         1.93083793E-06
   156.907043         2.02739625E-06
   157.033844         2.12280725E-06
   157.160629         2.21659479E-06
   157.287430         2.30828141E-06
   157.414215         2.39738893E-06
   157.541016         2.48344554E-06
   157.667801         2.56598742E-06
   157.794601         2.64456207E-06
   157.921387         2.71873364E-06
   158.048187         2.78808261E-06
   158.174973         2.85221154E-06
   158.301773         2.91074571E-06
   158.428558         2.96333519E-06
   158.555344         3.00965735E-06
   158.682144         3.04941523E-06
   158.808929         3.08234235E-06
   158.935730         3.10820042E-06
   159.062515         3.12678071E-06
   159.189316         3.13790201E-06
   159.316101         3.14141516E-06
   159.442902         3.13719625E-06
   159.569687         3.12515272E-06
   159.696487         3.10521773E-06
   159.823273         3.07735309E-06
   159.950073         3.04154742E-06
   160.076859         2.99781595E-06
   160.203659         2.94620168E-06
