  -4.50000000         0.00000000    
  -4.37320757         0.00000000    
  -4.24641466         0.00000000    
  -4.11962223         0.00000000    
  -3.99282932         0.00000000    
  -3.86603665         0.00000000    
  -3.73924398         0.00000000    
  -3.61245155         0.00000000    
  -3.48565888         0.00000000    
  -3.35886621         0.00000000    
  -3.23207355         0.00000000    
  -3.10528088         0.00000000    
  -2.97848821         0.00000000    
  -2.85169554         0.00000000    
  -2.72490287         0.00000000    
  -2.59811020         0.00000000    
  -2.47131753         0.00000000    
  -2.34452486         0.00000000    
  -2.21773219         0.00000000    
  -2.09093952         0.00000000    
  -1.96414697         0.00000000    
  -1.83735430         0.00000000    
  -1.71056163         0.00000000    
  -1.58376896         0.00000000    
  -1.45697629         0.00000000    
  -1.33018374         0.00000000    
  -1.20339108         0.00000000    
  -1.07659841         0.00000000    
 -0.949805737         0.00000000    
 -0.823013067         0.00000000    
 -0.696220458         0.00000000    
 -0.569427788         0.00000000    
 -0.442635119         0.00000000    
 -0.315842479         0.00000000    
 -0.189049825         0.00000000    
  -6.22571707E-02     0.00000000    
   6.45354837E-02     0.00000000    
  0.191328138         0.00000000    
  0.318120778         0.00000000    
  0.444913447         0.00000000    
  0.571706116         0.00000000    
  0.698498726         0.00000000    
  0.825291395         0.00000000    
  0.952084064         0.00000000    
   1.07887673         0.00000000    
   1.20566940         0.00000000    
   1.33246195         0.00000000    
   1.45925462         0.00000000    
   1.58604729         0.00000000    
   1.71283996         0.00000000    
   1.83963263         0.00000000    
   1.96642530         0.00000000    
   2.09321785         0.00000000    
   2.22001052         0.00000000    
   2.34680319         0.00000000    
   2.47359586         0.00000000    
   2.60038853         0.00000000    
   2.72718120         0.00000000    
   2.85397387         0.00000000    
   2.98076653         0.00000000    
   3.10755920         0.00000000    
   3.23435187         0.00000000    
   3.36114454         0.00000000    
   3.48793697         0.00000000    
   3.61472964         0.00000000    
   3.74152231         0.00000000    
   3.86831498         0.00000000    
   3.99510765         0.00000000    
   4.12190056         0.00000000    
   4.24869299         0.00000000    
   4.37548542         0.00000000    
   4.50227833         0.00000000    
   4.62907076         0.00000000    
   4.75586367         0.00000000    
   4.88265610         0.00000000    
   5.00944901         0.00000000    
   5.13624144         0.00000000    
   5.26303434         0.00000000    
   5.38982677         0.00000000    
   5.51661968         0.00000000    
   5.64341211         0.00000000    
   5.77020502         0.00000000    
   5.89699745         0.00000000    
   6.02379036         0.00000000    
   6.15058279         0.00000000    
   6.27737522         0.00000000    
   6.40416813         0.00000000    
   6.53096056         0.00000000    
   6.65775347         0.00000000    
   6.78454590         0.00000000    
   6.91133881         0.00000000    
   7.03813124         0.00000000    
   7.16492414         0.00000000    
   7.29171658         0.00000000    
   7.41850948         0.00000000    
   7.54530191         0.00000000    
   7.67209482         0.00000000    
   7.79888725         0.00000000    
   7.92567968         0.00000000    
   8.05247211         0.00000000    
   8.17926502         0.00000000    
   8.30605793         0.00000000    
   8.43285084         0.00000000    
   8.55964279         0.00000000    
   8.68643570         0.00000000    
   8.81322861         0.00000000    
   8.94002151         0.00000000    
   9.06681347         0.00000000    
   9.19360638         0.00000000    
   9.32039928         0.00000000    
   9.44719219         0.00000000    
   9.57398415         0.00000000    
   9.70077705         0.00000000    
   9.82756996         0.00000000    
   9.95436192         0.00000000    
   10.0811548         0.00000000    
   10.2079477         0.00000000    
   10.3347406         0.00000000    
   10.4615326         0.00000000    
   10.5883255         0.00000000    
   10.7151184         0.00000000    
   10.8419113         0.00000000    
   10.9687033         0.00000000    
   11.0954962         0.00000000    
   11.2222891         0.00000000    
   11.3490820         0.00000000    
   11.4758739         0.00000000    
   11.6026669         0.00000000    
   11.7294598         0.00000000    
   11.8562517         0.00000000    
   11.9830446         0.00000000    
   12.1098375         0.00000000    
   12.2366304         0.00000000    
   12.3634224         0.00000000    
   12.4902153         0.00000000    
   12.6170082         0.00000000    
   12.7438011         0.00000000    
   12.8705931         0.00000000    
   12.9973860         0.00000000    
   13.1241789         0.00000000    
   13.2509708         0.00000000    
   13.3777637         0.00000000    
   13.5045567         0.00000000    
   13.6313496         0.00000000    
   13.7581415         0.00000000    
   13.8849344         0.00000000    
   14.0117273         0.00000000    
   14.1385202         0.00000000    
   14.2653122         0.00000000    
   14.3921051         0.00000000    
   14.5188980         0.00000000    
   14.6456909         0.00000000    
   14.7724829         0.00000000    
   14.8992758         0.00000000    
   15.0260687         0.00000000    
   15.1528606         0.00000000    
   15.2796535         0.00000000    
   15.4064465         0.00000000    
   15.5332394         0.00000000    
   15.6600313         0.00000000    
   15.7868242         0.00000000    
   15.9136171         0.00000000    
   16.0404091         0.00000000    
   16.1672020         0.00000000    
   16.2939949         0.00000000    
   16.4207878         0.00000000    
   16.5475807         0.00000000    
   16.6743736         0.00000000    
   16.8011646         0.00000000    
   16.9279575         0.00000000    
   17.0547504         0.00000000    
   17.1815434         0.00000000    
   17.3083363         0.00000000    
   17.4351292         0.00000000    
   17.5619221         0.00000000    
   17.6887150         0.00000000    
   17.8155060         0.00000000    
   17.9422989         0.00000000    
   18.0690918         0.00000000    
   18.1958847         0.00000000    
   18.3226776         0.00000000    
   18.4494705         0.00000000    
   18.5762634         0.00000000    
   18.7030544         0.00000000    
   18.8298473         0.00000000    
   18.9566402         0.00000000    
   19.0834332         0.00000000    
   19.2102261         0.00000000    
   19.3370190         0.00000000    
   19.4638119         0.00000000    
   19.5906048         0.00000000    
   19.7173958         0.00000000    
   19.8441887         0.00000000    
   19.9709816         0.00000000    
   20.0977745         0.00000000    
   20.2245674         0.00000000    
   20.3513603         0.00000000    
   20.4781532         0.00000000    
   20.6049442         0.00000000    
   20.7317371         0.00000000    
   20.8585300         0.00000000    
   20.9853230         0.00000000    
   21.1121159         0.00000000    
   21.2389088         0.00000000    
   21.3657017         0.00000000    
   21.4924946         0.00000000    
   21.6192856         0.00000000    
   21.7460785         0.00000000    
   21.8728714         0.00000000    
   21.9996643         0.00000000    
   22.1264572         0.00000000    
   22.2532501         0.00000000    
   22.3800430         0.00000000    
   22.5068340         0.00000000    
   22.6336269         0.00000000    
   22.7604198         0.00000000    
   22.8872128         0.00000000    
   23.0140057         0.00000000    
   23.1407986         0.00000000    
   23.2675915         0.00000000    
   23.3943844         0.00000000    
   23.5211754         0.00000000    
   23.6479683         0.00000000    
   23.7747612         0.00000000    
   23.9015541         0.00000000    
   24.0283470         0.00000000    
   24.1551399         0.00000000    
   24.2819328         0.00000000    
   24.4087238         0.00000000    
   24.5355167         0.00000000    
   24.6623096         0.00000000    
   24.7891026         0.00000000    
   24.9158955         0.00000000    
   25.0426884         0.00000000    
   25.1694813         0.00000000    
   25.2962742         0.00000000    
   25.4230652         0.00000000    
   25.5498581         0.00000000    
   25.6766510         0.00000000    
   25.8034439         0.00000000    
   25.9302368         0.00000000    
   26.0570297         0.00000000    
   26.1838226         0.00000000    
   26.3106136         0.00000000    
   26.4374065         0.00000000    
   26.5641994         0.00000000    
   26.6909924         0.00000000    
   26.8177853         0.00000000    
   26.9445782         0.00000000    
   27.0713711         0.00000000    
   27.1981640         0.00000000    
   27.3249550         0.00000000    
   27.4517479         0.00000000    
   27.5785408         0.00000000    
   27.7053337         0.00000000    
   27.8321266         0.00000000    
   27.9589195         0.00000000    
   28.0857124         0.00000000    
   28.2125034         0.00000000    
   28.3392963         0.00000000    
   28.4660892         0.00000000    
   28.5928822         0.00000000    
   28.7196751         0.00000000    
   28.8464680         0.00000000    
   28.9732609         0.00000000    
   29.1000538         2.44849449E-33
   29.2268448         6.81667999E-33
   29.3536377         1.11848023E-32
   29.4804306         1.49347468E-32
   29.6072235         1.40543794E-32
   29.7340164        -1.12310117E-34
   29.8608093        -2.66253114E-32
   29.9876022        -5.92237975E-32
   30.1143932        -1.17648952E-31
   30.2411861        -2.03580599E-31
   30.3679790        -2.64759508E-31
   30.4947720        -3.25149660E-31
   30.6215649        -3.88265361E-31
   30.7483578        -4.35618787E-31
   30.8751507        -3.98489482E-31
   31.0019417        -3.22237843E-31
   31.1287346        -1.70286179E-31
   31.2555275         7.46396713E-32
   31.3823204         3.87063136E-31
   31.5091133         7.04039772E-31
   31.6359062         9.91119284E-31
   31.7626991         1.20995778E-30
   31.8894920         1.33409609E-30
   32.0162849         1.30977982E-30
   32.1430779         1.26948735E-30
   32.2698708         9.69018956E-31
   32.3966637         2.69508811E-31
   32.5234528        -3.32333318E-31
   32.6502457        -7.54416194E-31
   32.7770386        -1.90483405E-30
   32.9038315        -5.17199007E-30
   33.0306244        -9.68564313E-30
   33.1574173        -1.22416042E-29
   33.2842102        -1.31054131E-29
   33.4110031        -1.05602463E-29
   33.5377960        -8.00845531E-30
   33.6645889        -1.72682227E-30
   33.7913818         4.08993756E-30
   33.9181747         7.41936299E-30
   34.0449677         6.21227549E-30
   34.1717606         2.13582810E-30
   34.2985535        -3.05839951E-30
   34.4253426        -6.13647397E-30
   34.5521355        -9.16161113E-30
   34.6789284        -1.36299206E-29
   34.8057213        -3.42423949E-30
   34.9325142         1.94440097E-29
   35.0593071         5.75047774E-29
   35.1861000         1.09420109E-28
   35.3128929         1.73398864E-28
   35.4396858         2.36792942E-28
   35.5664787         3.01674489E-28
   35.6932716         3.55163943E-28
   35.8200645         3.87247432E-28
   35.9468575         3.91524826E-28
   36.0736504         3.66416429E-28
   36.2004433         3.17915134E-28
   36.3272324         2.45883933E-28
   36.4540253         1.52292501E-28
   36.5808182         3.61763822E-29
   36.7076111        -9.31012470E-29
   36.8344040        -2.33724815E-28
   36.9611969        -3.86778011E-28
   37.0879898        -5.50288452E-28
   37.2147827        -7.22814171E-28
   37.3415756        -8.96878516E-28
   37.4683685        -1.06187717E-27
   37.5951614        -1.20775722E-27
   37.7219543        -1.31665334E-27
   37.8487473        -1.36676093E-27
   37.9755402        -1.34445462E-27
   38.1023293        -1.23752160E-27
   38.2291222        -1.02945530E-27
   38.3559151        -7.10088733E-28
   38.4827080        -2.76541873E-28
   38.6095009         2.73275689E-28
   38.7362938         9.32331708E-28
   38.8630867         1.68571044E-27
   38.9898796         2.50752554E-27
   39.1166725         3.36461579E-27
   39.2434654         4.21548625E-27
   39.3702583         5.00726263E-27
   39.4970512         5.68053962E-27
   39.6238441         6.16991033E-27
   39.7506371         6.40706934E-27
   39.8774300         6.32311150E-27
   40.0042191         5.85179908E-27
   40.1310120         4.93240211E-27
   40.2578049         3.52223698E-27
   40.3845978         1.59605339E-27
   40.5113907        -8.48202659E-28
   40.6381836        -3.78027038E-27
   40.7649765        -7.13469992E-27
   40.8917694        -1.08071440E-26
   41.0185623        -1.46534796E-26
   41.1453552        -1.84907887E-26
   41.2721481        -2.21006655E-26
   41.3989410        -2.52339779E-26
   41.5257339        -2.76189447E-26
   41.6525269        -2.89703559E-26
   41.7793198        -2.90011061E-26
   41.9061089        -2.74377194E-26
   42.0329018        -2.40390616E-26
   42.1596947        -1.86189123E-26
   42.2864876        -1.10704680E-26
   42.4132805        -1.39117238E-27
   42.5400734         1.02901659E-26
   42.6668663         2.37030839E-26
   42.7936592         3.84116836E-26
   42.9204521         5.38113331E-26
   43.0472450         6.91319179E-26
   43.1740379         8.34525290E-26
   43.3008308         9.57297993E-26
   43.4276237         1.04839294E-25
   43.5544167         1.09632610E-25
   43.6812096         1.09006834E-25
   43.8079987         1.01988418E-25
   43.9347916         8.78235333E-26
   44.0615845         6.60757968E-26
   44.1883774         3.67197587E-26
   44.3151703         2.27771068E-28
   44.4419632        -4.23640986E-26
   44.5687561        -8.94090204E-26
   44.6955490        -1.38640936E-25
   44.8223419        -1.87205222E-25
   44.9491348        -2.31735065E-25
   45.0759277        -2.68484791E-25
   45.2027206        -2.93519933E-25
   45.3295135        -3.02959270E-25
   45.4563065        -2.93277876E-25
   45.5830994        -2.61647807E-25
   45.7098885        -2.06309190E-25
   45.8366814        -1.26946011E-25
   45.9634743        -2.50466157E-26
   46.0902672         9.58010248E-26
   46.2170601         2.29684174E-25
   46.3438530         3.68296921E-25
   46.4706459         5.01010343E-25
   46.5974388         6.15165813E-25
   46.7242317         6.96574681E-25
   46.8510246         7.30285173E-25
   46.9778175         7.01588385E-25
   47.1046104         5.97260791E-25
   47.2314034         4.07001765E-25
   47.3581963         1.25032210E-25
   47.4849892        -2.48283961E-25
   47.6117783        -7.04839478E-25
   47.7385712        -1.22740791E-24
   47.8653641        -1.78859399E-24
   47.9921570        -2.35029136E-24
   48.1189499        -2.86385992E-24
   48.2457428        -3.27107860E-24
   48.3725357        -3.50615146E-24
   48.4993286        -3.49875865E-24
   48.6261215        -3.17827602E-24
   48.7529144        -2.47906935E-24
   48.8797073        -1.34683011E-24
   49.0065002         2.54294342E-25
   49.1332932         2.33407711E-24
   49.2600861         4.86855881E-24
   49.3868790         7.79285002E-24
   49.5136681         1.09950755E-23
   49.6404610         1.43121709E-23
   49.7672539         1.75282621E-23
   49.8940468         2.03763261E-23
   50.0208397         2.25441995E-23
   50.1476326         2.36847456E-23
   50.2744255         2.34316822E-23
   50.4012184         2.14200443E-23
   50.5280113         1.73123320E-23
   50.6548042         1.08284759E-23
   50.7815971         1.78003288E-24
   50.9083900        -9.89401259E-24
   51.0351830        -2.40911084E-23
   51.1619759        -4.05113933E-23
   51.2887688        -5.86288682E-23
   51.4155579        -7.76709986E-23
   51.5423508        -9.66095863E-23
   51.6691437        -1.14166740E-22
   51.7959366        -1.28838341E-22
   51.9227295        -1.38938512E-22
   52.0495224        -1.42665621E-22
   52.1763153        -1.38192060E-22
   52.3031082        -1.23776391E-22
   52.4299011        -9.78946407E-23
   52.5566940        -5.93902515E-23
   52.6834869        -7.63256689E-24
   52.8102798         5.73213912E-23
   52.9370728         1.34571428E-22
   53.0638657         2.22238197E-22
   53.1906586         3.17357455E-22
   53.3174477         4.15819286E-22
   53.4442406         5.12365537E-22
   53.5710335         6.00657575E-22
   53.6978264         6.73426245E-22
   53.8246193         7.22711700E-22
   53.9514122         7.40199269E-22
   54.0782051         7.17646986E-22
   54.2049980         6.47403377E-22
   54.3317909         5.22996201E-22
   54.4585838         3.39780391E-22
   54.5853767         9.56045648E-23
   54.7121696        -2.08524828E-22
   54.8389626        -5.67836670E-22
   54.9657555        -9.73282701E-22
   55.0925484        -1.41117851E-21
   55.2193375        -1.86304419E-21
   55.3461304        -2.30569689E-21
   55.4729233        -2.71164264E-21
   55.5997162        -3.04979836E-21
   55.7265091        -3.28657255E-21
   55.8533020        -3.38731289E-21
   55.9800949        -3.31809144E-21
   56.1068878        -3.04782229E-21
   56.2336807        -2.55061344E-21
   56.3604736        -1.80828851E-21
   56.4872665        -8.12952238E-22
   56.6140594         4.30532716E-22
   56.7408524         1.90233467E-21
   56.8676453         3.56585889E-21
   56.9944382         5.36658100E-21
   57.1212273         7.23167497E-21
   57.2480202         9.07061137E-21
   57.3748131         1.07768653E-20
   57.5016060         1.22308694E-20
   57.6283989         1.33042179E-20
   57.7551918         1.38651933E-20
   57.8819847         1.37854528E-20
   58.0087776         1.29477604E-20
   58.1355705         1.12545806E-20
   58.2623634         8.63699829E-21
   58.3891563         5.06379897E-21
   58.5159492         5.49995590E-22
   58.6427422        -4.83561789E-21
   58.7695351        -1.09645634E-20
   58.8963280        -1.76450323E-20
   59.0231171        -2.46210196E-20
   59.1499100        -3.15748702E-20
   59.2767029        -3.81336402E-20
   59.4034958        -4.38795243E-20
   59.5302887        -4.83645719E-20
   59.6570816        -5.11295491E-20
   59.7838745        -5.17266119E-20
   59.9106674        -4.97452462E-20
   60.0374603        -4.48405143E-20
   60.1642532        -3.67625980E-20
   60.2910461        -2.53860906E-20
   60.4178391        -1.07375548E-20
   60.5446320         6.98059011E-21
   60.6714249         2.73714355E-20
   60.7982178         4.98325396E-20
   60.9250069         7.35537531E-20
   61.0517998         9.75258350E-20
   61.1785927         1.20561070E-19
   61.3053856         1.41326380E-19
   61.4321785         1.58389616E-19
   61.5589714         1.70278283E-19
   61.6857643         1.75549646E-19
   61.8125572         1.72870292E-19
   61.9393501         1.61102368E-19
   62.0661430         1.39392871E-19
   62.1929359         1.07262255E-19
   62.3197289         6.46864997E-20
   62.4465218         1.21687784E-20
   62.5733147        -4.92057952E-20
   62.7001076        -1.17737192E-19
   62.8268967        -1.91104119E-19
   62.9536896        -2.66389199E-19
   63.0804825        -3.40138167E-19
   63.2072754        -4.08455402E-19
   63.3340683        -4.67136809E-19
   63.4608612        -5.11836874E-19
   63.5876541        -5.38268500E-19
   63.7144470        -5.42427202E-19
   63.8412399        -5.20834635E-19
   63.9680328        -4.70789794E-19
   64.0948257        -3.90614279E-19
   64.2216187        -2.79884755E-19
   64.3484116        -1.39629419E-19
   64.4752045         2.75174814E-20
   64.6019974         2.17223936E-19
   64.7287903         4.23438667E-19
   64.8555832         6.38456512E-19
   64.9823761         8.53072606E-19
   65.1091690         1.05683604E-18
   65.2359619         1.23839825E-18
   65.3627548         1.38595539E-18
   65.4895477         1.48776922E-18
   65.6163330         1.53275885E-18
   65.7431259         1.51113397E-18
   65.8699188         1.41504691E-18
   65.9967117         1.23923867E-18
   66.1235046         9.81629915E-19
   66.2502975         6.43842027E-19
   66.3770905         2.31590564E-19
   66.5038834        -2.45067792E-19
   66.6306763        -7.71673123E-19
   66.7574692        -1.32951354E-18
   66.8842621        -1.89600322E-18
   67.0110550        -2.44530078E-18
   67.1378479        -2.94916503E-18
   67.2646408        -3.37803522E-18
   67.3914337        -3.70230946E-18
   67.5182266        -3.89378151E-18
   67.6450195        -3.92718554E-18
   67.7718124        -3.78177836E-18
   67.8986053        -3.44289590E-18
   68.0253983        -2.90339278E-18
   68.1521912        -2.16488283E-18
   68.2789841        -1.23870162E-18
   68.4057770        -1.46500549E-19
   68.5325699         1.07959902E-18
   68.6593628         2.39733485E-18
   68.7861557         3.75518243E-18
   68.9129486         5.09378193E-18
   69.0397415         6.34791141E-18
   69.1665344         7.44897979E-18
   69.2933273         8.32795928E-18
   69.4201126         8.91868122E-18
   69.5469055         9.16135285E-18
   69.6736984         9.00616467E-18
   69.8004913         8.41680096E-18
   69.9272842         7.37370884E-18
   70.0540771         5.87685645E-18
   70.1808701         3.94790393E-18
   70.3076630         1.63149981E-18
   70.4344559        -1.00437945E-18
   70.5612488        -3.86919563E-18
   70.6880417        -6.85180709E-18
   70.8148346        -9.82363583E-18
   70.9416275        -1.26430379E-17
   71.0684204        -1.51607615E-17
   71.1952133        -1.72263771E-17
   71.3220062        -1.86954349E-17
   71.4487991        -1.94370950E-17
   71.5755920        -1.93418815E-17
   71.7023849        -1.83292272E-17
   71.8291779        -1.63543815E-17
   71.9559708        -1.34142747E-17
   72.0827637        -9.55199303E-18
   72.2095566        -4.85943298E-18
   72.3363495         5.22174254E-19
   72.4631424         6.40400459E-18
   72.5899353         1.25540044E-17
   72.7167282         1.87037332E-17
   72.8435211         2.45577251E-17
   72.9703140         2.98050810E-17
   73.0971069         3.41330157E-17
   73.2238922         3.72418979E-17
   73.3506851         3.88611338E-17
   73.4774780         3.87652338E-17
   73.6042709         3.67893143E-17
   73.7310638         3.28432691E-17
   73.8578568         2.69235113E-17
   73.9846497         1.91219690E-17
   74.1114426         9.63110045E-18
   74.2382355        -1.25538203E-18
   74.3650284        -1.31466950E-17
   74.4918213        -2.55642104E-17
   74.6186142        -3.79559831E-17
   74.7454071        -4.97161621E-17
   74.8722000        -6.02090209E-17
   74.9989929        -6.87967439E-17
   75.1257858        -7.48701488E-17
   75.2525787        -7.78808414E-17
   75.3793716        -7.73739385E-17
   75.5061646        -7.30190906E-17
   75.6329575        -6.46388312E-17
   75.7597504        -5.22321279E-17
   75.8865433        -3.59920082E-17
   76.0133362        -1.63152839E-17
   76.1401291         6.19630202E-18
   76.2669220         3.07447053E-17
   76.3937149         5.63546108E-17
   76.5205078         8.19022560E-17
   76.6473007         1.06154669E-16
   76.7740936         1.27817378E-16
   76.9008865         1.45589929E-16
   77.0276718         1.58226774E-16
   77.1544647         1.64601279E-16
   77.2812576         1.63770472E-16
   77.4080505         1.55037099E-16
   77.5348434         1.38005490E-16
   77.6616364         1.12629667E-16
   77.7884293         7.92482967E-17
   77.9152222         3.86057302E-17
   78.0420151        -8.14402657E-18
   78.1688080        -5.94521573E-17
   78.2956009        -1.13409440E-16
   78.4223938        -1.67800390E-16
   78.5491867        -2.20176434E-16
   78.6759796        -2.67946644E-16
   78.8027725        -3.08482570E-16
   78.9295654        -3.39234842E-16
   79.0563583        -3.57855856E-16
   79.1831512        -3.62324299E-16
   79.3099442        -3.51066119E-16
   79.4367371        -3.23064851E-16
   79.5635300        -2.77957435E-16
   79.6903229        -2.16107248E-16
   79.8171158        -1.38652557E-16
   79.9439087        -4.75222806E-17
   80.0707016         5.45809932E-17
   80.1974945         1.64234249E-16
   80.3242874         2.77384285E-16
   80.4510803         3.89473293E-16
   80.5778732         4.95596225E-16
   80.7046585         5.90687531E-16
   80.8314514         6.69729152E-16
   80.9582443         7.27972514E-16
   81.0850372         7.61167312E-16
   81.2118301         7.65785123E-16
   81.3386230         7.39228999E-16
   81.4654160         6.80017373E-16
   81.5922089         5.87935151E-16
   81.7190018         4.64138056E-16
   81.8457947         3.11206231E-16
   81.9725876         1.33140530E-16
   82.0993805        -6.47047211E-17
   82.2261734        -2.75752688E-16
   82.3529663        -4.92396134E-16
   82.4797592        -7.06248448E-16
   82.6065521        -9.08446542E-16
   82.7333450        -1.08999387E-15
   82.8601379        -1.24213358E-15
   82.9869308        -1.35673608E-15
   83.1137238        -1.42668417E-15
   83.2405167        -1.44624110E-15
   83.3673096        -1.41138125E-15
   83.4941025        -1.32006887E-15
   83.6208954        -1.17246777E-15
   83.7476883        -9.71067052E-16
   83.8744812        -7.20717624E-16
   84.0012741        -4.28561296E-16
   84.1280670        -1.03863901E-16
   84.2548599         2.42259999E-16
   84.3816528         5.97220696E-16
   84.5084381         9.47407516E-16
   84.6352310         1.27872022E-15
   84.7620239         1.57714962E-15
   84.8888168         1.82938894E-15
   85.0156097         2.02344715E-15
   85.1424026         2.14923959E-15
   85.2691956         2.19912602E-15
   85.3959885         2.16836919E-15
   85.5227814         2.05548723E-15
   85.6495743         1.86247786E-15
   85.7763672         1.59489888E-15
   85.9031601         1.26178496E-15
   86.0299530         8.75402939E-16
   86.1567459         4.50846203E-16
   86.2835388         5.46562774E-18
   86.4103317        -4.41831973E-16
   86.5371246        -8.71402456E-16
   86.6639175        -1.26376331E-15
   86.7907104        -1.60054340E-15
   86.9175034        -1.86543358E-15
   87.0442963        -2.04510494E-15
   87.1710892        -2.13002422E-15
   87.2978821        -2.11515647E-15
   87.4246750        -2.00048049E-15
   87.5514679        -1.79129384E-15
   87.6782608        -1.49827116E-15
   87.8050537        -1.13727620E-15
   87.9318466        -7.28862057E-16
   88.0586395        -2.97541234E-16
   88.1854324         1.29242616E-16
   88.3122177         5.22343355E-16
   88.4390106         8.52357767E-16
   88.5658035         1.09119676E-15
   88.6925964         1.21372219E-15
   88.8193893         1.19939897E-15
   88.9461823         1.03386248E-15
   89.0729752         7.10327229E-16
   89.1997681         2.30739716E-16
   89.3265610        -3.93377241E-16
   89.4533539        -1.14047459E-15
   89.5801468        -1.97898448E-15
   89.7069397        -2.86781872E-15
   89.8337326        -3.75739114E-15
   89.9605255        -4.59116294E-15
   90.0873184        -5.30768802E-15
   90.2141113        -5.84312041E-15
   90.3409042        -6.13411901E-15
   90.4676971        -6.12104759E-15
   90.5944901        -5.75134312E-15
   90.7212830        -4.98296439E-15
   90.8480759        -3.78772297E-15
   90.9748688        -2.15432263E-15
   91.1016617        -9.10395842E-17
   91.2284546         2.37222737E-15
   91.3552475         5.18262064E-15
   91.4820404         8.26390077E-15
   91.6088333         1.15169071E-14
   91.7356262         1.48212046E-14
   91.8624191         1.80377259E-14
   91.9892120         2.10125784E-14
   92.1159973         2.35818682E-14
   92.2427902         2.55775253E-14
   92.3695831         2.68338937E-14
   92.4963760         2.71949855E-14
   92.6231689         2.65221212E-14
   92.7499619         2.47016644E-14
   92.8767548         2.16525508E-14
   93.0035477         1.73333790E-14
   93.1303406         1.17485376E-14
   93.2571335         4.95322294E-15
   93.3839264        -2.94305684E-15
   93.5107193        -1.17748422E-14
   93.6375122        -2.13210102E-14
   93.7643051        -3.13073881E-14
   93.8910980        -4.14116305E-14
   94.0178909        -5.12705214E-14
   94.1446838        -6.04895569E-14
   94.2714767        -6.86546970E-14
   94.3982697        -7.53460675E-14
   94.5250626        -8.01531354E-14
   94.6518555        -8.26911578E-14
   94.7786484        -8.26180419E-14
   94.9054413        -7.96514818E-14
   95.0322342        -7.35851877E-14
   95.1590271        -6.43040173E-14
   95.2858200        -5.17970473E-14
   95.4126129        -3.61679646E-14
   95.5394058        -1.76422682E-14
   95.6661987         3.42947420E-15
   95.7929916         2.65725840E-14
   95.9197769         5.11938412E-14
   96.0465698         7.65918972E-14
   96.1733627         1.01972575E-13
   96.3001556         1.26468741E-13
   96.4269485         1.49164589E-13
   96.5537415         1.69123694E-13
   96.6805344         1.85420228E-13
   96.8073273         1.97172343E-13
   96.9341202         2.03576671E-13
   97.0609131         2.03942996E-13
   97.1877060         1.97727658E-13
   97.3144989         1.84564319E-13
   97.4412918         1.64291039E-13
   97.5680847         1.36972153E-13
   97.6948776         1.02914008E-13
   97.8216705         6.26733637E-14
   97.9484634         1.70576579E-14
   98.0752563        -3.28834216E-14
   98.2020493        -8.58754935E-14
   98.3288422        -1.40445950E-13
   98.4556351        -1.94959310E-13
   98.5824280        -2.47660643E-13
   98.7092209        -2.96726321E-13
   98.8360138        -3.40320274E-13
   98.9628067        -3.76654681E-13
   99.0895996        -4.04053364E-13
   99.2163925        -4.21014921E-13
   99.3431854        -4.26274521E-13
   99.4699783        -4.18861153E-13
   99.5967712        -3.98149179E-13
   99.7235565        -3.63900154E-13
   99.8503494        -3.16295167E-13
   99.9771423        -2.55954519E-13
   100.103935        -1.83943247E-13
   100.230728        -1.01762714E-13
   100.357521        -1.13263433E-14
   100.484314         8.50797162E-14
   100.611107         1.84850412E-13
   100.737900         2.85129586E-13
   100.864693         3.82889548E-13
   100.991486         4.75020522E-13
   101.118279         5.58427382E-13
   101.245071         6.30130767E-13
   101.371864         6.87369053E-13
   101.498657         7.27697470E-13
   101.625450         7.49081840E-13
   101.752243         7.49982596E-13
   101.879036         7.29424876E-13
   102.005829         6.87054363E-13
   102.132622         6.23173822E-13
   102.259415         5.38757732E-13
   102.386208         4.35448362E-13
   102.513000         3.15526224E-13
   102.639793         1.81859383E-13
   102.766586         3.78323302E-14
   102.893379        -1.12746624E-13
   103.020172        -2.65753484E-13
   103.146965        -4.16871209E-13
   103.273758        -5.61721622E-13
   103.400551        -6.96004127E-13
   103.527336        -8.15633639E-13
   103.654129        -9.16876059E-13
   103.780922        -9.96472761E-13
   103.907715        -1.05175417E-12
   104.034508        -1.08073381E-12
   104.161301        -1.08217916E-12
   104.288094        -1.05566185E-12
   104.414886        -1.00157708E-12
   104.541679        -9.21136973E-13
   104.668472        -8.16334305E-13
   104.795265        -6.89880661E-13
   104.922058        -5.45117011E-13
   105.048851        -3.85903711E-13
   105.175644        -2.16490698E-13
   105.302437        -4.13746423E-14
   105.429230         1.34851711E-13
   105.556023         3.07654510E-13
   105.682816         4.72707919E-13
   105.809608         6.26035573E-13
   105.936401         7.64136313E-13
   106.063194         8.84089839E-13
   106.189987         9.83636458E-13
   106.316780         1.06123140E-12
   106.443573         1.11606763E-12
   106.570366         1.14806482E-12
   106.697159         1.15783327E-12
   106.823952         1.14660289E-12
   106.950745         1.11613193E-12
   107.077538         1.06858782E-12
   107.204330         1.00641739E-12
   107.331116         9.32204943E-13
   107.457909         8.48526869E-13
   107.584702         7.57811457E-13
   107.711494         6.62210954E-13
   107.838287         5.63489305E-13
   107.965080         4.62937577E-13
   108.091873         3.61317557E-13
   108.218666         2.58838849E-13
   108.345459         1.55173658E-13
   108.472252         4.95055521E-14
   108.599045        -5.93819224E-14
   108.725838        -1.72988522E-13
   108.852631        -2.92948310E-13
   108.979424        -4.20860558E-13
   109.106216        -5.58109602E-13
   109.233009        -7.05673367E-13
   109.359802        -8.63944333E-13
   109.486595        -1.03255902E-12
   109.613388        -1.21025694E-12
   109.740181        -1.39477275E-12
   109.866974        -1.58277102E-12
   109.993767        -1.76983254E-12
   110.120560        -1.95049402E-12
   110.247353        -2.11834738E-12
   110.374146        -2.26619591E-12
   110.500938        -2.38626913E-12
   110.627731        -2.47048302E-12
   110.754524        -2.51074920E-12
   110.881317        -2.49931217E-12
   111.008102        -2.42910965E-12
   111.134895        -2.29414036E-12
   111.261688        -2.08981140E-12
   111.388481        -1.81328195E-12
   111.515274        -1.46374471E-12
   111.642067        -1.04265977E-12
   111.768860        -5.53923606E-13
   111.895653        -3.94701726E-15
   112.022446         5.98349874E-13
   112.149239         1.24163722E-12
   112.276031         1.91238084E-12
   112.402824         2.59512897E-12
   112.529617         3.27289498E-12
   112.656410         3.92761604E-12
   112.783203         4.54067773E-12
   112.909996         5.09347642E-12
   113.036789         5.56801740E-12
   113.163582         5.94750421E-12
   113.290375         6.21692628E-12
   113.417168         6.36358067E-12
   113.543961         6.37755300E-12
   113.670753         6.25209389E-12
   113.797546         5.98390868E-12
   113.924339         5.57331091E-12
   114.051132         5.02427006E-12
   114.177925         4.34432655E-12
   114.304718         3.54437942E-12
   114.431511         2.63834527E-12
   114.558304         1.64271873E-12
   114.685097         5.76060033E-13
   114.811882        -5.41614388E-13
   114.938675        -1.68945337E-12
   115.065468        -2.84641234E-12
   115.192261        -3.99187497E-12
   115.319054        -5.10622057E-12
   115.445847        -6.17132517E-12
   115.572639        -7.17094049E-12
   115.699432        -8.09097060E-12
   115.826225        -8.91960637E-12
   115.953018        -9.64729858E-12
   116.079811        -1.02666200E-11
   116.206604        -1.07719406E-11
   116.333397        -1.11590693E-11
   116.460190        -1.14246893E-11
   116.586983        -1.15658308E-11
   116.713776        -1.15792679E-11
   116.840569        -1.14609147E-11
   116.967361        -1.12053561E-11
   117.094154        -1.08053965E-11
   117.220947        -1.02518185E-11
   117.347740        -9.53329950E-12
   117.474533        -8.63658364E-12
   117.601326        -7.54683642E-12
   117.728119        -6.24832911E-12
   117.854912        -4.72531649E-12
   117.981705        -2.96319609E-12
   118.108498        -9.49899122E-13
   118.235291         1.32261639E-12
   118.362083         3.85666195E-12
   118.488876         6.64715331E-12
   118.615662         9.67989404E-12
   118.742455         1.29300433E-11
   118.869247         1.63607686E-11
   118.996040         1.99221611E-11
   119.122833         2.35506128E-11
   119.249626         2.71686389E-11
   119.376419         3.06852391E-11
   119.503212         3.39968609E-11
   119.630005         3.69890403E-11
   119.756798         3.95386640E-11
   119.883591         4.15168941E-11
   120.010384         4.27927520E-11
   120.137177         4.32371396E-11
   120.263969         4.27274327E-11
   120.390762         4.11523489E-11
   120.517555         3.84170265E-11
   120.644348         3.44481249E-11
   120.771141         2.91987649E-11
   120.897934         2.26532057E-11
   121.024727         1.48308570E-11
   121.151520         5.78969208E-12
   121.278313        -4.37133272E-12
   121.405106        -1.55108860E-11
   121.531898        -2.74450983E-11
   121.658691        -3.99487110E-11
   121.785484        -5.27576836E-11
   121.912277        -6.55730886E-11
   122.039070        -7.80667059E-11
   122.165863        -8.98875072E-11
   122.292656        -1.00669938E-10
   122.419441        -1.10042794E-10
   122.546234        -1.17639384E-10
   122.673027        -1.23108010E-10
   122.799820        -1.26122987E-10
   122.926613        -1.26395699E-10
   123.053406        -1.23685368E-10
   123.180199        -1.17809137E-10
   123.306992        -1.08651400E-10
   123.433784        -9.61715638E-11
   123.560577        -8.04106920E-11
   123.687370        -6.14957529E-11
   123.814163        -3.96423103E-11
   123.940956        -1.51546744E-11
   124.067749         1.15761740E-11
   124.194542         4.00771152E-11
   124.321335         6.97999228E-11
   124.448128         1.00130321E-10
   124.574921         1.30399580E-10
   124.701714         1.59897831E-10
   124.828506         1.87889163E-10
   124.955299         2.13628115E-10
   125.082092         2.36376974E-10
   125.208885         2.55424043E-10
   125.335678         2.70101580E-10
   125.462471         2.79803763E-10
   125.589264         2.84004043E-10
   125.716057         2.82270790E-10
   125.842850         2.74281764E-10
   125.969643         2.59836930E-10
   126.096436         2.38867981E-10
   126.223221         2.11446277E-10
   126.350014         1.77787202E-10
   126.476807         1.38252285E-10
   126.603600         9.33475311E-11
   126.730392         4.37188966E-11
   126.857185        -9.85512453E-12
   126.983978        -6.64742289E-11
   127.110771        -1.25129684E-10
   127.237564        -1.84720350E-10
   127.364357        -2.44071235E-10
   127.491150        -3.01953629E-10
   127.617943        -3.57107566E-10
   127.744736        -4.08265116E-10
   127.871529        -4.54174975E-10
   127.998322        -4.93627306E-10
   128.125107        -5.25478827E-10
   128.251907        -5.48677603E-10
   128.378693        -5.62287272E-10
   128.505493        -5.65509584E-10
   128.632278        -5.57705992E-10
   128.759079        -5.38417200E-10
   128.885864        -5.07380415E-10
   129.012665        -4.64543015E-10
   129.139450        -4.10075418E-10
   129.266251        -3.44378165E-10
   129.393036        -2.68087108E-10
   129.519836        -1.82074078E-10
   129.646622        -8.74435802E-11
   129.773422         1.44746619E-11
   129.900208         1.22137536E-10
   130.027008         2.33804948E-10
   130.153793         3.47560425E-10
   130.280594         4.61336691E-10
   130.407379         5.72944747E-10
   130.534180         6.80108136E-10
   130.660965         7.80499498E-10
   130.787766         8.71782313E-10
   130.914551         9.51653978E-10
   131.041351         1.01789210E-09
   131.168137         1.06840203E-09
   131.294937         1.10126519E-09
   131.421722         1.11478760E-09
   131.548523         1.10754694E-09
   131.675308         1.07843701E-09
   131.802109         1.02671116E-09
   131.928894         9.52018353E-10
   132.055679         8.54435300E-10
   132.182480         7.34493355E-10
   132.309265         5.93195382E-10
   132.436066         4.32025499E-10
   132.562851         2.52950022E-10
   132.689651         5.84069113E-11
   132.816437        -1.48713403E-10
   132.943237        -3.65099007E-10
   133.070023        -5.87058624E-10
   133.196823        -8.10572609E-10
   133.323608        -1.03135556E-09
   133.450409        -1.24492749E-09
   133.577194        -1.44669299E-09
   133.703995        -1.63202907E-09
   133.830780        -1.79637594E-09
   133.957581        -1.93533412E-09
   134.084366        -2.04476192E-09
   134.211166        -2.12087348E-09
   134.337952        -2.16033502E-09
   134.464752        -2.16035390E-09
   134.591537        -2.11876672E-09
   134.718338        -2.03411332E-09
   134.845123        -1.90570115E-09
   134.971924        -1.73366022E-09
   135.098709        -1.51897839E-09
   135.225510        -1.26352762E-09
   135.352295        -9.70065694E-10
   135.479095        -6.42227660E-10
   135.605881        -2.84493290E-10
   135.732666         9.78583256E-11
   135.859467         4.98816710E-10
   135.986252         9.11721532E-10
   136.113052         1.32936162E-09
   136.239838         1.74408776E-09
   136.366638         2.14793960E-09
   136.493423         2.53278110E-09
   136.620224         2.89044655E-09
   136.747009         3.21289129E-09
   136.873810         3.49234530E-09
   137.000595         3.72146869E-09
   137.127396         3.89350330E-09
   137.254181         4.00242195E-09
   137.380981         4.04306322E-09
   137.507767         4.01126687E-09
   137.634567         3.90398380E-09
   137.761353         3.71937969E-09
   137.888153         3.45691631E-09
   138.014938         3.11741810E-09
   138.141739         2.70311440E-09
   138.268524         2.21765628E-09
   138.395325         1.66612146E-09
   138.522110         1.05498243E-09
   138.648911         3.92062521E-10
   138.775696        -3.13542331E-10
   138.902496        -1.05155795E-09
   139.029282        -1.81065263E-09
   139.156082        -2.57857957E-09
   139.282867        -3.34233863E-09
   139.409653        -4.08835943E-09
   139.536453        -4.80269824E-09
   139.663239        -5.47125190E-09
   139.790039        -6.07998496E-09
   139.916824        -6.61516308E-09
   140.043625        -7.06359371E-09
   140.170410        -7.41287121E-09
   140.297211        -7.65162422E-09
   140.423996        -7.76974662E-09
   140.550797        -7.75863551E-09
   140.677582        -7.61140750E-09
   140.804382        -7.32310124E-09
   140.931168        -6.89085455E-09
   141.057968        -6.31406838E-09
   141.184753        -5.59452795E-09
   141.311554        -4.73649875E-09
   141.438339        -3.74679132E-09
   141.565140        -2.63477462E-09
   141.691925        -1.41235812E-09
   141.818726        -9.39247152E-11
   141.945511         1.30377487E-09
   142.072311         2.76178347E-09
   142.199097         4.25913482E-09
   142.325897         5.77310155E-09
   142.452682         7.27948191E-09
   142.579483         8.75292905E-09
   142.706268         1.01673177E-08
   142.833069         1.14961400E-08
   142.959854         1.27129223E-08
   143.086655         1.37916789E-08
   143.213440         1.47073607E-08
   143.340225         1.54363171E-08
   143.467026         1.59567541E-08
   143.593811         1.62491922E-08
   143.720612         1.62968856E-08
   143.847397         1.60862239E-08
   143.974197         1.56071049E-08
   144.100983         1.48532520E-08
   144.227783         1.38224836E-08
   144.354568         1.25169226E-08
   144.481369         1.09431495E-08
   144.608154         9.11227627E-09
   144.734955         7.03994951E-09
   144.861740         4.74628026E-09
   144.988541         2.25569785E-09
   145.115326        -4.03275219E-10
   145.242126        -3.19833005E-09
   145.368912        -6.09373751E-09
   145.495712        -9.05079656E-09
   145.622498        -1.20283365E-08
   145.749298        -1.49832839E-08
   145.876083        -1.78712636E-08
   146.002884        -2.06472563E-08
   146.129669        -2.32662689E-08
   146.256470        -2.56840487E-08
   146.383255        -2.78577676E-08
   146.510056        -2.97467349E-08
   146.636841        -3.13131032E-08
   146.763641        -3.25224825E-08
   146.890427        -3.33446195E-08
   147.017212        -3.37539348E-08
   147.144012        -3.37300428E-08
   147.270798        -3.32582282E-08
   147.397598        -3.23297691E-08
   147.524384        -3.09422781E-08
   147.651184        -2.90998550E-08
   147.777969        -2.68132023E-08
   147.904770        -2.40996325E-08
   148.031555        -2.09829807E-08
   148.158356        -1.74933703E-08
   148.285141        -1.36669351E-08
   148.411942        -9.54543289E-09
   148.538727        -5.17573495E-09
   148.665527        -6.09269801E-10
   148.792313         4.09865253E-09
   148.919113         8.88953355E-09
   149.045898         1.37024854E-08
   149.172699         1.84750490E-08
   149.299484         2.31440502E-08
   149.426285         2.76464771E-08
   149.553070         3.19203508E-08
   149.679871         3.59056145E-08
   149.806656         3.95449185E-08
   149.933456         4.27844533E-08
   150.060242         4.55746658E-08
   150.187042         4.78708699E-08
   150.313828         4.96338544E-08
   150.440628         5.08302556E-08
   150.567413         5.14329592E-08
   150.694214         5.14212104E-08
   150.820999         5.07806952E-08
   150.947784         4.95034378E-08
   151.074585         4.75874877E-08
   151.201370         4.50365754E-08
   151.328171         4.18594759E-08
   151.454956         3.80692811E-08
   151.581757         3.36825572E-08
   151.708542         2.87182989E-08
   151.835342         2.31968347E-08
   151.962128         1.71385448E-08
   152.088928         1.05625988E-08
   152.215714         3.48551787E-09
   152.342514        -4.08016909E-09
   152.469299        -1.21273978E-08
   152.596100        -2.06559232E-08
   152.722885        -2.96736502E-08
   152.849686        -3.91979071E-08
   152.976471        -4.92565171E-08
   153.103271        -5.98888334E-08
   153.230057        -7.11464594E-08
   153.356857        -8.30938376E-08
   153.483643        -9.58086375E-08
   153.610443        -1.09381723E-07
   153.737228        -1.23917090E-07
   153.864029        -1.39531295E-07
   153.990814        -1.56352613E-07
   154.117615        -1.74520181E-07
   154.244400        -1.94182249E-07
   154.371201        -2.15494950E-07
   154.497986        -2.38620089E-07
   154.624771        -2.63723024E-07
   154.751572        -2.90970348E-07
   154.878357        -3.20527391E-07
   155.005157        -3.52555105E-07
   155.131943        -3.87207791E-07
   155.258743        -4.24630059E-07
   155.385529        -4.64953587E-07
   155.512329        -5.08295045E-07
   155.639114        -5.54752603E-07
   155.765915        -6.04403795E-07
   155.892700        -6.57303019E-07
   156.019501        -7.13479494E-07
   156.146286        -7.72935095E-07
   156.273087        -8.35642993E-07
   156.399872        -9.01546628E-07
   156.526672        -9.70558062E-07
   156.653458        -1.04255855E-06
   156.780258        -1.11739791E-06
   156.907043        -1.19489391E-06
   157.033844        -1.27483497E-06
   157.160629        -1.35697928E-06
   157.287430        -1.44105763E-06
   157.414215        -1.52677376E-06
   157.541016        -1.61380842E-06
   157.667801        -1.70181897E-06
   157.794601        -1.79044457E-06
   157.921387        -1.87930766E-06
   158.048187        -1.96801716E-06
   158.174973        -2.05617107E-06
   158.301773        -2.14336069E-06
   158.428558        -2.22917265E-06
   158.555344        -2.31319427E-06
   158.682144        -2.39501401E-06
   158.808929        -2.47422713E-06
   158.935730        -2.55043756E-06
   159.062515        -2.62326148E-06
   159.189316        -2.69233033E-06
   159.316101        -2.75729417E-06
   159.442902        -2.81782377E-06
   159.569687        -2.87361377E-06
   159.696487        -2.92438449E-06
   159.823273        -2.96988696E-06
   159.950073        -3.00990087E-06
   160.076859        -3.04423975E-06
   160.203659        -3.07275354E-06
