  -4.50000000         0.00000000    
  -4.37320757         0.00000000    
  -4.24641466         0.00000000    
  -4.11962223         0.00000000    
  -3.99282932         0.00000000    
  -3.86603665         0.00000000    
  -3.73924398         0.00000000    
  -3.61245155         0.00000000    
  -3.48565888         0.00000000    
  -3.35886621         0.00000000    
  -3.23207355         0.00000000    
  -3.10528088         0.00000000    
  -2.97848821         0.00000000    
  -2.85169554         0.00000000    
  -2.72490287         0.00000000    
  -2.59811020         0.00000000    
  -2.47131753         0.00000000    
  -2.34452486         0.00000000    
  -2.21773219         0.00000000    
  -2.09093952         0.00000000    
  -1.96414697         0.00000000    
  -1.83735430         0.00000000    
  -1.71056163         0.00000000    
  -1.58376896         0.00000000    
  -1.45697629         0.00000000    
  -1.33018374         0.00000000    
  -1.20339108         0.00000000    
  -1.07659841         0.00000000    
 -0.949805737         0.00000000    
 -0.823013067         0.00000000    
 -0.696220458         0.00000000    
 -0.569427788         0.00000000    
 -0.442635119         0.00000000    
 -0.315842479         0.00000000    
 -0.189049825         0.00000000    
  -6.22571707E-02     0.00000000    
   6.45354837E-02     0.00000000    
  0.191328138         0.00000000    
  0.318120778         0.00000000    
  0.444913447         0.00000000    
  0.571706116         0.00000000    
  0.698498726         0.00000000    
  0.825291395         0.00000000    
  0.952084064         0.00000000    
   1.07887673         0.00000000    
   1.20566940         0.00000000    
   1.33246195         0.00000000    
   1.45925462         0.00000000    
   1.58604729         0.00000000    
   1.71283996         0.00000000    
   1.83963263         0.00000000    
   1.96642530         0.00000000    
   2.09321785         0.00000000    
   2.22001052         0.00000000    
   2.34680319         0.00000000    
   2.47359586         0.00000000    
   2.60038853         0.00000000    
   2.72718120         0.00000000    
   2.85397387         0.00000000    
   2.98076653         0.00000000    
   3.10755920         0.00000000    
   3.23435187         0.00000000    
   3.36114454         0.00000000    
   3.48793697         0.00000000    
   3.61472964         0.00000000    
   3.74152231         0.00000000    
   3.86831498         0.00000000    
   3.99510765         0.00000000    
   4.12190056         0.00000000    
   4.24869299         0.00000000    
   4.37548542         0.00000000    
   4.50227833         0.00000000    
   4.62907076         0.00000000    
   4.75586367         0.00000000    
   4.88265610         0.00000000    
   5.00944901         0.00000000    
   5.13624144         0.00000000    
   5.26303434         0.00000000    
   5.38982677         0.00000000    
   5.51661968         0.00000000    
   5.64341211         0.00000000    
   5.77020502         0.00000000    
   5.89699745         0.00000000    
   6.02379036         0.00000000    
   6.15058279         0.00000000    
   6.27737522         0.00000000    
   6.40416813         0.00000000    
   6.53096056         0.00000000    
   6.65775347         0.00000000    
   6.78454590         0.00000000    
   6.91133881         0.00000000    
   7.03813124         0.00000000    
   7.16492414         0.00000000    
   7.29171658         0.00000000    
   7.41850948         0.00000000    
   7.54530191         0.00000000    
   7.67209482         0.00000000    
   7.79888725         0.00000000    
   7.92567968         0.00000000    
   8.05247211         0.00000000    
   8.17926502         0.00000000    
   8.30605793         0.00000000    
   8.43285084         0.00000000    
   8.55964279         0.00000000    
   8.68643570         0.00000000    
   8.81322861         0.00000000    
   8.94002151         0.00000000    
   9.06681347         0.00000000    
   9.19360638         0.00000000    
   9.32039928         0.00000000    
   9.44719219         0.00000000    
   9.57398415         0.00000000    
   9.70077705         0.00000000    
   9.82756996         0.00000000    
   9.95436192         0.00000000    
   10.0811548         0.00000000    
   10.2079477         0.00000000    
   10.3347406         0.00000000    
   10.4615326         0.00000000    
   10.5883255         0.00000000    
   10.7151184         0.00000000    
   10.8419113         0.00000000    
   10.9687033         0.00000000    
   11.0954962         0.00000000    
   11.2222891         0.00000000    
   11.3490820         0.00000000    
   11.4758739         0.00000000    
   11.6026669         0.00000000    
   11.7294598         0.00000000    
   11.8562517         0.00000000    
   11.9830446         0.00000000    
   12.1098375         0.00000000    
   12.2366304         0.00000000    
   12.3634224         0.00000000    
   12.4902153         0.00000000    
   12.6170082         0.00000000    
   12.7438011         0.00000000    
   12.8705931         0.00000000    
   12.9973860         0.00000000    
   13.1241789         0.00000000    
   13.2509708         0.00000000    
   13.3777637         0.00000000    
   13.5045567         0.00000000    
   13.6313496         0.00000000    
   13.7581415         0.00000000    
   13.8849344         0.00000000    
   14.0117273         0.00000000    
   14.1385202         0.00000000    
   14.2653122         0.00000000    
   14.3921051         0.00000000    
   14.5188980         0.00000000    
   14.6456909         0.00000000    
   14.7724829         0.00000000    
   14.8992758         0.00000000    
   15.0260687         0.00000000    
   15.1528606         0.00000000    
   15.2796535         0.00000000    
   15.4064465         0.00000000    
   15.5332394         0.00000000    
   15.6600313         0.00000000    
   15.7868242         0.00000000    
   15.9136171         0.00000000    
   16.0404091         0.00000000    
   16.1672020         0.00000000    
   16.2939949         0.00000000    
   16.4207878         0.00000000    
   16.5475807         0.00000000    
   16.6743736         0.00000000    
   16.8011646         0.00000000    
   16.9279575         0.00000000    
   17.0547504         0.00000000    
   17.1815434         0.00000000    
   17.3083363         0.00000000    
   17.4351292         0.00000000    
   17.5619221         0.00000000    
   17.6887150         0.00000000    
   17.8155060         0.00000000    
   17.9422989         0.00000000    
   18.0690918         0.00000000    
   18.1958847         0.00000000    
   18.3226776         0.00000000    
   18.4494705         0.00000000    
   18.5762634         0.00000000    
   18.7030544         0.00000000    
   18.8298473         0.00000000    
   18.9566402         0.00000000    
   19.0834332         0.00000000    
   19.2102261         0.00000000    
   19.3370190         0.00000000    
   19.4638119         0.00000000    
   19.5906048         0.00000000    
   19.7173958         1.52038270E-35
   19.8441887         5.26018454E-35
   19.9709816         2.41395341E-34
   20.0977745         3.22360408E-34
   20.2245674         3.44117132E-34
   20.3513603         3.32314755E-34
   20.4781532         5.89699552E-34
   20.6049442         5.85619622E-34
   20.7317371         5.48266223E-34
   20.8585300         8.06642040E-34
   20.9853230         1.54005032E-33
   21.1121159         4.05854669E-33
   21.2389088         8.28344273E-33
   21.3657017         1.30161799E-32
   21.4924946         1.70663618E-32
   21.6192856         2.09703079E-32
   21.7460785         2.26508886E-32
   21.8728714         2.04813213E-32
   21.9996643         1.25136061E-32
   22.1264572        -2.79239739E-34
   22.2532501        -1.94238304E-32
   22.3800430        -4.05363731E-32
   22.5068340        -1.11490432E-31
   22.6336269        -4.89533635E-31
   22.7604198        -1.31425563E-30
   22.8872128        -2.03450443E-30
   23.0140057        -2.61908078E-30
   23.1407986        -2.73453953E-30
   23.2675915        -1.89755351E-30
   23.3943844        -9.43149076E-32
   23.5211754         1.34462504E-30
   23.6479683         2.04573708E-30
   23.7747612         2.59709001E-30
   23.9015541         2.79087242E-30
   24.0283470         1.70801398E-30
   24.1551399        -1.82213605E-30
   24.2819328        -1.30654380E-29
   24.4087238        -3.17579077E-29
   24.5355167        -5.67230785E-29
   24.6623096        -8.94870349E-29
   24.7891026        -1.22803348E-28
   24.9158955        -1.48861312E-28
   25.0426884        -1.65500830E-28
   25.1694813        -1.70984494E-28
   25.2962742        -1.64035859E-28
   25.4230652        -1.38639824E-28
   25.5498581        -9.38100735E-29
   25.6766510        -3.17892311E-29
   25.8034439         4.08029053E-29
   25.9302368         1.21159940E-28
   26.0570297         2.01622211E-28
   26.1838226         2.75009892E-28
   26.3106136         3.33800782E-28
   26.4374065         3.75570567E-28
   26.5641994         3.92719216E-28
   26.6909924         3.76460371E-28
   26.8177853         3.23815268E-28
   26.9445782         2.37622248E-28
   27.0713711         1.17186024E-28
   27.1981640        -3.92969845E-29
   27.3249550        -2.34597647E-28
   27.4517479        -4.77482330E-28
   27.5785408        -7.60434564E-28
   27.7053337        -1.07896489E-27
   27.8321266        -1.41940498E-27
   27.9589195        -1.76073658E-27
   28.0857124        -2.06768628E-27
   28.2125034        -2.29655205E-27
   28.3392963        -2.39162693E-27
   28.4660892        -2.28918787E-27
   28.5928822        -1.92604935E-27
   28.7196751        -1.24335620E-27
   28.8464680        -1.94867807E-28
   28.9732609         1.24503542E-27
   29.1000538         3.07076973E-27
   29.2268448         5.23787155E-27
   29.3536377         7.64975060E-27
   29.4804306         1.01562899E-26
   29.6072235         1.25468150E-26
   29.7340164         1.45515994E-26
   29.8608093         1.58493804E-26
   29.9876022         1.60807940E-26
   30.1143932         1.48704626E-26
   30.2411861         1.18565224E-26
   30.3679790         6.72719164E-27
   30.4947720        -7.36408974E-28
   30.6215649        -1.06120504E-26
   30.7483578        -2.27888249E-26
   30.8751507        -3.69171157E-26
   31.0019417        -5.23669535E-26
   31.1287346        -6.81963905E-26
   31.2555275        -8.31394005E-26
   31.3823204        -9.56156733E-26
   31.5091133        -1.03773913E-25
   31.6359062        -1.05559499E-25
   31.7626991        -9.88352612E-26
   31.8894920        -8.15331441E-26
   32.0162849        -5.18483206E-26
   32.1430779        -8.46485885E-27
   32.2698708         4.91924601E-26
   32.3966637         1.20694375E-25
   32.5234528         2.04347429E-25
   32.6502457         2.96967279E-25
   32.7770386         3.93704306E-25
   32.9038315         4.87958097E-25
   33.0306244         5.71409622E-25
   33.1574173         6.34198365E-25
   33.2842102         6.65272089E-25
   33.4110031         6.52929867E-25
   33.5377960         5.85561589E-25
   33.6645889         4.52582912E-25
   33.7913818         2.45540944E-25
   33.9181747        -4.06468901E-26
   34.0449677        -4.06388327E-25
   34.1717606        -8.46120768E-25
   34.2985535        -1.34713126E-24
   34.4253426        -1.88861387E-24
   34.5521355        -2.44107623E-24
   34.6789284        -2.96628188E-24
   34.8057213        -3.41778010E-24
   34.9325142        -3.74223583E-24
   35.0593071        -3.88156169E-24
   35.1861000        -3.77597620E-24
   35.3128929        -3.36792173E-24
   35.4396858        -2.60683326E-24
   35.5664787        -1.45456563E-24
   35.6932716         1.08737512E-25
   35.8200645         2.07862186E-24
   35.9468575         4.42061795E-24
   36.0736504         7.06524574E-24
   36.2004433         9.90433641E-24
   36.3272324         1.27892007E-23
   36.4540253         1.55311992E-23
   36.5808182         1.79053124E-23
   36.7076111         1.96569449E-23
   36.8344040         2.05126160E-23
   36.9611969         2.01941466E-23
   37.0879898         1.84367270E-23
   37.2147827         1.50100209E-23
   37.3415756         9.74179084E-24
   37.4683685         2.54293020E-24
   37.5951614        -6.56754748E-24
   37.7219543        -1.74390814E-23
   37.8487473        -2.97700612E-23
   37.9755402        -4.30939409E-23
   38.1023293        -5.67728994E-23
   38.2291222        -7.00025764E-23
   38.3559151        -8.18273994E-23
   38.4827080        -9.11703588E-23
   38.6095009        -9.68762780E-23
   38.7362938        -9.77696599E-23
   38.8630867        -9.27260556E-23
   38.9898796        -8.07548010E-23
   39.1166725        -6.10902910E-23
   39.2434654        -3.32876614E-23
   39.3702583         2.68249863E-24
   39.4970512         4.63470612E-23
   39.6238441         9.66569431E-23
   39.7506371         1.51935847E-22
   39.8774300         2.09858559E-22
   40.0042191         2.67464666E-22
   40.1310120         3.21215224E-22
   40.2578049         3.67096309E-22
   40.3845978         4.00771354E-22
   40.5113907         4.17782603E-22
   40.6381836         4.13797733E-22
   40.7649765         3.84894096E-22
   40.8917694         3.27872327E-22
   41.0185623         2.40581750E-22
   41.1453552         1.22241722E-22
   41.2721481        -2.62603828E-23
   41.3989410        -2.02120755E-22
   41.5257339        -4.00437079E-22
   41.6525269        -6.14123646E-22
   41.7793198        -8.33941946E-22
   41.9061089        -1.04865206E-21
   42.0329018        -1.24532869E-21
   42.1596947        -1.40980627E-21
   42.2864876        -1.52728156E-21
   42.4132805        -1.58305194E-21
   42.5400734        -1.56336611E-21
   42.6668663        -1.45635012E-21
   42.7936592        -1.25297809E-21
   42.9204521        -9.48027540E-22
   43.0472450        -5.40966831E-22
   43.1740379        -3.67027728E-23
   43.3008308         5.53860781E-22
   43.4276237         1.21352000E-21
   43.5544167         1.91879770E-21
   43.6812096         2.64029468E-21
   43.8079987         3.34343839E-21
   43.9347916         3.98964275E-21
   44.0615845         4.53778359E-21
   44.1883774         4.94609537E-21
   44.3151703         5.17426474E-21
   44.4419632         5.18577419E-21
   44.5687561         4.95026884E-21
   44.6955490         4.44590879E-21
   44.8223419         3.66150408E-21
   44.9491348         2.59832556E-21
   45.0759277         1.27142123E-21
   45.2027206        -2.89683230E-22
   45.3295135        -2.04101586E-21
   45.4563065        -3.92493162E-21
   45.5830994        -5.87178520E-21
   45.7098885        -7.80234316E-21
   45.8366814        -9.63101251E-21
   45.9634743        -1.12695062E-20
   46.0902672        -1.26311594E-20
   46.2170601        -1.36352646E-20
   46.3438530        -1.42113814E-20
   46.4706459        -1.43033115E-20
   46.5974388        -1.38723989E-20
   46.7242317        -1.28998825E-20
   46.8510246        -1.13881582E-20
   46.9778175        -9.36055030E-21
   47.1046104        -6.85992837E-21
   47.2314034        -3.94549360E-21
   47.3581963        -6.88852578E-22
   47.4849892         2.83151517E-21
   47.6117783         6.53590177E-21
   47.7385712         1.03495433E-20
   47.8653641         1.42081760E-20
   47.9921570         1.80623999E-20
   48.1189499         2.18803748E-20
   48.2457428         2.56484620E-20
   48.3725357         2.93682463E-20
   48.4993286         3.30509869E-20
   48.6261215         3.67083724E-20
   48.7529144         4.03399861E-20
   48.8797073         4.39181239E-20
   49.0065002         4.73703557E-20
   49.1332932         5.05616605E-20
   49.2600861         5.32771458E-20
   49.3868790         5.52074364E-20
   49.5136681         5.59383991E-20
   49.6404610         5.49482510E-20
   49.7672539         5.16135402E-20
   49.8940468         4.52260418E-20
   50.0208397         3.50222520E-20
   50.1476326         2.02273529E-20
   50.2744255         1.12064558E-22
   50.4012184        -2.59367699E-20
   50.5280113        -5.83335070E-20
   50.6548042        -9.72032475E-20
   50.7815971        -1.42287408E-19
   50.9083900        -1.92850258E-19
   51.0351830        -2.47594131E-19
   51.1619759        -3.04590571E-19
   51.2887688        -3.61236339E-19
   51.4155579        -4.14241582E-19
   51.5423508        -4.59661164E-19
   51.6691437        -4.92971469E-19
   51.7959366        -5.09209283E-19
   51.9227295        -5.03159749E-19
   52.0495224        -4.69614060E-19
   52.1763153        -4.03675254E-19
   52.3031082        -3.01123082E-19
   52.4299011        -1.58812293E-19
   52.5566940         2.49016293E-20
   52.6834869         2.49734254E-19
   52.8102798         5.13062342E-19
   52.9370728         8.09565336E-19
   53.0638657         1.13094398E-18
   53.1906586         1.46574647E-18
   53.3174477         1.79934717E-18
   53.4442406         2.11408277E-18
   53.5710335         2.38959637E-18
   53.6978264         2.60340188E-18
   53.8246193         2.73165913E-18
   53.9514122         2.75019128E-18
   54.0782051         2.63569997E-18
   54.2049980         2.36718557E-18
   54.3317909         1.92749399E-18
   54.4585838         1.30495445E-18
   54.5853767         4.95037766E-19
   54.7121696        -4.98074295E-19
   54.8389626        -1.66006505E-18
   54.9657555        -2.96536826E-18
   55.0925484        -4.37639507E-18
   55.2193375        -5.84327871E-18
   55.3461304        -7.30421326E-18
   55.4729233        -8.68642379E-18
   55.5997162        -9.90792719E-18
   55.7265091        -1.08800174E-17
   55.8533020        -1.15105367E-17
   55.9800949        -1.17078863E-17
   56.1068878        -1.13856812E-17
   56.2336807        -1.04679218E-17
   56.3604736        -8.89449611E-18
   56.4872665        -6.62682926E-18
   56.6140594        -3.65336105E-18
   56.7408524         5.40523958E-21
   56.8676453         4.29262649E-18
   56.9944382         9.11193129E-18
   57.1212273         1.43256697E-17
   57.2480202         1.97549176E-17
   57.3748131         2.51814094E-17
   57.5016060         3.03518309E-17
   57.6283989         3.49842938E-17
   57.7551918         3.87773172E-17
   57.8819847         4.14211122E-17
   58.0087776         4.26108758E-17
   58.1355705         4.20619853E-17
   58.2623634         3.95264418E-17
   58.3891563         3.48100465E-17
   58.5159492         2.77895794E-17
   58.6427422         1.84291241E-17
   58.7695351         6.79473866E-18
   58.8963280        -6.93359374E-18
   59.0231171        -2.24536142E-17
   59.1499100        -3.93368553E-17
   59.2767029        -5.70301526E-17
   59.4034958        -7.48629689E-17
   59.5302887        -9.20615560E-17
   59.6570816        -1.07769272E-16
   59.7838745        -1.21074016E-16
   59.9106674        -1.31041834E-16
   60.0374603        -1.36756090E-16
   60.1642532        -1.37361163E-16
   60.2910461        -1.32109201E-16
   60.4178391        -1.20408738E-16
   60.5446320        -1.01871852E-16
   60.6714249        -7.63591533E-17
   60.7982178        -4.40189689E-17
   60.9250069        -5.31913530E-18
   61.0517998         3.89318213E-17
   61.1785927         8.75756629E-17
   61.3053856         1.39110259E-16
   61.4321785         1.91710939E-16
   61.5589714         2.43269504E-16
   61.6857643         2.91450246E-16
   61.8125572         3.33762957E-16
   61.9393501         3.67652533E-16
   62.0661430         3.90601567E-16
   62.1929359         4.00244376E-16
   62.3197289         3.94487913E-16
   62.4465218         3.71636050E-16
   62.5733147         3.30510403E-16
   62.7001076         2.70563632E-16
   62.8268967         1.91978734E-16
   62.9536896         9.57480154E-17
   63.0804825        -1.62736486E-17
   63.2072754        -1.41346625E-16
   63.3340683        -2.75859705E-16
   63.4608612        -4.15383025E-16
   63.5876541        -5.54761211E-16
   63.7144470        -6.88249104E-16
   63.8412399        -8.09687053E-16
   63.9680328        -9.12714000E-16
   64.0948257        -9.91011925E-16
   64.2216187        -1.03857706E-15
   64.3484116        -1.05000353E-15
   64.4752045        -1.02077772E-15
   64.6019974        -9.47561464E-16
   64.7287903        -8.28457144E-16
   64.8555832        -6.63242256E-16
   64.9823761        -4.53555068E-16
   65.1091690        -2.03022442E-16
   65.2359619         8.26818771E-17
   65.3627548         3.95860133E-16
   65.4895477         7.26899958E-16
   65.6163330         1.06447425E-15
   65.7431259         1.39583375E-15
   65.8699188         1.70718823E-15
   65.9967117         1.98416684E-15
   66.1235046         2.21234820E-15
   66.2502975         2.37784891E-15
   66.3770905         2.46793701E-15
   66.5038834         2.47166543E-15
   66.6306763         2.38048700E-15
   66.7574692         2.18882949E-15
   66.8842621         1.89460200E-15
   67.0110550         1.49960248E-15
   67.1378479         1.00980536E-15
   67.2646408         4.35502175E-16
   67.3914337        -2.08725488E-16
   67.5182266        -9.04205342E-16
   67.6450195        -1.62856801E-15
   67.7718124        -2.35631755E-15
   67.8986053        -3.05959291E-15
   68.0253983        -3.70907596E-15
   68.1521912        -4.27505575E-15
   68.2789841        -4.72858091E-15
   68.4057770        -5.04269800E-15
   68.5325699        -5.19369432E-15
   68.6593628        -5.16232319E-15
   68.7861557        -4.93494016E-15
   68.9129486        -4.50451020E-15
   69.0397415        -3.87141533E-15
   69.1665344        -3.04403651E-15
   69.2933273        -2.03903976E-15
   69.4201126        -8.81358534E-16
   69.5469055         3.96174382E-16
   69.6736984         1.75354127E-15
   69.8004913         3.14460685E-15
   69.9272842         4.51852733E-15
   70.0540771         5.82143087E-15
   70.1808701         6.99838950E-15
   70.3076630         7.99555734E-15
   70.4344559         8.76241777E-15
   70.5612488         9.25407974E-15
   70.6880417         9.43348979E-15
   70.8148346         9.27348950E-15
   70.9416275         8.75861121E-15
   71.0684204         7.88650354E-15
   71.1952133         6.66893053E-15
   71.3220062         5.13223658E-15
   71.4487991         3.31724360E-15
   71.5755920         1.27852477E-15
   71.7023849        -9.16938788E-16
   71.8291779        -3.19172772E-15
   71.9559708        -5.46052876E-15
   72.0827637        -7.63318055E-15
   72.2095566        -9.61814636E-15
   72.3363495        -1.13262713E-14
   72.4631424        -1.26747096E-14
   72.5899353        -1.35908181E-14
   72.7167282        -1.40159296E-14
   72.8435211        -1.39087172E-14
   72.9703140        -1.32480866E-14
   73.0971069        -1.20353649E-14
   73.2238922        -1.02956651E-14
   73.3506851        -8.07830653E-15
   73.4774780        -5.45620169E-15
   73.6042709        -2.52415183E-15
   73.7310638         6.03915116E-16
   73.8578568         3.79879581E-15
   73.9846497         6.92076528E-15
   74.1114426         9.82517307E-15
   74.2382355         1.23686529E-14
   74.3650284         1.44157266E-14
   74.4918213         1.58455267E-14
   74.6186142         1.65583862E-14
   74.7454071         1.64819330E-14
   74.8722000         1.55764378E-14
   74.9989929         1.38390640E-14
   75.1257858         1.13067802E-14
   75.2525787         8.05772871E-15
   75.3793716         4.21072868E-15
   75.5061646        -7.70070343E-17
   75.6329575        -4.61414761E-15
   75.7597504        -9.18143820E-15
   75.8865433        -1.35396768E-14
   76.0133362        -1.74392191E-14
   76.1401291        -2.06308410E-14
   76.2669220        -2.28774976E-14
   76.3937149        -2.39665347E-14
   76.5205078        -2.37218777E-14
   76.6473007        -2.20155857E-14
   76.7740936        -1.87784443E-14
   76.9008865        -1.40086341E-14
   77.0276718        -7.77832727E-15
   77.1544647        -2.37532576E-16
   77.2812576         8.38516963E-15
   77.4080505         1.77853168E-14
   77.5348434         2.75888473E-14
   77.6616364         3.73620033E-14
   77.7884293         4.66248303E-14
   77.9152222         5.48678500E-14
   78.0420151         6.15716855E-14
   78.1688080         6.62288963E-14
   78.2956009         6.83673292E-14
   78.4223938         6.75741743E-14
   78.5491867         6.35197935E-14
   78.6759796         5.59801805E-14
   78.8027725         4.48572759E-14
   78.9295654         3.01955252E-14
   79.0563583         1.21946165E-14
   79.1831512        -8.78351228E-15
   79.3099442        -3.22134727E-14
   79.4367371        -5.74117305E-14
   79.5635300        -8.35489040E-14
   79.6903229        -1.09669177E-13
   79.8171158        -1.34716294E-13
   79.9439087        -1.57566099E-13
   80.0707016        -1.77064702E-13
   80.1974945        -1.92071158E-13
   80.3242874        -2.01503243E-13
   80.4510803        -2.04385445E-13
   80.5778732        -1.99896360E-13
   80.7046585        -1.87414564E-13
   80.8314514        -1.66560952E-13
   80.9582443        -1.37234774E-13
   81.0850372        -9.96425503E-14
   81.2118301        -5.43179698E-14
   81.3386230        -2.13029654E-15
   81.4654160         5.57182576E-14
   81.5922089         1.17708442E-13
   81.7190018         1.82032449E-13
   81.8457947         2.46635774E-13
   81.9725876         3.09271136E-13
   82.0993805         3.67563808E-13
   82.2261734         4.19086695E-13
   82.3529663         4.61442570E-13
   82.4797592         4.92352199E-13
   82.6065521         5.09743940E-13
   82.7333450         5.11842955E-13
   82.8601379         4.97256316E-13
   82.9869308         4.65050199E-13
   83.1137238         4.14816781E-13
   83.2405167         3.46726527E-13
   83.3673096         2.61564913E-13
   83.4941025         1.60748652E-13
   83.6208954         4.63221109E-14
   83.7476883        -7.90686215E-14
   83.8744812        -2.12224647E-13
   84.0012741        -3.49464191E-13
   84.1280670        -4.86714889E-13
   84.2548599        -6.19623927E-13
   84.3816528        -7.43685061E-13
   84.5084381        -8.54378200E-13
   84.6352310        -9.47317420E-13
   84.7620239        -1.01840314E-12
   84.8888168        -1.06397248E-12
   85.0156097        -1.08094469E-12
   85.1424026        -1.06695317E-12
   85.2691956        -1.02046225E-12
   85.3959885        -9.40859586E-13
   85.5227814        -8.28527351E-13
   85.6495743        -6.84878532E-13
   85.7763672        -5.12364944E-13
   85.9031601        -3.14450153E-13
   86.0299530        -9.55469834E-14
   86.1567459         1.39076223E-13
   86.2835388         3.83424358E-13
   86.4103317         6.30929933E-13
   86.5371246         8.74635217E-13
   86.6639175         1.10739152E-12
   86.7907104         1.32207385E-12
   86.9175034         1.51180023E-12
   87.0442963         1.67015219E-12
   87.1710892         1.79138746E-12
   87.2978821         1.87063537E-12
   87.4246750         1.90407130E-12
   87.5514679         1.88906247E-12
   87.6782608         1.82427879E-12
   87.8050537         1.70976297E-12
   87.9318466         1.54696178E-12
   88.0586395         1.33870616E-12
   88.1854324         1.08915643E-12
   88.3122177         8.03693863E-13
   88.4390106         4.88777747E-13
   88.5658035         1.51764397E-13
   88.6925964        -1.99303884E-13
   88.8193893        -5.55934259E-13
   88.9461823        -9.09433228E-13
   89.0729752        -1.25116356E-12
   89.1997681        -1.57279799E-12
   89.3265610        -1.86656181E-12
   89.4533539        -2.12545541E-12
   89.5801468        -2.34344727E-12
   89.7069397        -2.51562746E-12
   89.8337326        -2.63832988E-12
   89.9605255        -2.70919333E-12
   90.0873184        -2.72718827E-12
   90.2141113        -2.69258422E-12
   90.3409042        -2.60687630E-12
   90.4676971        -2.47266508E-12
   90.5944901        -2.29349807E-12
   90.7212830        -2.07368237E-12
   90.8480759        -1.81807282E-12
   90.9748688        -1.53185266E-12
   91.1016617        -1.22030652E-12
   91.2284546        -8.88609173E-13
   91.3552475        -5.41632765E-13
   91.4820404        -1.83784831E-13
   91.6088333         1.81112260E-13
   91.7356262         5.49894006E-13
   91.8624191         9.20075864E-13
   91.9892120         1.28981266E-12
   92.1159973         1.65781310E-12
   92.2427902         2.02318435E-12
   92.3695831         2.38524478E-12
   92.4963760         2.74328455E-12
   92.6231689         3.09630164E-12
   92.7499619         3.44272267E-12
   92.8767548         3.78012595E-12
   93.0035477         4.10496984E-12
   93.1303406         4.41237194E-12
   93.2571335         4.69592421E-12
   93.3839264         4.94758141E-12
   93.5107193         5.15763690E-12
   93.6375122         5.31478160E-12
   93.7643051         5.40627916E-12
   93.8910980         5.41824398E-12
   94.0178909         5.33603413E-12
   94.1446838         5.14474444E-12
   94.2714767         4.82980886E-12
   94.3982697         4.37767574E-12
   94.5250626         3.77655719E-12
   94.6518555         3.01721517E-12
   94.7786484         2.09376440E-12
   94.9054413         1.00445271E-12
   95.0322342        -2.47604481E-13
   95.1590271        -1.65377976E-12
   95.2858200        -3.19940992E-12
   95.4126129        -4.86342737E-12
   95.5394058        -6.61818690E-12
   95.6661987        -8.42948975E-12
   95.7929916        -1.02568579E-11
   95.9197769        -1.20540574E-11
   96.0465698        -1.37698802E-11
   96.1733627        -1.53491716E-11
   96.3001556        -1.67341124E-11
   96.4269485        -1.78657471E-11
   96.5537415        -1.86856555E-11
   96.6805344        -1.91378163E-11
   96.8073273        -1.91705887E-11
   96.9341202        -1.87387102E-11
   97.0609131        -1.78052902E-11
   97.1877060        -1.63437510E-11
   97.3144989        -1.43395877E-11
   97.4412918        -1.17919346E-11
   97.5680847        -8.71483094E-12
   97.6948776        -5.13814512E-12
   97.8216705        -1.10808997E-12
   97.9484634         3.31270471E-12
   98.0752563         8.04561712E-12
   98.2020493         1.29969551E-11
   98.3288422         1.80594151E-11
   98.4556351         2.31140142E-11
   98.5824280         2.80325520E-11
   98.7092209         3.26804556E-11
   98.8360138         3.69200434E-11
   98.9628067         4.06141128E-11
   99.0895996         4.36296832E-11
   99.2163925         4.58419136E-11
   99.3431854         4.71380157E-11
   99.4699783         4.74210393E-11
   99.5967712         4.66134908E-11
   99.7235565         4.46605565E-11
   99.8503494         4.15328813E-11
   99.9771423         3.72288207E-11
   100.103935         3.17760575E-11
   100.230728         2.52324411E-11
   100.357521         1.76860870E-11
   100.484314         9.25467168E-12
   100.611107         8.38700718E-14
   100.737900        -9.65501897E-12
   100.864693        -1.97682079E-11
   100.991486        -3.00433046E-11
   101.118279        -4.02538142E-11
   101.245071        -5.01641957E-11
   101.371864        -5.95353003E-11
   101.498657        -6.81301127E-11
   101.625450        -7.57195973E-11
   101.752243        -8.20885096E-11
   101.879036        -8.70410133E-11
   102.005829        -9.04060021E-11
   102.132622        -9.20417007E-11
   102.259415        -9.18400425E-11
   102.386208        -8.97297792E-11
   102.513000        -8.56792137E-11
   102.639793        -7.96975957E-11
   102.766586        -7.18358220E-11
   102.893379        -6.21860549E-11
   103.020172        -5.08802479E-11
   103.146965        -3.80878211E-11
   103.273758        -2.40124517E-11
   103.400551        -8.88804655E-12
   103.527336         7.02603947E-12
   103.654129         2.34502018E-11
   103.780922         4.00902367E-11
   103.907715         5.66433254E-11
   104.034508         7.28039851E-11
   104.161301         8.82700371E-11
   104.288094         1.02748275E-10
   104.414886         1.15959908E-10
   104.541679         1.27645269E-10
   104.668472         1.37568443E-10
   104.795265         1.45520485E-10
   104.922058         1.51322760E-10
   105.048851         1.54828927E-10
   105.175644         1.55926522E-10
   105.302437         1.54537771E-10
   105.429230         1.50619697E-10
   105.556023         1.44163861E-10
   105.682816         1.35195313E-10
   105.809608         1.23771479E-10
   105.936401         1.09980650E-10
   106.063194         9.39403902E-11
   106.189987         7.57957239E-11
   106.316780         5.57175243E-11
   106.443573         3.39011458E-11
   106.570366         1.05647878E-11
   106.697159        -1.40513304E-11
   106.823952        -3.96860739E-11
   106.950745        -6.60580618E-11
   107.077538        -9.28662425E-11
   107.204330        -1.19790261E-10
   107.331116        -1.46491236E-10
   107.457909        -1.72612091E-10
   107.584702        -1.97778877E-10
   107.711494        -2.21601862E-10
   107.838287        -2.43677689E-10
   107.965080        -2.63591926E-10
   108.091873        -2.80922424E-10
   108.218666        -2.95243968E-10
   108.345459        -3.06133785E-10
   108.472252        -3.13177428E-10
   108.599045        -3.15977050E-10
   108.725838        -3.14159171E-10
   108.852631        -3.07384507E-10
   108.979424        -2.95357849E-10
   109.106216        -2.77838585E-10
   109.233009        -2.54651883E-10
   109.359802        -2.25699306E-10
   109.486595        -1.90969379E-10
   109.613388        -1.50547963E-10
   109.740181        -1.04626273E-10
   109.866974        -5.35093497E-11
   109.993767         2.37901539E-12
   110.120560         6.24920324E-11
   110.247353         1.26159194E-10
   110.374146         1.92587210E-10
   110.500938         2.60864719E-10
   110.627731         3.29969274E-10
   110.754524         3.98777872E-10
   110.881317         4.66080452E-10
   111.008102         5.30596400E-10
   111.134895         5.90993754E-10
   111.261688         6.45910880E-10
   111.388481         6.93981150E-10
   111.515274         7.33857530E-10
   111.642067         7.64241281E-10
   111.768860         7.83908771E-10
   111.895653         7.91740451E-10
   112.022446         7.86748666E-10
   112.149239         7.68103692E-10
   112.276031         7.35160988E-10
   112.402824         6.87482571E-10
   112.529617         6.24858665E-10
   112.656410         5.47324908E-10
   112.783203         4.55175925E-10
   112.909996         3.48975349E-10
   113.036789         2.29561689E-10
   113.163582         9.80482362E-11
   113.290375        -4.41794518E-11
   113.417168        -1.95472277E-10
   113.543961        -3.53930441E-10
   113.670753        -5.17421717E-10
   113.797546        -6.83602008E-10
   113.924339        -8.49942394E-10
   114.051132        -1.01375852E-09
   114.177925        -1.17224364E-09
   114.304718        -1.32250644E-09
   114.431511        -1.46160828E-09
   114.558304        -1.58660585E-09
   114.685097        -1.69459524E-09
   114.811882        -1.78275505E-09
   114.938675        -1.84839255E-09
   115.065468        -1.88899207E-09
   115.192261        -1.90225791E-09
   115.319054        -1.88616256E-09
   115.445847        -1.83899274E-09
   115.572639        -1.75939130E-09
   115.699432        -1.64640046E-09
   115.826225        -1.49950030E-09
   115.953018        -1.31864664E-09
   116.079811        -1.10430176E-09
   116.206604        -8.57467597E-10
   116.333397        -5.79704729E-10
   116.460190        -2.73149975E-10
   116.586983         5.94664110E-11
   116.713776         4.14825729E-10
   116.840569         7.89017796E-10
   116.967361         1.17755705E-09
   117.094154         1.57540847E-09
   117.220947         1.97701611E-09
   117.347740         2.37635311E-09
   117.474533         2.76697443E-09
   117.601326         3.14208570E-09
   117.728119         3.49462459E-09
   117.854912         3.81735177E-09
   117.981705         4.10295353E-09
   118.108498         4.34415481E-09
   118.235291         4.53384574E-09
   118.362083         4.66520733E-09
   118.488876         4.73185580E-09
   118.615662         4.72797712E-09
   118.742455         4.64848249E-09
   118.869247         4.48913839E-09
   118.996040         4.24671942E-09
   119.122833         3.91913302E-09
   119.249626         3.50554985E-09
   119.376419         3.00651237E-09
   119.503212         2.42402720E-09
   119.630005         1.76164205E-09
   119.756798         1.02449527E-09
   119.883591         2.19344681E-10
   120.010384        -6.45444198E-10
   120.137177        -1.55991831E-09
   120.263969        -2.51261834E-09
   120.390762        -3.49067109E-09
   120.517555        -4.47991955E-09
   120.644348        -5.46509904E-09
   120.771141        -6.43003117E-09
   120.897934        -7.35785566E-09
   121.024727        -8.23128854E-09
   121.151520        -9.03291220E-09
   121.278313        -9.74545600E-09
   121.405106        -1.03521467E-08
   121.531898        -1.08370060E-08
   121.658691        -1.11851985E-08
   121.785484        -1.13833636E-08
   121.912277        -1.14199121E-08
   122.039070        -1.12853487E-08
   122.165863        -1.09725242E-08
   122.292656        -1.04769056E-08
   122.419441        -9.79675985E-09
   122.546234        -8.93332430E-09
   122.673027        -7.89089949E-09
   122.799820        -6.67695366E-09
   122.926613        -5.30204503E-09
   123.053406        -3.77983023E-09
   123.180199        -2.12689133E-09
   123.306992        -3.62569474E-10
   123.433784         1.49128687E-09
   123.560577         3.41062889E-09
   123.687370         5.36956524E-09
   123.814163         7.34077998E-09
   123.940956         9.29595689E-09
   124.067749         1.12062830E-08
   124.194542         1.30429303E-08
   124.321335         1.47775712E-08
   124.448128         1.63829164E-08
   124.574921         1.78331945E-08
   124.701714         1.91046396E-08
   124.828506         2.01759445E-08
   124.955299         2.10286863E-08
   125.082092         2.16476508E-08
   125.208885         2.20211209E-08
   125.335678         2.21411227E-08
   125.462471         2.20035421E-08
   125.589264         2.16082050E-08
   125.716057         2.09587885E-08
   125.842850         2.00627959E-08
   125.969643         1.89313099E-08
   126.096436         1.75787243E-08
   126.223221         1.60223390E-08
   126.350014         1.42820769E-08
   126.476807         1.23798198E-08
   126.603600         1.03390416E-08
   126.730392         8.18415735E-09
   126.857185         5.94001870E-09
   126.983978         3.63125463E-09
   127.110771         1.28180311E-09
   127.237564        -1.08570419E-09
   127.364357        -3.45037021E-09
   127.491150        -5.79347281E-09
   127.617943        -8.09882028E-09
   127.744736        -1.03529993E-08
   127.871529        -1.25455220E-08
   127.998322        -1.46688812E-08
   128.125107        -1.67184631E-08
   128.251907        -1.86923295E-08
   128.378693        -2.05909423E-08
   128.505493        -2.24166783E-08
   128.632278        -2.41731986E-08
   128.759079        -2.58648356E-08
   128.885864        -2.74957923E-08
   129.012665        -2.90691862E-08
   129.139450        -3.05860759E-08
   129.266251        -3.20445253E-08
   129.393036        -3.34383721E-08
   129.519836        -3.47561802E-08
   129.646622        -3.59802179E-08
   129.773422        -3.70851154E-08
   129.900208        -3.80370402E-08
   130.027008        -3.87925709E-08
   130.153793        -3.92978414E-08
   130.280594        -3.94877411E-08
   130.407379        -3.92851121E-08
   130.534180        -3.86003869E-08
   130.660965        -3.73311053E-08
   130.787766        -3.53618148E-08
   130.914551        -3.25640457E-08
   131.041351        -2.87965030E-08
   131.168137        -2.39054749E-08
   131.294937        -1.77255455E-08
   131.421722        -1.00804201E-08
   131.548523        -7.83935694E-10
   131.675308         1.03585780E-08
   131.802109         2.35488820E-08
   131.928894         3.89942265E-08
   132.055679         5.69052467E-08
   132.182480         7.74944695E-08
   132.309265         1.00973892E-07
   132.436066         1.27552639E-07
   132.562851         1.57435068E-07
   132.689651         1.90818128E-07
   132.816437         2.27889473E-07
   132.943237         2.68824493E-07
   133.070023         3.13784597E-07
   133.196823         3.62914847E-07
   133.323608         4.16342090E-07
   133.450409         4.74172793E-07
   133.577194         5.36491768E-07
   133.703995         6.03360263E-07
   133.830780         6.74814316E-07
   133.957581         7.50865183E-07
   134.084366         8.31498028E-07
   134.211166         9.16670103E-07
   134.337952         1.00631337E-06
   134.464752         1.10033216E-06
   134.591537         1.19860601E-06
   134.718338         1.30098806E-06
   134.845123         1.40730856E-06
   134.971924         1.51737436E-06
   135.098709         1.63097275E-06
   135.225510         1.74787112E-06
   135.352295         1.86782131E-06
   135.479095         1.99055944E-06
   135.605881         2.11580982E-06
   135.732666         2.24328960E-06
   135.859467         2.37270638E-06
   135.986252         2.50376502E-06
   136.113052         2.63616698E-06
   136.239838         2.76961782E-06
   136.366638         2.90382241E-06
   136.493423         3.03849424E-06
   136.620224         3.17335162E-06
   136.747009         3.30812236E-06
   136.873810         3.44254636E-06
   137.000595         3.57637373E-06
   137.127396         3.70936800E-06
   137.254181         3.84130362E-06
   137.380981         3.97197118E-06
   137.507767         4.10117809E-06
   137.634567         4.22873609E-06
   137.761353         4.35448101E-06
   137.888153         4.47824914E-06
   138.014938         4.59989587E-06
   138.141739         4.71928297E-06
   138.268524         4.83628310E-06
   138.395325         4.95077029E-06
   138.522110         5.06262995E-06
   138.648911         5.17174476E-06
   138.775696         5.27800330E-06
   138.902496         5.38129143E-06
   139.029282         5.48149274E-06
   139.156082         5.57849125E-06
   139.282867         5.67215602E-06
   139.409653         5.76235834E-06
   139.536453         5.84895815E-06
   139.663239         5.93180266E-06
   139.790039         6.01073634E-06
   139.916824         6.08559048E-06
   140.043625         6.15617773E-06
   140.170410         6.22231028E-06
   140.297211         6.28378439E-06
   140.423996         6.34038770E-06
   140.550797         6.39189511E-06
   140.677582         6.43807607E-06
   140.804382         6.47869274E-06
   140.931168         6.51349865E-06
   141.057968         6.54224687E-06
   141.184753         6.56469274E-06
   141.311554         6.58058434E-06
   141.438339         6.58968247E-06
   141.565140         6.59174839E-06
   141.691925         6.58656063E-06
   141.818726         6.57390547E-06
   141.945511         6.55358963E-06
   142.072311         6.52544850E-06
   142.199097         6.48933019E-06
   142.325897         6.44512920E-06
   142.452682         6.39276323E-06
   142.579483         6.33219815E-06
   142.706268         6.26343626E-06
   142.833069         6.18653576E-06
   142.959854         6.10160259E-06
   143.086655         6.00880139E-06
   143.213440         5.90835407E-06
   143.340225         5.80054939E-06
   143.467026         5.68573569E-06
   143.593811         5.56433497E-06
   143.720612         5.43683473E-06
   143.847397         5.30379020E-06
   143.974197         5.16582895E-06
   144.100983         5.02364082E-06
   144.227783         4.87798570E-06
   144.354568         4.72968077E-06
   144.481369         4.57959914E-06
   144.608154         4.42866576E-06
   144.734955         4.27784744E-06
   144.861740         4.12814643E-06
   144.988541         3.98059046E-06
   145.115326         3.83621955E-06
   145.242126         3.69607847E-06
   145.368912         3.56120154E-06
   145.495712         3.43260467E-06
   145.622498         3.31126535E-06
   145.749298         3.19811329E-06
   145.876083         3.09401776E-06
   146.002884         2.99977114E-06
   146.129669         2.91607967E-06
   146.256470         2.84354769E-06
   146.383255         2.78266884E-06
   146.510056         2.73381352E-06
   146.636841         2.69722591E-06
   146.763641         2.67300788E-06
   146.890427         2.66112352E-06
   147.017212         2.66138886E-06
   147.144012         2.67347536E-06
   147.270798         2.69690668E-06
   147.397598         2.73106753E-06
   147.524384         2.77520348E-06
   147.651184         2.82843257E-06
   147.777969         2.88975571E-06
   147.904770         2.95806558E-06
   148.031555         3.03216348E-06
   148.158356         3.11077315E-06
   148.285141         3.19255696E-06
   148.411942         3.27613861E-06
   148.538727         3.36011453E-06
   148.665527         3.44308091E-06
   148.792313         3.52364668E-06
   148.919113         3.60046079E-06
   149.045898         3.67222106E-06
   149.172699         3.73770354E-06
   149.299484         3.79577000E-06
   149.426285         3.84538998E-06
   149.553070         3.88565422E-06
   149.679871         3.91578533E-06
   149.806656         3.93514847E-06
   149.933456         3.94326116E-06
   150.060242         3.93979872E-06
   150.187042         3.92459515E-06
   150.313828         3.89764955E-06
   150.440628         3.85912062E-06
   150.567413         3.80932397E-06
   150.694214         3.74873025E-06
   150.820999         3.67795064E-06
   150.947784         3.59773389E-06
   151.074585         3.50895107E-06
   151.201370         3.41258306E-06
   151.328171         3.30970875E-06
   151.454956         3.20148774E-06
   151.581757         3.08914241E-06
   151.708542         2.97394695E-06
   151.835342         2.85720103E-06
   151.962128         2.74022273E-06
   152.088928         2.62432263E-06
   152.215714         2.51078927E-06
   152.342514         2.40087206E-06
   152.469299         2.29576608E-06
   152.596100         2.19659364E-06
   152.722885         2.10439248E-06
   152.849686         2.02009960E-06
   152.976471         1.94453992E-06
   153.103271         1.87841670E-06
   153.230057         1.82229849E-06
   153.356857         1.77661116E-06
   153.483643         1.74163472E-06
   153.610443         1.71749491E-06
   153.737228         1.70416013E-06
   153.864029         1.70143960E-06
   153.990814         1.70898443E-06
   154.117615         1.72629041E-06
   154.244400         1.75269861E-06
   154.371201         1.78740470E-06
   154.497986         1.82946701E-06
   154.624771         1.87781291E-06
   154.751572         1.93125561E-06
   154.878357         1.98850353E-06
   155.005157         2.04817979E-06
   155.131943         2.10883672E-06
   155.258743         2.16897638E-06
   155.385529         2.22706831E-06
   155.512329         2.28157296E-06
   155.639114         2.33096193E-06
   155.765915         2.37373956E-06
   155.892700         2.40846748E-06
   156.019501         2.43378236E-06
   156.146286         2.44842204E-06
   156.273087         2.45124397E-06
   156.399872         2.44124249E-06
   156.526672         2.41757152E-06
   156.653458         2.37955555E-06
   156.780258         2.32670482E-06
   156.907043         2.25872668E-06
   157.033844         2.17553247E-06
   157.160629         2.07724429E-06
   157.287430         1.96419342E-06
   157.414215         1.83692168E-06
   157.541016         1.69617567E-06
   157.667801         1.54289853E-06
   157.794601         1.37821917E-06
   157.921387         1.20343759E-06
   158.048187         1.02000888E-06
   158.174973         8.29523060E-07
   158.301773         6.33683214E-07
   158.428558         4.34285852E-07
   158.555344         2.33193774E-07
   158.682144         3.23095293E-08
   158.808929        -1.66445943E-07
   158.935730        -3.61162620E-07
   159.062515        -5.49964341E-07
   159.189316        -7.31035698E-07
   159.316101        -9.02643535E-07
   159.442902        -1.06315906E-06
   159.569687        -1.21107689E-06
   159.696487        -1.34503773E-06
   159.823273        -1.46383843E-06
   159.950073        -1.56644796E-06
   160.076859        -1.65201857E-06
   160.203659        -1.71989154E-06
