  -4.50000000         0.00000000    
  -4.37320757         0.00000000    
  -4.24641466         0.00000000    
  -4.11962223         0.00000000    
  -3.99282932         0.00000000    
  -3.86603665         0.00000000    
  -3.73924398         0.00000000    
  -3.61245155         0.00000000    
  -3.48565888         0.00000000    
  -3.35886621         0.00000000    
  -3.23207355         0.00000000    
  -3.10528088         0.00000000    
  -2.97848821         0.00000000    
  -2.85169554         0.00000000    
  -2.72490287         0.00000000    
  -2.59811020         0.00000000    
  -2.47131753         0.00000000    
  -2.34452486         0.00000000    
  -2.21773219         0.00000000    
  -2.09093952         0.00000000    
  -1.96414697         0.00000000    
  -1.83735430         0.00000000    
  -1.71056163         0.00000000    
  -1.58376896         0.00000000    
  -1.45697629         0.00000000    
  -1.33018374         0.00000000    
  -1.20339108         0.00000000    
  -1.07659841         0.00000000    
 -0.949805737         0.00000000    
 -0.823013067         0.00000000    
 -0.696220458         0.00000000    
 -0.569427788         0.00000000    
 -0.442635119         0.00000000    
 -0.315842479         0.00000000    
 -0.189049825         0.00000000    
  -6.22571707E-02     0.00000000    
   6.45354837E-02     0.00000000    
  0.191328138         0.00000000    
  0.318120778         0.00000000    
  0.444913447         0.00000000    
  0.571706116         0.00000000    
  0.698498726         0.00000000    
  0.825291395         0.00000000    
  0.952084064         0.00000000    
   1.07887673         0.00000000    
   1.20566940         0.00000000    
   1.33246195         0.00000000    
   1.45925462         0.00000000    
   1.58604729         0.00000000    
   1.71283996         0.00000000    
   1.83963263         0.00000000    
   1.96642530         0.00000000    
   2.09321785         0.00000000    
   2.22001052         0.00000000    
   2.34680319         0.00000000    
   2.47359586         0.00000000    
   2.60038853         0.00000000    
   2.72718120         0.00000000    
   2.85397387         0.00000000    
   2.98076653         0.00000000    
   3.10755920         0.00000000    
   3.23435187         0.00000000    
   3.36114454         0.00000000    
   3.48793697         0.00000000    
   3.61472964         0.00000000    
   3.74152231         0.00000000    
   3.86831498         0.00000000    
   3.99510765         0.00000000    
   4.12190056         0.00000000    
   4.24869299         0.00000000    
   4.37548542         0.00000000    
   4.50227833         0.00000000    
   4.62907076         0.00000000    
   4.75586367         0.00000000    
   4.88265610         0.00000000    
   5.00944901         0.00000000    
   5.13624144         0.00000000    
   5.26303434         0.00000000    
   5.38982677         0.00000000    
   5.51661968         0.00000000    
   5.64341211         0.00000000    
   5.77020502         0.00000000    
   5.89699745         0.00000000    
   6.02379036         0.00000000    
   6.15058279         0.00000000    
   6.27737522         0.00000000    
   6.40416813         0.00000000    
   6.53096056         0.00000000    
   6.65775347         0.00000000    
   6.78454590         0.00000000    
   6.91133881         0.00000000    
   7.03813124         0.00000000    
   7.16492414         0.00000000    
   7.29171658         0.00000000    
   7.41850948         0.00000000    
   7.54530191         0.00000000    
   7.67209482         0.00000000    
   7.79888725         0.00000000    
   7.92567968         0.00000000    
   8.05247211         0.00000000    
   8.17926502         0.00000000    
   8.30605793         0.00000000    
   8.43285084         0.00000000    
   8.55964279         0.00000000    
   8.68643570         0.00000000    
   8.81322861         0.00000000    
   8.94002151         0.00000000    
   9.06681347         0.00000000    
   9.19360638         0.00000000    
   9.32039928         0.00000000    
   9.44719219         0.00000000    
   9.57398415         0.00000000    
   9.70077705         0.00000000    
   9.82756996         0.00000000    
   9.95436192         0.00000000    
   10.0811548         0.00000000    
   10.2079477         0.00000000    
   10.3347406         0.00000000    
   10.4615326         0.00000000    
   10.5883255         0.00000000    
   10.7151184         0.00000000    
   10.8419113         0.00000000    
   10.9687033         0.00000000    
   11.0954962         0.00000000    
   11.2222891         0.00000000    
   11.3490820         0.00000000    
   11.4758739         0.00000000    
   11.6026669         0.00000000    
   11.7294598         0.00000000    
   11.8562517         0.00000000    
   11.9830446         0.00000000    
   12.1098375         0.00000000    
   12.2366304         0.00000000    
   12.3634224         0.00000000    
   12.4902153         0.00000000    
   12.6170082         0.00000000    
   12.7438011         0.00000000    
   12.8705931         0.00000000    
   12.9973860         0.00000000    
   13.1241789         0.00000000    
   13.2509708         0.00000000    
   13.3777637         0.00000000    
   13.5045567         0.00000000    
   13.6313496         0.00000000    
   13.7581415         0.00000000    
   13.8849344         0.00000000    
   14.0117273         0.00000000    
   14.1385202         0.00000000    
   14.2653122         0.00000000    
   14.3921051         0.00000000    
   14.5188980         0.00000000    
   14.6456909         0.00000000    
   14.7724829         0.00000000    
   14.8992758         0.00000000    
   15.0260687         0.00000000    
   15.1528606         0.00000000    
   15.2796535         0.00000000    
   15.4064465         0.00000000    
   15.5332394         0.00000000    
   15.6600313         0.00000000    
   15.7868242         0.00000000    
   15.9136171         0.00000000    
   16.0404091         0.00000000    
   16.1672020         0.00000000    
   16.2939949         0.00000000    
   16.4207878         0.00000000    
   16.5475807         0.00000000    
   16.6743736         0.00000000    
   16.8011646         0.00000000    
   16.9279575         0.00000000    
   17.0547504         0.00000000    
   17.1815434         0.00000000    
   17.3083363         0.00000000    
   17.4351292         0.00000000    
   17.5619221         0.00000000    
   17.6887150         0.00000000    
   17.8155060         0.00000000    
   17.9422989         0.00000000    
   18.0690918         0.00000000    
   18.1958847         0.00000000    
   18.3226776         0.00000000    
   18.4494705         0.00000000    
   18.5762634         0.00000000    
   18.7030544         0.00000000    
   18.8298473         0.00000000    
   18.9566402         0.00000000    
   19.0834332         0.00000000    
   19.2102261         0.00000000    
   19.3370190         0.00000000    
   19.4638119         0.00000000    
   19.5906048         0.00000000    
   19.7173958         1.14443834E-34
   19.8441887         4.32617140E-34
   19.9709816         9.68732792E-34
   20.0977745         1.31140363E-33
   20.2245674         6.84002576E-34
   20.3513603        -5.00288926E-34
   20.4781532        -1.05392068E-33
   20.6049442        -8.46093375E-34
   20.7317371        -1.62117603E-34
   20.8585300        -1.43681960E-34
   20.9853230        -8.63011310E-34
   21.1121159        -2.71189651E-33
   21.2389088        -2.20359953E-33
   21.3657017         9.01775257E-34
   21.4924946         3.83566745E-33
   21.6192856         1.12465194E-32
   21.7460785         1.51992375E-32
   21.8728714         1.96575026E-32
   21.9996643         2.72641309E-32
   22.1264572         3.24782301E-32
   22.2532501         4.48660627E-32
   22.3800430         6.48168996E-32
   22.5068340        -2.19287625E-31
   22.6336269        -5.73500560E-31
   22.7604198        -7.81998040E-31
   22.8872128        -1.65421490E-31
   23.0140057         8.51205740E-31
   23.1407986         2.08972878E-30
   23.2675915         3.20087826E-30
   23.3943844         4.24157068E-30
   23.5211754         5.50337265E-30
   23.6479683         5.68600874E-30
   23.7747612         6.05508688E-30
   23.9015541         7.01264797E-30
   24.0283470         8.42442533E-30
   24.1551399         1.05147673E-29
   24.2819328         1.89193713E-29
   24.4087238         3.54863937E-29
   24.5355167         6.07484406E-29
   24.6623096         9.57044964E-29
   24.7891026         1.34060252E-28
   24.9158955         1.69615904E-28
   25.0426884         1.91867003E-28
   25.1694813         2.01890806E-28
   25.2962742         2.04624616E-28
   25.4230652         1.98232563E-28
   25.5498581         1.76838478E-28
   25.6766510         1.30152107E-28
   25.8034439         4.47599179E-29
   25.9302368        -9.41800386E-29
   26.0570297        -2.96831112E-28
   26.1838226        -5.73563845E-28
   26.3106136        -9.18236790E-28
   26.4374065        -1.31557954E-27
   26.5641994        -1.74199535E-27
   26.6909924        -2.17722162E-27
   26.8177853        -2.60615781E-27
   26.9445782        -3.00536129E-27
   27.0713711        -3.32504756E-27
   27.1981640        -3.51038288E-27
   27.3249550        -3.49100456E-27
   27.4517479        -3.18826089E-27
   27.5785408        -2.51753171E-27
   27.7053337        -1.40340368E-27
   27.8321266         2.09899714E-28
   27.9589195         2.35718071E-27
   28.0857124         5.04750686E-27
   28.2125034         8.25892301E-27
   28.3392963         1.19191744E-26
   28.4660892         1.59013081E-26
   28.5928822         2.00094476E-26
   28.7196751         2.39651013E-26
   28.8464680         2.74042359E-26
   28.9732609         2.98804919E-26
   29.1000538         3.08767893E-26
   29.2268448         2.98275365E-26
   29.3536377         2.61421417E-26
   29.4804306         1.92493740E-26
   29.6072235         8.64091581E-27
   29.7340164        -6.06850241E-27
   29.8608093        -2.50727991E-26
   29.9876022        -4.82988748E-26
   30.1143932        -7.53279519E-26
   30.2411861        -1.05318120E-25
   30.3679790        -1.36937810E-25
   30.4947720        -1.68316084E-25
   30.6215649        -1.97020402E-25
   30.7483578        -2.20073975E-25
   30.8751507        -2.34015168E-25
   31.0019417        -2.35014729E-25
   31.1287346        -2.19053189E-25
   31.2555275        -1.82167803E-25
   31.3823204        -1.20766519E-25
   31.5091133        -3.20086783E-26
   31.6359062         8.57641872E-26
   31.7626991         2.32547197E-25
   31.8894920         4.06188079E-25
   32.0162849         6.01921332E-25
   32.1430779         8.11968958E-25
   32.2698708         1.02525195E-24
   32.3966637         1.22726424E-24
   32.5234528         1.40016559E-24
   32.6502457         1.52314910E-24
   32.7770386         1.57312640E-24
   32.9038315         1.52577660E-24
   33.0306244         1.35697654E-24
   33.1574173         1.04461434E-24
   33.2842102         5.70751416E-25
   33.4110031        -7.59237822E-26
   33.5377960        -8.97463386E-25
   33.6645889        -1.88398345E-24
   33.7913818        -3.01114124E-24
   33.9181747        -4.23797733E-24
   34.0449677        -5.50539044E-24
   34.1717606        -6.73550503E-24
   34.2985535        -7.83222995E-24
   34.4253426        -8.68326730E-24
   34.5521355        -9.16380034E-24
   34.6789284        -9.14205381E-24
   34.8057213        -8.48677940E-24
   34.9325142        -7.07664872E-24
   35.0593071        -4.81135654E-24
   35.1861000        -1.62407321E-24
   35.3128929         2.50528280E-24
   35.4396858         7.53670294E-24
   35.5664787         1.33575908E-23
   35.6932716         1.97722385E-23
   35.8200645         2.64944394E-23
   35.9468575         3.31446126E-23
   36.0736504         3.92527405E-23
   36.2004433         4.42682045E-23
   36.3272324         4.75778231E-23
   36.4540253         4.85324300E-23
   36.5808182         4.64825591E-23
   36.7076111         4.08227377E-23
   36.8344040         3.10435162E-23
   36.9611969         1.67893724E-23
   37.0879898        -2.07997002E-24
   37.2147827        -2.54283365E-23
   37.3415756        -5.27860974E-23
   37.4683685        -8.33023989E-23
   37.5951614        -1.15711998E-22
   37.7219543        -1.48322246E-22
   37.8487473        -1.79025848E-22
   37.9755402        -2.05344848E-22
   38.1023293        -2.24508955E-22
   38.2291222        -2.33572551E-22
   38.3559151        -2.29569353E-22
   38.4827080        -2.09704548E-22
   38.6095009        -1.71579039E-22
   38.7362938        -1.13438034E-22
   38.8630867        -3.44339268E-23
   38.9898796         6.51124087E-23
   39.1166725         1.83468435E-22
   39.2434654         3.17285081E-22
   39.3702583         4.61452782E-22
   39.4970512         6.09040554E-22
   39.6238441         7.51340611E-22
   39.7506371         8.78038690E-22
   39.8774300         9.77525940E-22
   40.0042191         1.03736274E-21
   40.1310120         1.04489794E-21
   40.2578049         9.88034021E-22
   40.3845978         8.56122947E-22
   40.5113907         6.40961123E-22
   40.6381836         3.37839742E-22
   40.7649765        -5.34044507E-23
   40.8917694        -5.27404886E-22
   41.0185623        -1.07242452E-21
   41.1453552        -1.66974384E-21
   41.2721481        -2.29336067E-21
   41.3989410        -2.91008723E-21
   41.5257339        -3.48012130E-21
   41.6525269        -3.95814809E-21
   41.7793198        -4.29501982E-21
   41.9061089        -4.44001149E-21
   42.0329018        -4.34364939E-21
   42.1596947        -3.96102262E-21
   42.2864876        -3.25549693E-21
   42.4132805        -2.20266222E-21
   42.5400734        -7.94320681E-22
   42.6668663         9.57717933E-22
   42.7936592         3.01831622E-21
   42.9204521         5.32645103E-21
   43.0472450         7.79372400E-21
   43.1740379         1.03042543E-20
   43.3008308         1.27162096E-20
   43.4276237         1.48652062E-20
   43.5544167         1.65697541E-20
   43.6812096         1.76387493E-20
   43.8079987         1.78810421E-20
   43.9347916         1.71168064E-20
   44.0615845         1.51904417E-20
   44.1883774         1.19844908E-20
   44.3151703         7.43393275E-21
   44.4419632         1.54008933E-21
   44.5687561        -5.61677204E-21
   44.6955490        -1.38671078E-20
   44.8223419        -2.29450596E-20
   44.9491348        -3.24857737E-20
   45.0759277        -4.20279612E-20
   45.2027206        -5.10226037E-20
   45.3295135        -5.88482590E-20
   45.4563065        -6.48334664E-20
   45.5830994        -6.82860795E-20
   45.7098885        -6.85291091E-20
   45.8366814        -6.49422278E-20
   45.9634743        -5.70073750E-20
   46.0902672        -4.43569400E-20
   46.2170601        -2.68217466E-20
   46.3438530        -4.47648176E-21
   46.4706459         2.23206853E-20
   46.5974388         5.28975184E-20
   46.7242317         8.62493405E-20
   46.8510246         1.21036195E-19
   46.9778175         1.55598076E-19
   47.1046104         1.87990830E-19
   47.2314034         2.16043911E-19
   47.3581963         2.37440592E-19
   47.4849892         2.49820229E-19
   47.6117783         2.50899622E-19
   47.7385712         2.38611777E-19
   47.8653641         2.11255272E-19
   47.9921570         1.67649180E-19
   48.1189499         1.07285707E-19
   48.2457428         3.04712270E-20
   48.3725357        -6.15529328E-20
   48.4993286        -1.66520453E-19
   48.6261215        -2.81090370E-19
   48.7529144        -4.00846891E-19
   48.8797073        -5.20356369E-19
   49.0065002        -6.33288236E-19
   49.1332932        -7.32603004E-19
   49.2600861        -8.10807555E-19
   49.3868790        -8.60275902E-19
   49.5136681        -8.73627321E-19
   49.6404610        -8.44151929E-19
   49.7672539        -7.66268066E-19
   49.8940468        -6.35992652E-19
   50.0208397        -4.51401197E-19
   50.1476326        -2.13052930E-19
   50.2744255         7.56460418E-20
   50.4012184         4.08173178E-19
   50.5280113         7.74735656E-19
   50.6548042         1.16226331E-18
   50.7815971         1.55456736E-18
   50.9083900         1.93268227E-18
   51.0351830         2.27539954E-18
   51.1619759         2.55999578E-18
   51.2887688         2.76314721E-18
   51.4155579         2.86200728E-18
   51.5423508         2.83542253E-18
   51.6691437         2.66523901E-18
   51.7959366         2.33765522E-18
   51.9227295         1.84455052E-18
   52.0495224         1.18472519E-18
   52.1763153         3.64977677E-19
   52.3031082        -5.99058003E-19
   52.4299011        -1.68239169E-18
   52.5566940        -2.85054215E-18
   52.6834869        -4.05984463E-18
   52.8102798        -5.25825356E-18
   52.9370728        -6.38666813E-18
   53.0638657        -7.38077627E-18
   53.1906586        -8.17341382E-18
   53.3174477        -8.69739965E-18
   53.4442406        -8.88873149E-18
   53.5710335        -8.69010309E-18
   53.6978264        -8.05455458E-18
   53.8246193        -6.94914267E-18
   53.9514122        -5.35842596E-18
   54.0782051        -3.28760949E-18
   54.2049980        -7.65117406E-19
   54.3317909         2.15558098E-18
   54.4585838         5.39507751E-18
   54.5853767         8.84823769E-18
   54.7121696         1.23856309E-17
   54.8389626         1.58563013E-17
   54.9657555         1.90918894E-17
   55.0925484         2.19120988E-17
   55.2193375         2.41314078E-17
   55.3461304         2.55669219E-17
   55.4729233         2.60470804E-17
   55.5997162         2.54209659E-17
   55.7265091         2.35678712E-17
   55.8533020         2.04066549E-17
   55.9800949         1.59045325E-17
   56.1068878         1.00847528E-17
   56.2336807         3.03267077E-18
   56.3604736        -5.10016611E-18
   56.4872665        -1.40944578E-17
   56.6140594        -2.36644230E-17
   56.7408524        -3.34621722E-17
   56.8676453        -4.30854691E-17
   56.9944382        -5.20887477E-17
   57.1212273        -5.99974943E-17
   57.2480202        -6.63255914E-17
   57.3748131        -7.05953059E-17
   57.5016060        -7.23592784E-17
   57.6283989        -7.12237977E-17
   57.7551918        -6.68725431E-17
   57.8819847        -5.90897596E-17
   58.0087776        -4.77817638E-17
   58.1355705        -3.29956457E-17
   58.2623634        -1.49340991E-17
   58.3891563         6.03469533E-18
   58.5159492         2.93733556E-17
   58.6427422         5.43781884E-17
   58.7695351         8.01898995E-17
   58.8963280         1.05811852E-16
   59.0231171         1.30136607E-16
   59.1499100         1.51980025E-16
   59.2767029         1.70122690E-16
   59.4034958         1.83357394E-16
   59.5302887         1.90541848E-16
   59.6570816         1.90653948E-16
   59.7838745         1.82848883E-16
   59.9106674         1.66515137E-16
   60.0374603         1.41326481E-16
   60.1642532         1.07288151E-16
   60.2910461         6.47744028E-17
   60.4178391         1.45548418E-17
   60.5446320        -4.21933051E-17
   60.6714249        -1.03888015E-16
   60.7982178        -1.68562561E-16
   60.9250069        -2.33903860E-16
   61.0517998        -2.97309253E-16
   61.1785927        -3.55961837E-16
   61.3053856        -4.06922357E-16
   61.4321785        -4.47236414E-16
   61.5589714        -4.74054430E-16
   61.6857643        -4.84759444E-16
   61.8125572        -4.77099725E-16
   61.9393501        -4.49321385E-16
   62.0661430        -4.00294007E-16
   62.1929359        -3.29624142E-16
   62.3197289        -2.37752804E-16
   62.4465218        -1.26027147E-16
   62.5733147         3.25542700E-18
   62.7001076         1.46837952E-16
   62.8268967         3.00531895E-16
   62.9536896         4.59286093E-16
   63.0804825         6.17298342E-16
   63.2072754         7.68168621E-16
   63.3340683         9.05093244E-16
   63.4608612         1.02109536E-15
   63.5876541         1.10928716E-15
   63.7144470         1.16315623E-15
   63.8412399         1.17686609E-15
   63.9680328         1.14556272E-15
   64.0948257         1.06567110E-15
   64.2216187         9.35175408E-16
   64.3484116         7.53860435E-16
   64.4752045         5.23511995E-16
   64.6019974         2.48052884E-16
   64.7287903        -6.63898667E-17
   64.8555832        -4.11500888E-16
   64.9823761        -7.76879667E-16
   65.1091690        -1.15023940E-15
   65.2359619        -1.51770231E-15
   65.3627548        -1.86418653E-15
   65.4895477        -2.17388380E-15
   65.6163330        -2.43081409E-15
   65.7431259        -2.61944113E-15
   65.8699188        -2.72534037E-15
   65.9967117        -2.73588106E-15
   66.1235046        -2.64091151E-15
   66.2502975        -2.43341681E-15
   66.3770905        -2.11011175E-15
   66.5038834        -1.67194859E-15
   66.6306763        -1.12450474E-15
   66.7574692        -4.78227126E-16
   66.8842621         2.51495808E-16
   67.0110550         1.04445303E-15
   67.1378479         1.87593086E-15
   67.2646408         2.71724866E-15
   67.3914337         3.53650337E-15
   67.5182266         4.29951764E-15
   67.6450195         4.97097082E-15
   67.7718124         5.51569009E-15
   67.8986053         5.90005882E-15
   68.0253983         6.09350039E-15
   68.1521912         6.06999014E-15
   68.2789841         5.80952328E-15
   68.4057770         5.29949001E-15
   68.5325699         4.53589108E-15
   68.6593628         3.52431605E-15
   68.7861557         2.28063727E-15
   68.9129486         8.31357967E-16
   69.0397415        -7.86431869E-16
   69.1665344        -2.52552911E-15
   69.2933273        -4.32953691E-15
   69.4201126        -6.13424437E-15
   69.5469055        -7.86944684E-15
   69.6736984        -9.46117421E-15
   69.8004913        -1.08342722E-14
   69.9272842        -1.19152963E-14
   70.0540771        -1.26355598E-14
   70.1808701        -1.29343007E-14
   70.3076630        -1.27618414E-14
   70.4344559        -1.20825252E-14
   70.5612488        -1.08774319E-14
   70.6880417        -9.14660735E-15
   70.8148346        -6.91077072E-15
   70.9416275        -4.21232703E-15
   71.0684204        -1.11559734E-15
   71.1952133         2.29379720E-15
   71.3220062         5.91047859E-15
   71.4487991         9.61176990E-15
   71.5755920         1.32610699E-14
   71.7023849         1.67120820E-14
   71.8291779         1.98137981E-14
   71.9559708         2.24160951E-14
   72.0827637         2.43757854E-14
   72.2095566         2.55628936E-14
   72.3363495         2.58669513E-14
   72.4631424         2.52029842E-14
   72.5899353         2.35170668E-14
   72.7167282         2.07910098E-14
   72.8435211         1.70460265E-14
   72.9703140         1.23451113E-14
   73.0971069         6.79394836E-15
   73.2238922         5.40132105E-16
   73.3506851        -6.22931026E-15
   73.4774780        -1.32922314E-14
   73.6042709        -2.03974241E-14
   73.7310638        -2.72723145E-14
   73.8578568        -3.36321648E-14
   73.9846497        -3.91904560E-14
   74.1114426        -4.36701931E-14
   74.2382355        -4.68156228E-14
   74.3650284        -4.84041281E-14
   74.4918213        -4.82575507E-14
   74.6186142        -4.62526949E-14
   74.7454071        -4.23303665E-14
   74.8722000        -3.65024647E-14
   74.9989929        -2.88568065E-14
   75.1257858        -1.95591546E-14
   75.2525787        -8.85231761E-15
   75.3793716         2.94801262E-15
   75.5061646         1.54606112E-14
   75.6329575         2.82492840E-14
   75.7597504         4.08364376E-14
   75.8865433         5.27192730E-14
   76.0133362         6.33881104E-14
   76.1401291         7.23463512E-14
   76.2669220         7.91312613E-14
   76.3937149         8.33348554E-14
   76.5205078         8.46239176E-14
   76.6473007         8.27584054E-14
   76.7740936         7.76073406E-14
   76.9008865         6.91611956E-14
   77.0276718         5.75403101E-14
   77.1544647         4.29985196E-14
   77.2812576         2.59214613E-14
   77.4080505         6.81956644E-15
   77.5348434        -1.36846279E-14
   77.6616364        -3.48745115E-14
   77.7884293        -5.59624402E-14
   77.9152222        -7.61172402E-14
   78.0420151        -9.44950566E-14
   78.1688080        -1.10272888E-13
   78.2956009        -1.22683114E-13
   78.4223938        -1.31047964E-13
   78.5491867        -1.34812571E-13
   78.6759796        -1.33574683E-13
   78.8027725        -1.27110033E-13
   78.9295654        -1.15391841E-13
   79.0563583        -9.86033900E-14
   79.1831512        -7.71425092E-14
   79.3099442        -5.16174966E-14
   79.4367371        -2.28341109E-14
   79.5635300         8.22657795E-15
   79.6903229         4.04387217E-14
   79.8171158         7.25701508E-14
   79.9439087         1.03327476E-13
   80.0707016         1.31406279E-13
   80.1974945         1.55544645E-13
   80.3242874         1.74577936E-13
   80.4510803         1.87492505E-13
   80.5778732         1.93476284E-13
   80.7046585         1.91963226E-13
   80.8314514         1.82670475E-13
   80.9582443         1.65625028E-13
   81.0850372         1.41179101E-13
   81.2118301         1.10012334E-13
   81.3386230         7.31203563E-14
   81.4654160         3.17891906E-14
   81.5922089        -1.24443497E-14
   81.7190018        -5.78447406E-14
   81.8457947        -1.02541592E-13
   81.9725876        -1.44602700E-13
   82.0993805        -1.82113547E-13
   82.2261734        -2.13260846E-13
   82.3529663        -2.36415867E-13
   82.4797592        -2.50214752E-13
   82.6065521        -2.53631887E-13
   82.7333450        -2.46042309E-13
   82.8601379        -2.27270378E-13
   82.9869308        -1.97622531E-13
   83.1137238        -1.57899220E-13
   83.2405167        -1.09387393E-13
   83.3673096        -5.38313460E-14
   83.4941025         6.61890010E-15
   83.6208954         6.94789753E-14
   83.7476883         1.32020588E-13
   83.8744812         1.91377825E-13
   84.0012741         2.44665399E-13
   84.1280670         2.89104922E-13
   84.2548599         3.22153464E-13
   84.3816528         3.41630126E-13
   84.5084381         3.45832765E-13
   84.6352310         3.33643188E-13
   84.7620239         3.04610585E-13
   84.8888168         2.59012457E-13
   85.0156097         1.97887456E-13
   85.1424026         1.23035656E-13
   85.2691956         3.69882347E-14
   85.3959885        -5.70596765E-14
   85.5227814        -1.55345260E-13
   85.6495743        -2.53667692E-13
   85.7763672        -3.47544530E-13
   85.9031601        -4.32386765E-13
   86.0299530        -5.03693766E-13
   86.1567459        -5.57253191E-13
   86.2835388        -5.89342431E-13
   86.4103317        -5.96920571E-13
   86.5371246        -5.77803972E-13
   86.6639175        -5.30815355E-13
   86.7907104        -4.55901213E-13
   86.9175034        -3.54205814E-13
   87.0442963        -2.28101012E-13
   87.1710892        -8.11669661E-14
   87.2978821         8.18824243E-14
   87.4246750         2.55322917E-13
   87.5514679         4.32596043E-13
   87.6782608         6.06526060E-13
   87.8050537         7.69584646E-13
   87.9318466         9.14177263E-13
   88.0586395         1.03295454E-12
   88.1854324         1.11913115E-12
   88.3122177         1.16680071E-12
   88.4390106         1.17123401E-12
   88.5658035         1.12914365E-12
   88.6925964         1.03890811E-12
   88.8193893         9.00741070E-13
   88.9461823         7.16792186E-13
   89.0729752         4.91179742E-13
   89.1997681         2.29940904E-13
   89.3265610        -5.90962487E-14
   89.4533539        -3.66520616E-13
   89.5801468        -6.81622619E-13
   89.7069397        -9.92747334E-13
   89.8337326        -1.28769911E-12
   89.9605255        -1.55420306E-12
   90.0873184        -1.78038151E-12
   90.2141113        -1.95524716E-12
   90.3409042        -2.06918315E-12
   90.4676971        -2.11440067E-12
   90.5944901        -2.08533386E-12
   90.7212830        -1.97898577E-12
   90.8480759        -1.79517154E-12
   90.9748688        -1.53667107E-12
   91.1016617        -1.20927292E-12
   91.2284546        -8.21694438E-13
   91.3552475        -3.85386466E-13
   91.4820404         8.57825638E-14
   91.6088333         5.75954486E-13
   91.7356262         1.06780676E-12
   91.8624191         1.54316295E-12
   91.9892120         1.98366367E-12
   92.1159973         2.37147953E-12
   92.2427902         2.69003353E-12
   92.3695831         2.92470822E-12
   92.4963760         3.06350735E-12
   92.6231689         3.09764259E-12
   92.7499619         3.02201948E-12
   92.8767548         2.83559504E-12
   93.0035477         2.54159584E-12
   93.1303406         2.14756793E-12
   93.2571335         1.66525940E-12
   93.3839264         1.11032928E-12
   93.5107193         5.01886998E-13
   93.6375122        -1.38126652E-13
   93.7643051        -7.85708467E-13
   93.8910980        -1.41565774E-12
   94.0178909        -2.00255437E-12
   94.1446838        -2.52176665E-12
   94.2714767        -2.95048686E-12
   94.3982697        -3.26872882E-12
   94.5250626        -3.46026311E-12
   94.6518555        -3.51343867E-12
   94.7786484        -3.42185481E-12
   94.9054413        -3.18485190E-12
   95.0322342        -2.80779111E-12
   95.1590271        -2.30210599E-12
   95.2858200        -1.68510464E-12
   95.4126129        -9.79529934E-13
   95.5394058        -2.12870181E-13
   95.6661987         5.83536529E-13
   95.7929916         1.37561815E-12
   95.9197769         2.12783979E-12
   96.0465698         2.80459054E-12
   96.1733627         3.37163153E-12
   96.3001556         3.79758724E-12
   96.4269485         4.05537236E-12
   96.5537415         4.12350449E-12
   96.6805344         3.98729357E-12
   96.8073273         3.63979636E-12
   96.9341202         3.08249108E-12
   97.0609131         2.32571080E-12
   97.1877060         1.38867140E-12
   97.3144989         2.99226410E-13
   97.4412918        -9.06787937E-13
   97.5680847        -2.18651334E-12
   97.6948776        -3.49137754E-12
   97.8216705        -4.76866246E-12
   97.9484634        -5.96332922E-12
   98.0752563        -7.02000871E-12
   98.2020493        -7.88509535E-12
   98.3288422        -8.50888804E-12
   98.4556351        -8.84767259E-12
   98.5824280        -8.86568857E-12
   98.7092209        -8.53685872E-12
   98.8360138        -7.84627831E-12
   98.9628067        -6.79133009E-12
   99.0895996        -5.38239332E-12
   99.2163925        -3.64311099E-12
   99.3431854        -1.61021012E-12
   99.4699783         6.67207988E-13
   99.5967712         3.12881470E-12
   99.7235565         5.70465376E-12
   99.8503494         8.31715079E-12
   99.9771423         1.08834625E-11
   100.103935         1.33180697E-11
   100.230728         1.55355694E-11
   100.357521         1.74535577E-11
   100.484314         1.89954510E-11
   100.611107         2.00932066E-11
   100.737900         2.06898058E-11
   100.864693         2.07414346E-11
   100.991486         2.02192030E-11
   101.118279         1.91104285E-11
   101.245071         1.74193437E-11
   101.371864         1.51672615E-11
   101.498657         1.23921628E-11
   101.625450         9.14762103E-12
   101.752243         5.50135024E-12
   101.879036         1.53310112E-12
   102.005829        -2.66776531E-12
   102.132622        -7.00505105E-12
   102.259415        -1.13787417E-11
   102.386208        -1.56880411E-11
   102.513000        -1.98344743E-11
   102.639793        -2.37248259E-11
   102.766586        -2.72737059E-11
   102.893379        -3.04059104E-11
   103.020172        -3.30581534E-11
   103.146965        -3.51803309E-11
   103.273758        -3.67362078E-11
   103.400551        -3.77034237E-11
   103.527336        -3.80728955E-11
   103.654129        -3.78477076E-11
   103.780922        -3.70413526E-11
   103.907715        -3.56755875E-11
   104.034508        -3.37780255E-11
   104.161301        -3.13793887E-11
   104.288094        -2.85107944E-11
   104.414886        -2.52011780E-11
   104.541679        -2.14749017E-11
   104.668472        -1.73500068E-11
   104.795265        -1.28365651E-11
   104.922058        -7.93636337E-12
   105.048851        -2.64285469E-12
   105.175644         3.05779729E-12
   105.302437         9.18476926E-12
   105.429230         1.57597529E-11
   105.556023         2.28033772E-11
   105.682816         3.03308316E-11
   105.809608         3.83468708E-11
   105.936401         4.68403961E-11
   106.063194         5.57789301E-11
   106.189987         6.51030826E-11
   106.316780         7.47213194E-11
   106.443573         8.45054374E-11
   106.570366         9.42869741E-11
   106.697159         1.03854675E-10
   106.823952         1.12953633E-10
   106.950745         1.21286051E-10
   107.077538         1.28513866E-10
   107.204330         1.34263489E-10
   107.331116         1.38132825E-10
   107.457909         1.39700057E-10
   107.584702         1.38535086E-10
   107.711494         1.34212461E-10
   107.838287         1.26326311E-10
   107.965080         1.14506661E-10
   108.091873         9.84364812E-11
   108.218666         7.78698564E-11
   108.345459         5.26499504E-11
   108.472252         2.27261317E-11
   108.599045        -1.18292945E-11
   108.725838        -5.08070253E-11
   108.852631        -9.38480196E-11
   108.979424        -1.40434719E-10
   109.106216        -1.89885163E-10
   109.233009        -2.41351633E-10
   109.359802        -2.93824159E-10
   109.486595        -3.46137841E-10
   109.613388        -3.96986999E-10
   109.740181        -4.44943027E-10
   109.866974        -4.88479202E-10
   109.993767        -5.25999078E-10
   110.120560        -5.55871127E-10
   110.247353        -5.76467096E-10
   110.374146        -5.86204196E-10
   110.500938        -5.83590842E-10
   110.627731        -5.67273839E-10
   110.754524        -5.36087397E-10
   110.881317        -4.89101315E-10
   111.008102        -4.25668834E-10
   111.134895        -3.45471235E-10
   111.261688        -2.48558035E-10
   111.388481        -1.35383788E-10
   111.515274        -6.83593113E-12
   111.642067         1.35743652E-10
   111.768860         2.90546837E-10
   111.895653         4.55296717E-10
   112.022446         6.27257635E-10
   112.149239         8.03255129E-10
   112.276031         9.79710202E-10
   112.402824         1.15268295E-09
   112.529617         1.31793210E-09
   112.656410         1.47098445E-09
   112.783203         1.60721547E-09
   112.909996         1.72194259E-09
   113.036789         1.81052529E-09
   113.163582         1.86847338E-09
   113.290375         1.89156335E-09
   113.417168         1.87595472E-09
   113.543961         1.81831017E-09
   113.670753         1.71591497E-09
   113.797546         1.56678892E-09
   113.924339         1.36979628E-09
   114.051132         1.12474130E-09
   114.177925         8.32451996E-10
   114.304718         4.94853492E-10
   114.431511         1.15013832E-10
   114.558304        -3.02824626E-10
   114.685097        -7.53236584E-10
   114.811882        -1.22963439E-09
   114.938675        -1.72431103E-09
   115.065468        -2.22851426E-09
   115.192261        -2.73254397E-09
   115.319054        -3.22588201E-09
   115.445847        -3.69734732E-09
   115.572639        -4.13527745E-09
   115.699432        -4.52773241E-09
   115.826225        -4.86272178E-09
   115.953018        -5.12844744E-09
   116.079811        -5.31356426E-09
   116.206604        -5.40744782E-09
   116.333397        -5.40046541E-09
   116.460190        -5.28425170E-09
   116.586983        -5.05197439E-09
   116.713776        -4.69859218E-09
   116.840569        -4.22108704E-09
   116.967361        -3.61868557E-09
   117.094154        -2.89303626E-09
   117.220947        -2.04835859E-09
   117.347740        -1.09155740E-09
   117.474533        -3.22779928E-11
   117.601326         1.11707821E-09
   117.728119         2.34139286E-09
   117.854912         3.62293062E-09
   117.981705         4.94148900E-09
   118.108498         6.27461549E-09
   118.235291         7.59787522E-09
   118.362083         8.88517526E-09
   118.488876         1.01091606E-08
   118.615662         1.12416227E-08
   118.742455         1.22540031E-08
   118.869247         1.31178854E-08
   118.996040         1.38055585E-08
   119.122833         1.42905741E-08
   119.249626         1.45483403E-08
   119.376419         1.45567061E-08
   119.503212         1.42965355E-08
   119.630005         1.37522820E-08
   119.756798         1.29125066E-08
   119.883591         1.17703740E-08
   120.010384         1.03240811E-08
   120.137177         8.57723048E-09
   120.263969         6.53911947E-09
   120.390762         4.22493640E-09
   120.517555         1.65587732E-09
   120.644348        -1.14084808E-09
   120.771141        -4.13212842E-09
   120.897934        -7.27917193E-09
   121.024727        -1.05378382E-08
   121.151520        -1.38591041E-08
   121.278313        -1.71896222E-08
   121.405106        -2.04724202E-08
   121.531898        -2.36476829E-08
   121.658691        -2.66536269E-08
   121.785484        -2.94274933E-08
   121.912277        -3.19065627E-08
   122.039070        -3.40292630E-08
   122.165863        -3.57362957E-08
   122.292656        -3.69717981E-08
   122.419441        -3.76844831E-08
   122.546234        -3.78287517E-08
   122.673027        -3.73658011E-08
   122.799820        -3.62646162E-08
   122.926613        -3.45028859E-08
   123.053406        -3.20678311E-08
   123.180199        -2.89568867E-08
   123.306992        -2.51782080E-08
   123.433784        -2.07510897E-08
   123.560577        -1.57061280E-08
   123.687370        -1.00852509E-08
   123.814163        -3.94154531E-09
   123.940956         2.66112887E-09
   124.067749         9.64867652E-09
   124.194542         1.69375305E-08
   124.321335         2.44355789E-08
   124.448128         3.20432711E-08
   124.574921         3.96548394E-08
   124.701714         4.71597374E-08
   124.828506         5.44440582E-08
   124.955299         6.13922069E-08
   125.082092         6.78884717E-08
   125.208885         7.38187538E-08
   125.335678         7.90722581E-08
   125.462471         8.35431635E-08
   125.589264         8.71322712E-08
   125.716057         8.97485322E-08
   125.842850         9.13105396E-08
   125.969643         9.17478573E-08
   126.096436         9.10022351E-08
   126.223221         8.90286103E-08
   126.350014         8.57960245E-08
   126.476807         8.12882845E-08
   126.603600         7.55044596E-08
   126.730392         6.84591939E-08
   126.857185         6.01827566E-08
   126.983978         5.07210594E-08
   127.110771         4.01352871E-08
   127.237564         2.85015265E-08
   127.364357         1.59101372E-08
   127.491150         2.46502108E-09
   127.617943        -1.17172219E-08
   127.744736        -2.65082534E-08
   127.871529        -4.17690522E-08
   127.998322        -5.73509702E-08
   128.125107        -7.30969347E-08
   128.251907        -8.88425120E-08
   128.378693        -1.04417047E-07
   128.505493        -1.19644852E-07
   128.632278        -1.34346095E-07
   128.759079        -1.48337975E-07
   128.885864        -1.61435537E-07
   129.012665        -1.73452420E-07
   129.139450        -1.84201795E-07
   129.266251        -1.93496831E-07
   129.393036        -2.01151281E-07
   129.519836        -2.06979990E-07
   129.646622        -2.10799058E-07
   129.773422        -2.12426301E-07
   129.900208        -2.11681396E-07
   130.027008        -2.08385913E-07
   130.153793        -2.02363537E-07
   130.280594        -1.93440101E-07
   130.407379        -1.81443724E-07
   130.534180        -1.66204615E-07
   130.660965        -1.47555497E-07
   130.787766        -1.25331397E-07
   130.914551        -9.93701974E-08
   131.041351        -6.95126232E-08
   131.168137        -3.56026071E-08
   131.294937         2.51214338E-09
   131.421722         4.49798243E-08
   131.548523         9.19437682E-08
   131.675308         1.43541968E-07
   131.802109         1.99906154E-07
   131.928894         2.61161119E-07
   132.055679         3.27423749E-07
   132.182480         3.98802172E-07
   132.309265         4.75395069E-07
   132.436066         5.57290150E-07
   132.562851         6.44563897E-07
   132.689651         7.37280629E-07
   132.816437         8.35491221E-07
   132.943237         9.39233644E-07
   133.070023         1.04853075E-06
   133.196823         1.16339129E-06
   133.323608         1.28380952E-06
   133.450409         1.40976420E-06
   133.577194         1.54121904E-06
   133.703995         1.67812402E-06
   133.830780         1.82041390E-06
   133.957581         1.96800966E-06
   134.084366         2.12081977E-06
   134.211166         2.27873852E-06
   134.337952         2.44164994E-06
   134.464752         2.60942625E-06
   134.591537         2.78192852E-06
   134.718338         2.95900804E-06
   134.845123         3.14050840E-06
   134.971924         3.32626109E-06
   135.098709         3.51609128E-06
   135.225510         3.70981365E-06
   135.352295         3.90723426E-06
   135.479095         4.10814800E-06
   135.605881         4.31233957E-06
   135.732666         4.51958203E-06
   135.859467         4.72963029E-06
   135.986252         4.94222922E-06
   136.113052         5.15709962E-06
   136.239838         5.37394362E-06
   136.366638         5.59243881E-06
   136.493423         5.81223730E-06
   136.620224         6.03295894E-06
   136.747009         6.25419170E-06
   136.873810         6.47548814E-06
   137.000595         6.69636302E-06
   137.127396         6.91628793E-06
   137.254181         7.13468989E-06
   137.380981         7.35095591E-06
   137.507767         7.56442341E-06
   137.634567         7.77437981E-06
   137.761353         7.98007568E-06
   137.888153         8.18071203E-06
   138.014938         8.37545031E-06
   138.141739         8.56341103E-06
   138.268524         8.74368743E-06
   138.395325         8.91533546E-06
   138.522110         9.07739559E-06
   138.648911         9.22888830E-06
   138.775696         9.36883316E-06
   138.902496         9.49624700E-06
   139.029282         9.61016212E-06
   139.156082         9.70962992E-06
   139.282867         9.79374090E-06
   139.409653         9.86162377E-06
   139.536453         9.91247089E-06
   139.663239         9.94553011E-06
   139.790039         9.96012841E-06
   139.916824         9.95568189E-06
   140.043625         9.93169306E-06
   140.170410         9.88777447E-06
   140.297211         9.82364236E-06
   140.423996         9.73913120E-06
   140.550797         9.63419916E-06
   140.677582         9.50891717E-06
   140.804382         9.36349079E-06
   140.931168         9.19824288E-06
   141.057968         9.01362182E-06
   141.184753         8.81018877E-06
   141.311554         8.58862677E-06
   141.438339         8.34972616E-06
   141.565140         8.09438188E-06
   141.691925         7.82358711E-06
   141.818726         7.53841550E-06
   141.945511         7.24002939E-06
   142.072311         6.92965386E-06
   142.199097         6.60857131E-06
   142.325897         6.27811733E-06
   142.452682         5.93966706E-06
   142.579483         5.59462251E-06
   142.706268         5.24441566E-06
   142.833069         4.89048762E-06
   142.959854         4.53428947E-06
   143.086655         4.17727051E-06
   143.213440         3.82087683E-06
   143.340225         3.46653337E-06
   143.467026         3.11564827E-06
   143.593811         2.76961032E-06
   143.720612         2.42977467E-06
   143.847397         2.09747031E-06
   143.974197         1.77399045E-06
   144.100983         1.46059313E-06
   144.227783         1.15849036E-06
   144.354568         8.68846371E-07
   144.481369         5.92775791E-07
   144.608154         3.31331250E-07
   144.734955         8.55093631E-08
   144.861740        -1.43764879E-07
   144.988541        -3.55637951E-07
   145.115326        -5.49333151E-07
   145.242126        -7.24160600E-07
   145.368912        -8.79526738E-07
   145.495712        -1.01493924E-06
   145.622498        -1.13001488E-06
   145.749298        -1.22448716E-06
   145.876083        -1.29821342E-06
   146.002884        -1.35118148E-06
   146.129669        -1.38351174E-06
   146.256470        -1.39546091E-06
   146.383255        -1.38742791E-06
   146.510056        -1.35995094E-06
   146.636841        -1.31371314E-06
   146.763641        -1.24953363E-06
   146.890427        -1.16836998E-06
   147.017212        -1.07130847E-06
   147.144012        -9.59554882E-07
   147.270798        -8.34426487E-07
   147.397598        -6.97337612E-07
   147.524384        -5.49787956E-07
   147.651184        -3.93345061E-07
   147.777969        -2.29632178E-07
   147.904770        -6.03067889E-08
   148.031555         1.12951625E-07
   148.158356         2.88462587E-07
   148.285141         4.64562447E-07
   148.411942         6.39621362E-07
   148.538727         8.12060080E-07
   148.665527         9.80365257E-07
   148.792313         1.14310797E-06
   148.919113         1.29895011E-06
   149.045898         1.44665785E-06
   149.172699         1.58510636E-06
   149.299484         1.71328986E-06
   149.426285         1.83032455E-06
   149.553070         1.93544906E-06
   149.679871         2.02802607E-06
   149.806656         2.10754160E-06
   149.933456         2.17359911E-06
   150.060242         2.22591621E-06
   150.187042         2.26431484E-06
   150.313828         2.28871681E-06
   150.440628         2.29913394E-06
   150.567413         2.29565740E-06
   150.694214         2.27845135E-06
   150.820999         2.24774453E-06
   150.947784         2.20382344E-06
   151.074585         2.14702595E-06
   151.201370         2.07773564E-06
   151.328171         1.99637702E-06
   151.454956         1.90341405E-06
   151.581757         1.79934068E-06
   151.708542         1.68468853E-06
   151.835342         1.56002125E-06
   151.962128         1.42593558E-06
   152.088928         1.28306726E-06
   152.215714         1.13209103E-06
   152.342514         9.73725150E-07
   152.469299         8.08729851E-07
   152.596100         6.37911853E-07
   152.722885         4.62121704E-07
   152.849686         2.82252955E-07
   152.976471         9.92417171E-08
   153.103271        -8.59391918E-08
   153.230057        -2.72283245E-07
   153.356857        -4.58757683E-07
   153.483643        -6.44312365E-07
   153.610443        -8.27890403E-07
   153.737228        -1.00844125E-06
   153.864029        -1.18493540E-06
   153.990814        -1.35637970E-06
   154.117615        -1.52183623E-06
   154.244400        -1.68043391E-06
   154.371201        -1.83138729E-06
   154.497986        -1.97401255E-06
   154.624771        -2.10773692E-06
   154.751572        -2.23211646E-06
   154.878357        -2.34684421E-06
   155.005157        -2.45176238E-06
   155.131943        -2.54686643E-06
   155.258743        -2.63231186E-06
   155.385529        -2.70841019E-06
   155.512329        -2.77562890E-06
   155.639114        -2.83458098E-06
   155.765915        -2.88601609E-06
   155.892700        -2.93080802E-06
   156.019501        -2.96993539E-06
   156.146286        -3.00446777E-06
   156.273087        -3.03554680E-06
   156.399872        -3.06435959E-06
   156.526672        -3.09212260E-06
   156.653458        -3.12005363E-06
   156.780258        -3.14934960E-06
   156.907043        -3.18116304E-06
   157.033844        -3.21658172E-06
   157.160629        -3.25660676E-06
   157.287430        -3.30213743E-06
   157.414215        -3.35395589E-06
   157.541016        -3.41271448E-06
   157.667801        -3.47892956E-06
   157.794601        -3.55297152E-06
   157.921387        -3.63506138E-06
   158.048187        -3.72527188E-06
   158.174973        -3.82352528E-06
   158.301773        -3.92959964E-06
   158.428558        -4.04313732E-06
   158.555344        -4.16365128E-06
   158.682144        -4.29053853E-06
   158.808929        -4.42308647E-06
   158.935730        -4.56049065E-06
   159.062515        -4.70186387E-06
   159.189316        -4.84624434E-06
   159.316101        -4.99260568E-06
   159.442902        -5.13987516E-06
   159.569687        -5.28693499E-06
   159.696487        -5.43263423E-06
   159.823273        -5.57580097E-06
   159.950073        -5.71524606E-06
   160.076859        -5.84977033E-06
   160.203659        -5.97816779E-06
