  -4.50000000         0.00000000    
  -4.37320757         0.00000000    
  -4.24641466         0.00000000    
  -4.11962223         0.00000000    
  -3.99282932         0.00000000    
  -3.86603665         0.00000000    
  -3.73924398         0.00000000    
  -3.61245155         0.00000000    
  -3.48565888         0.00000000    
  -3.35886621         0.00000000    
  -3.23207355         0.00000000    
  -3.10528088         0.00000000    
  -2.97848821         0.00000000    
  -2.85169554         0.00000000    
  -2.72490287         0.00000000    
  -2.59811020         0.00000000    
  -2.47131753         0.00000000    
  -2.34452486         0.00000000    
  -2.21773219         0.00000000    
  -2.09093952         0.00000000    
  -1.96414697         0.00000000    
  -1.83735430         0.00000000    
  -1.71056163         0.00000000    
  -1.58376896         0.00000000    
  -1.45697629         0.00000000    
  -1.33018374         0.00000000    
  -1.20339108         0.00000000    
  -1.07659841         0.00000000    
 -0.949805737         0.00000000    
 -0.823013067         0.00000000    
 -0.696220458         0.00000000    
 -0.569427788         0.00000000    
 -0.442635119         0.00000000    
 -0.315842479         0.00000000    
 -0.189049825         0.00000000    
  -6.22571707E-02     0.00000000    
   6.45354837E-02     0.00000000    
  0.191328138         0.00000000    
  0.318120778         0.00000000    
  0.444913447         0.00000000    
  0.571706116         0.00000000    
  0.698498726         0.00000000    
  0.825291395         0.00000000    
  0.952084064         0.00000000    
   1.07887673         0.00000000    
   1.20566940         0.00000000    
   1.33246195         0.00000000    
   1.45925462         0.00000000    
   1.58604729         0.00000000    
   1.71283996         0.00000000    
   1.83963263         0.00000000    
   1.96642530         0.00000000    
   2.09321785         0.00000000    
   2.22001052         0.00000000    
   2.34680319         0.00000000    
   2.47359586         0.00000000    
   2.60038853         0.00000000    
   2.72718120         0.00000000    
   2.85397387         0.00000000    
   2.98076653         0.00000000    
   3.10755920         0.00000000    
   3.23435187         0.00000000    
   3.36114454         0.00000000    
   3.48793697         0.00000000    
   3.61472964         0.00000000    
   3.74152231         0.00000000    
   3.86831498         0.00000000    
   3.99510765         0.00000000    
   4.12190056         0.00000000    
   4.24869299         0.00000000    
   4.37548542         0.00000000    
   4.50227833         0.00000000    
   4.62907076         0.00000000    
   4.75586367         0.00000000    
   4.88265610         0.00000000    
   5.00944901         0.00000000    
   5.13624144         0.00000000    
   5.26303434         0.00000000    
   5.38982677         0.00000000    
   5.51661968         0.00000000    
   5.64341211         0.00000000    
   5.77020502         0.00000000    
   5.89699745         0.00000000    
   6.02379036         0.00000000    
   6.15058279         0.00000000    
   6.27737522         0.00000000    
   6.40416813         0.00000000    
   6.53096056         0.00000000    
   6.65775347         0.00000000    
   6.78454590         0.00000000    
   6.91133881         0.00000000    
   7.03813124         0.00000000    
   7.16492414         0.00000000    
   7.29171658         0.00000000    
   7.41850948         0.00000000    
   7.54530191         0.00000000    
   7.67209482         0.00000000    
   7.79888725         0.00000000    
   7.92567968         0.00000000    
   8.05247211         0.00000000    
   8.17926502         0.00000000    
   8.30605793         0.00000000    
   8.43285084         0.00000000    
   8.55964279         0.00000000    
   8.68643570         0.00000000    
   8.81322861         0.00000000    
   8.94002151         0.00000000    
   9.06681347         0.00000000    
   9.19360638         0.00000000    
   9.32039928         0.00000000    
   9.44719219         0.00000000    
   9.57398415         0.00000000    
   9.70077705         0.00000000    
   9.82756996         0.00000000    
   9.95436192         0.00000000    
   10.0811548         0.00000000    
   10.2079477         0.00000000    
   10.3347406         0.00000000    
   10.4615326         0.00000000    
   10.5883255         0.00000000    
   10.7151184         0.00000000    
   10.8419113         0.00000000    
   10.9687033         0.00000000    
   11.0954962         0.00000000    
   11.2222891         0.00000000    
   11.3490820         0.00000000    
   11.4758739         0.00000000    
   11.6026669         0.00000000    
   11.7294598         0.00000000    
   11.8562517         0.00000000    
   11.9830446         0.00000000    
   12.1098375         0.00000000    
   12.2366304         0.00000000    
   12.3634224         0.00000000    
   12.4902153         0.00000000    
   12.6170082         0.00000000    
   12.7438011         0.00000000    
   12.8705931         0.00000000    
   12.9973860         0.00000000    
   13.1241789         0.00000000    
   13.2509708         0.00000000    
   13.3777637         0.00000000    
   13.5045567         0.00000000    
   13.6313496         0.00000000    
   13.7581415         0.00000000    
   13.8849344         0.00000000    
   14.0117273         0.00000000    
   14.1385202         0.00000000    
   14.2653122         0.00000000    
   14.3921051         0.00000000    
   14.5188980         0.00000000    
   14.6456909         0.00000000    
   14.7724829         0.00000000    
   14.8992758         0.00000000    
   15.0260687         0.00000000    
   15.1528606         0.00000000    
   15.2796535         0.00000000    
   15.4064465         0.00000000    
   15.5332394         0.00000000    
   15.6600313         0.00000000    
   15.7868242         0.00000000    
   15.9136171         0.00000000    
   16.0404091         0.00000000    
   16.1672020         0.00000000    
   16.2939949         0.00000000    
   16.4207878         0.00000000    
   16.5475807         0.00000000    
   16.6743736         0.00000000    
   16.8011646         0.00000000    
   16.9279575         0.00000000    
   17.0547504         0.00000000    
   17.1815434         0.00000000    
   17.3083363         0.00000000    
   17.4351292         0.00000000    
   17.5619221         0.00000000    
   17.6887150         0.00000000    
   17.8155060         0.00000000    
   17.9422989         0.00000000    
   18.0690918         0.00000000    
   18.1958847         0.00000000    
   18.3226776         0.00000000    
   18.4494705         0.00000000    
   18.5762634         0.00000000    
   18.7030544         0.00000000    
   18.8298473         0.00000000    
   18.9566402         0.00000000    
   19.0834332         0.00000000    
   19.2102261         0.00000000    
   19.3370190         0.00000000    
   19.4638119         0.00000000    
   19.5906048         0.00000000    
   19.7173958        -5.19144166E-35
   19.8441887        -4.28831819E-34
   19.9709816        -1.33867767E-33
   20.0977745        -2.72866273E-33
   20.2245674        -3.55623114E-33
   20.3513603        -3.83598888E-33
   20.4781532        -2.82125165E-33
   20.6049442        -8.69019670E-35
   20.7317371         4.18547143E-33
   20.8585300         9.50092721E-33
   20.9853230         1.52789712E-32
   21.1121159         1.72998385E-32
   21.2389088         1.56448982E-32
   21.3657017         1.06275283E-32
   21.4924946         2.66948118E-33
   21.6192856        -3.06365585E-33
   21.7460785        -1.35988983E-33
   21.8728714         7.15653818E-33
   21.9996643         8.50075123E-33
   22.1264572         6.26203032E-33
   22.2532501        -7.70356329E-33
   22.3800430        -3.58879042E-32
   22.5068340         5.17790744E-32
   22.6336269         8.13445100E-31
   22.7604198         2.19422778E-30
   22.8872128         4.41145050E-30
   23.0140057         6.97296027E-30
   23.1407986         1.01677719E-29
   23.2675915         1.33001111E-29
   23.3943844         1.57448053E-29
   23.5211754         1.56304728E-29
   23.6479683         1.34733695E-29
   23.7747612         9.51695273E-30
   23.9015541         4.57423709E-30
   24.0283470        -1.75071922E-30
   24.1551399        -8.20133117E-30
   24.2819328        -2.05091121E-29
   24.4087238        -3.89919925E-29
   24.5355167        -6.40737272E-29
   24.6623096        -8.57707665E-29
   24.7891026        -9.83003190E-29
   24.9158955        -1.11246781E-28
   25.0426884        -1.13573521E-28
   25.1694813        -1.06122495E-28
   25.2962742        -9.14231241E-29
   25.4230652        -7.56213865E-29
   25.5498581        -6.27231508E-29
   25.6766510        -6.03075110E-29
   25.8034439        -7.30218926E-29
   25.9302368        -1.00415592E-28
   26.0570297        -1.43428613E-28
   26.1838226        -2.00533905E-28
   26.3106136        -2.63480481E-28
   26.4374065        -3.22070544E-28
   26.5641994        -3.60180100E-28
   26.6909924        -3.69363680E-28
   26.8177853        -3.38663586E-28
   26.9445782        -2.61112261E-28
   27.0713711        -1.29204946E-28
   27.1981640         6.15650229E-29
   27.3249550         3.19199272E-28
   27.4517479         6.55217160E-28
   27.5785408         1.08068956E-27
   27.7053337         1.60905833E-27
   27.8321266         2.24840130E-27
   27.9589195         3.00493065E-27
   28.0857124         3.87050096E-27
   28.2125034         4.81364889E-27
   28.3392963         5.78160356E-27
   28.4660892         6.68317027E-27
   28.5928822         7.39887434E-27
   28.7196751         7.76448441E-27
   28.8464680         7.58562946E-27
   28.9732609         6.64155169E-27
   29.1000538         4.69834154E-27
   29.2268448         1.52804563E-27
   29.3536377        -3.06948032E-27
   29.4804306        -9.24246077E-27
   29.6072235        -1.70528385E-26
   29.7340164        -2.64417023E-26
   29.8608093        -3.71903728E-26
   29.9876022        -4.88825857E-26
   30.1143932        -6.08720142E-26
   30.2411861        -7.22560043E-26
   30.3679790        -8.18632701E-26
   30.4947720        -8.82595022E-26
   30.6215649        -8.97782936E-26
   30.7483578        -8.45826092E-26
   30.8751507        -7.07602500E-26
   31.0019417        -4.64578337E-26
   31.1287346        -1.00519823E-26
   31.2555275         3.96428551E-26
   31.3823204         1.03135416E-25
   31.5091133         1.80002355E-25
   31.6359062         2.68622891E-25
   31.7626991         3.65931521E-25
   31.8894920         4.67210168E-25
   32.0162849         5.65947056E-25
   32.1430779         6.53794853E-25
   32.2698708         7.20656780E-25
   32.3966637         7.54932787E-25
   32.5234528         7.43953963E-25
   32.6502457         6.74622506E-25
   32.7770386         5.34268916E-25
   32.9038315         3.11723859E-25
   33.0306244        -1.41830623E-27
   33.1574173        -4.09383582E-25
   33.2842102        -9.10709248E-25
   33.4110031        -1.49673360E-24
   33.5377960        -2.15019087E-24
   33.6645889        -2.84404374E-24
   33.7913818        -3.54070159E-24
   33.9181747        -4.19179031E-24
   34.0449677        -4.73862987E-24
   34.1717606        -5.11356087E-24
   34.2985535        -5.24228640E-24
   34.4253426        -5.04727841E-24
   34.5521355        -4.45232109E-24
   34.6789284        -3.38813984E-24
   34.8057213        -1.79902648E-24
   34.9325142         3.49768304E-25
   35.0593071         3.06418839E-24
   35.1861000         6.31347786E-24
   35.3128929         1.00227839E-23
   35.4396858         1.40668840E-23
   35.5664787         1.82657051E-23
   35.6932716         2.23824546E-23
   35.8200645         2.61249732E-23
   35.9468575         2.91512030E-23
   36.0736504         3.10792422E-23
   36.2004433         3.15024124E-23
   36.3272324         3.00097582E-23
   36.4540253         2.62115949E-23
   36.5808182         1.97699650E-23
   36.7076111         1.04329450E-23
   36.8344040        -1.92839553E-24
   36.9611969        -1.72821454E-23
   37.0879898        -3.53990792E-23
   37.2147827        -5.58201574E-23
   37.3415756        -7.78309544E-23
   37.4683685        -1.00446259E-22
   37.5951614        -1.22408039E-22
   37.7219543        -1.42200105E-22
   37.8487473        -1.58081932E-22
   37.9755402        -1.68144276E-22
   38.1023293        -1.70387872E-22
   38.2291222        -1.62825081E-22
   38.3559151        -1.43604138E-22
   38.4827080        -1.11152710E-22
   38.6095009        -6.43365419E-23
   38.7362938        -2.62700404E-24
   38.8630867         7.37308971E-23
   38.9898796         1.63559757E-22
   39.1166725         2.64611842E-22
   39.2434654         3.73465105E-22
   39.3702583         4.85465506E-22
   39.4970512         5.94730744E-22
   39.6238441         6.94225920E-22
   39.7506371         7.75924748E-22
   39.8774300         8.31061960E-22
   40.0042191         8.50484750E-22
   40.1310120         8.25100494E-22
   40.2578049         7.46417614E-22
   40.3845978         6.07165968E-22
   40.5113907         4.01979056E-22
   40.6381836         1.28110822E-22
   40.7649765        -2.13846636E-22
   40.8917694        -6.19284841E-22
   41.0185623        -1.07898744E-21
   41.1453552        -1.57867703E-21
   41.2721481        -2.09875411E-21
   41.3989410        -2.61428332E-21
   41.5257339        -3.09527653E-21
   41.6525269        -3.50732011E-21
   41.7793198        -3.81258086E-21
   41.9061089        -3.97120930E-21
   42.0329018        -3.94314777E-21
   42.1596947        -3.69031686E-21
   42.2864876        -3.17914812E-21
   42.4132805        -2.38337674E-21
   42.5400734        -1.28700266E-21
   42.6668663         1.12702614E-22
   42.7936592         1.80232619E-21
   42.9204521         3.74973492E-21
   43.0472450         5.90201324E-21
   43.1740379         8.18412175E-21
   43.3008308         1.04984915E-20
   43.4276237         1.27257828E-20
   43.5544167         1.47269798E-20
   43.6812096         1.63469662E-20
   43.8079987         1.74197338E-20
   43.9347916         1.77751727E-20
   44.0615845         1.72474993E-20
   44.1883774         1.56850763E-20
   44.3151703         1.29614573E-20
   44.4419632         8.98725677E-21
   44.5687561         3.72234466E-21
   44.6955490        -2.81217215E-21
   44.8223419        -1.05229305E-20
   44.9491348        -1.92349930E-20
   45.0759277        -2.86851244E-20
   45.2027206        -3.85184472E-20
   45.3295135        -4.82893889E-20
   45.4563065        -5.74676751E-20
   45.5830994        -6.54500520E-20
   45.7098885        -7.15781356E-20
   45.8366814        -7.51627034E-20
   45.9634743        -7.55143133E-20
   46.0902672        -7.19799192E-20
   46.2170601        -6.39843979E-20
   46.3438530        -5.10761410E-20
   46.4706459        -3.29746536E-20
   46.5974388        -9.61817747E-21
   46.7242317         1.87911735E-20
   46.8510246         5.17477470E-20
   46.9778175         8.84111512E-20
   47.1046104         1.27587026E-19
   47.2314034         1.67722566E-19
   47.3581963         2.06920561E-19
   47.4849892         2.42973836E-19
   47.6117783         2.73422509E-19
   47.7385712         2.95635333E-19
   47.8653641         3.06914897E-19
   47.9921570         3.04625830E-19
   48.1189499         2.86343613E-19
   48.2457428         2.50018959E-19
   48.3725357         1.94153533E-19
   48.4993286         1.17978276E-19
   48.6261215         2.16264093E-20
   48.7529144        -9.37091849E-20
   48.8797073        -2.25645514E-19
   49.0065002        -3.70516840E-19
   49.1332932        -5.23332617E-19
   49.2600861        -6.77795826E-19
   49.3868790        -8.26392826E-19
   49.5136681        -9.60560384E-19
   49.6404610        -1.07093854E-18
   49.7672539        -1.14770669E-18
   49.8940468        -1.18100329E-18
   50.0208397        -1.16142093E-18
   50.1476326        -1.08056320E-18
   50.2744255        -9.31648044E-19
   50.4012184        -7.10129438E-19
   50.5280113        -4.14315718E-19
   50.6548042        -4.59450298E-20
   50.7815971         3.89314158E-19
   50.9083900         8.81477885E-19
   51.0351830         1.41601337E-18
   51.1619759         1.97380018E-18
   51.2887688         2.53131288E-18
   51.4155579         3.06105630E-18
   51.5423508         3.53228207E-18
   51.6691437         3.91196501E-18
   51.7959366         4.16608482E-18
   51.9227295         4.26114152E-18
   52.0495224         4.16590449E-18
   52.1763153         3.85333155E-18
   52.3031082         3.30258622E-18
   52.4299011         2.50107364E-18
   52.5566940         1.44639292E-18
   52.6834869         1.48095082E-19
   52.8102798        -1.37087288E-18
   52.9370728        -3.07315196E-18
   53.0638657        -4.90651527E-18
   53.1906586        -6.80406057E-18
   53.3174477        -8.68517723E-18
   53.4442406        -1.04572951E-17
   53.5710335        -1.20185439E-17
   53.6978264        -1.32612281E-17
   53.8246193        -1.40761457E-17
   53.9514122        -1.43576303E-17
   54.0782051        -1.40091755E-17
   54.2049980        -1.29495034E-17
   54.3317909        -1.11187418E-17
   54.4585838        -8.48455036E-18
   54.5853767        -5.04779235E-18
   54.7121696        -8.47457498E-19
   54.8389626         4.03552470E-18
   54.9657555         9.47593542E-18
   55.0925484         1.53036867E-17
   55.2193375         2.13053122E-17
   55.3461304         2.72277632E-17
   55.4729233         3.27846021E-17
   55.5997162         3.76647130E-17
   55.7265091         4.15434125E-17
   55.8533020         4.40957478E-17
   55.9800949         4.50117444E-17
   56.1068878         4.40130462E-17
   56.2336807         4.08703588E-17
   56.3604736         3.54210683E-17
   56.4872665         2.75860797E-17
   56.6140594         1.73851246E-17
   56.7408524         4.94944099E-18
   56.8676453        -9.46896974E-18
   56.9944382        -2.54925319E-17
   57.1212273        -4.26184892E-17
   57.2480202        -6.02251477E-17
   57.3748131        -7.75845321E-17
   57.5016060        -9.38816445E-17
   57.6283989        -1.08240276E-16
   57.7551918        -1.19755027E-16
   57.8819847        -1.27528936E-16
   58.0087776        -1.30715474E-16
   58.1355705        -1.28563733E-16
   58.2623634        -1.20464907E-16
   58.3891563        -1.05998345E-16
   58.5159492        -8.49745901E-17
   58.6427422        -5.74734817E-17
   58.7695351        -2.38745699E-17
   58.8963280         1.51222562E-17
   59.0231171         5.84882868E-17
   59.1499100         1.04871321E-16
   59.2767029         1.52616305E-16
   59.4034958         1.99802446E-16
   59.5302887         2.44296769E-16
   59.6570816         2.83823509E-16
   59.7838745         3.16048533E-16
   59.9106674         3.38676568E-16
   60.0374603         3.49557765E-16
   60.1642532         3.46800567E-16
   60.2910461         3.28886191E-16
   60.4178391         2.94779986E-16
   60.5446320         2.44033104E-16
   60.6714249         1.76870432E-16
   60.7982178         9.42586205E-17
   60.9250069        -2.05215631E-18
   61.0517998        -1.09515722E-16
   61.1785927        -2.24812047E-16
   61.3053856        -3.43906070E-16
   61.4321785        -4.62144723E-16
   61.5589714        -5.74392364E-16
   61.6857643        -6.75202202E-16
   61.8125572        -7.59019554E-16
   61.9393501        -8.20413666E-16
   62.0661430        -8.54326907E-16
   62.1929359        -8.56335487E-16
   62.3197289        -8.22909184E-16
   62.4465218        -7.51660002E-16
   62.5733147        -6.41565518E-16
   62.7001076        -4.93156081E-16
   62.8268967        -3.08653962E-16
   62.9536896        -9.20507497E-17
   63.0804825         1.50883104E-16
   63.2072754         4.12666537E-16
   63.3340683         6.84258149E-16
   63.4608612         9.55288946E-16
   63.5876541         1.21437674E-15
   63.7144470         1.44951721E-15
   63.8412399         1.64853713E-15
   63.9680328         1.79960387E-15
   64.0948257         1.89176465E-15
   64.2216187         1.91550551E-15
   64.3484116         1.86329270E-15
   64.4752045         1.73008936E-15
   64.6019974         1.51380500E-15
   64.7287903         1.21566116E-15
   64.8555832         8.40448537E-16
   64.9823761         3.96652427E-16
   65.1091690        -1.03572694E-16
   65.2359619        -6.44588949E-16
   65.3627548        -1.20762800E-15
   65.4895477        -1.77131530E-15
   65.6163330        -2.31235082E-15
   65.7431259        -2.80633662E-15
   65.8699188        -3.22872908E-15
   65.9967117        -3.55587269E-15
   66.1235046        -3.76609314E-15
   66.2502975        -3.84080441E-15
   66.3770905        -3.76556289E-15
   66.5038834        -3.53104827E-15
   66.6306763        -3.13389633E-15
   66.7574692        -2.57734825E-15
   66.8842621        -1.87166689E-15
   67.0110550        -1.03428070E-15
   67.1378479        -8.96298700E-17
   67.2646408         9.31306161E-16
   67.3914337         1.99180835E-15
   67.5182266         3.05053135E-15
   67.6450195         4.06291720E-15
   67.7718124         4.98285088E-15
   67.8986053         5.76454837E-15
   68.0253983         6.36454881E-15
   68.1521912         6.74380316E-15
   68.2789841         6.86971376E-15
   68.4057770         6.71806776E-15
   68.5325699         6.27476629E-15
   68.6593628         5.53723268E-15
   68.7861557         4.51543820E-15
   68.9129486         3.23246450E-15
   69.0397415         1.72451631E-15
   69.1665344         4.03789142E-17
   69.2933273        -1.75973837E-15
   69.4201126        -3.60595012E-15
   69.5469055        -5.42100790E-15
   69.6736984        -7.12312526E-15
   69.8004913        -8.62923539E-15
   69.9272842        -9.85855972E-15
   70.0540771        -1.07363552E-14
   70.1808701        -1.11977256E-14
   70.3076630        -1.11912627E-14
   70.4344559        -1.06824178E-14
   70.5612488        -9.65638227E-15
   70.6880417        -8.12033207E-15
   70.8148346        -6.10486715E-15
   70.9416275        -3.66457285E-15
   71.0684204        -8.77504375E-16
   71.1952133         2.15635975E-15
   71.3220062         5.31778550E-15
   71.4487991         8.47200321E-15
   71.5755920         1.14734416E-14
   71.7023849         1.41713034E-14
   71.8291779         1.64158492E-14
   71.9559708         1.80651629E-14
   72.0827637         1.89920863E-14
   72.2095566         1.90911723E-14
   72.3363495         1.82851764E-14
   72.4631424         1.65308830E-14
   72.5899353         1.38239953E-14
   72.7167282         1.02026491E-14
   72.8435211         5.74943942E-15
   72.9703140         5.91659766E-16
   73.0971069        -5.10035553E-15
   73.2238922        -1.11169042E-14
   73.3506851        -1.72145792E-14
   73.4774780        -2.31238741E-14
   73.6042709        -2.85585527E-14
   73.7310638        -3.32265004E-14
   73.8578568        -3.68418065E-14
   73.9846497        -3.91375605E-14
   74.1114426        -3.98789752E-14
   74.2382355        -3.88762339E-14
   74.3650284        -3.59966167E-14
   74.4918213        -3.11751798E-14
   74.6186142        -2.44236140E-14
   74.7454071        -1.58366582E-14
   74.8722000        -5.59559663E-15
   74.9989929         6.03148826E-15
   75.1257858         1.86929550E-14
   75.2525787         3.19605589E-14
   75.3793716         4.53400948E-14
   75.5061646         5.82855975E-14
   75.6329575         7.02167748E-14
   75.7597504         8.05393756E-14
   75.8865433         8.86677003E-14
   76.0133362         9.40486770E-14
   76.1401291         9.61866898E-14
   76.2669220         9.46682172E-14
   76.3937149         8.91851629E-14
   76.5205078         7.95561601E-14
   76.6473007         6.57445493E-14
   76.7740936         4.78725166E-14
   76.9008865         2.62298643E-14
   77.0276718         1.27760446E-15
   77.1544647        -2.63551422E-14
   77.2812576        -5.58804373E-14
   77.4080505        -8.63677822E-14
   77.5348434        -1.16766880E-13
   77.6616364        -1.45936608E-13
   77.7884293        -1.72679687E-13
   77.9152222        -1.95782165E-13
   78.0420151        -2.14056244E-13
   78.1688080        -2.26385940E-13
   78.2956009        -2.31773232E-13
   78.4223938        -2.29383461E-13
   78.5491867        -2.18588629E-13
   78.6759796        -1.99006190E-13
   78.8027725        -1.70532195E-13
   78.9295654        -1.33366883E-13
   79.0563583        -8.80317751E-14
   79.1831512        -3.53763039E-14
   79.3099442         2.34261514E-14
   79.4367371         8.68939049E-14
   79.5635300         1.53264323E-13
   79.6903229         2.20532929E-13
   79.8171158         2.86503216E-13
   79.9439087         3.48846819E-13
   80.0707016         4.05172396E-13
   80.1974945         4.53101044E-13
   80.3242874         4.90346587E-13
   80.4510803         5.14799141E-13
   80.5778732         5.24606888E-13
   80.7046585         5.18256174E-13
   80.8314514         4.94645449E-13
   80.9582443         4.53150511E-13
   81.0850372         3.93678498E-13
   81.2118301         3.16708248E-13
   81.3386230         2.23315046E-13
   81.4654160         1.15177196E-13
   81.5922089        -5.43591102E-15
   81.7190018        -1.35695261E-13
   81.8457947        -2.72263955E-13
   81.9725876        -4.11368070E-13
   82.0993805        -5.48885536E-13
   82.2261734        -6.80452060E-13
   82.3529663        -8.01580861E-13
   82.4797592        -9.07793534E-13
   82.6065521        -9.94759071E-13
   82.7333450        -1.05843687E-12
   82.8601379        -1.09521843E-12
   82.9869308        -1.10206657E-12
   83.1137238        -1.07664268E-12
   83.2405167        -1.01742258E-12
   83.3673096        -9.23793594E-13
   83.4941025        -7.96129384E-13
   83.6208954        -6.35840285E-13
   83.7476883        -4.45394616E-13
   83.8744812        -2.28310318E-13
   84.0012741         1.08860547E-14
   84.1280670         2.66732410E-13
   84.2548599         5.32935187E-13
   84.3816528         8.02505794E-13
   84.5084381         1.06792277E-12
   84.6352310         1.32132098E-12
   84.7620239         1.55469940E-12
   84.8888168         1.76014455E-12
   85.0156097         1.93006570E-12
   85.1424026         2.05742845E-12
   85.2691956         2.13599060E-12
   85.3959885         2.16052176E-12
   85.5227814         2.12701016E-12
   85.6495743         2.03284199E-12
   85.7763672         1.87695085E-12
   85.9031601         1.65993033E-12
   86.0299530         1.38410550E-12
   86.1567459         1.05355741E-12
   86.2835388         6.74100695E-13
   86.4103317         2.53209346E-13
   86.5371246        -2.00106641E-13
   86.6639175        -6.75474975E-13
   86.7907104        -1.16137937E-12
   86.9175034        -1.64542273E-12
   87.0442963        -2.11462185E-12
   87.1710892        -2.55573796E-12
   87.2978821        -2.95562359E-12
   87.4246750        -3.30158275E-12
   87.5514679        -3.58173560E-12
   87.6782608        -3.78537696E-12
   87.8050537        -3.90330997E-12
   87.9318466        -3.92815901E-12
   88.0586395        -3.85463926E-12
   88.1854324        -3.67978738E-12
   88.3122177        -3.40312674E-12
   88.4390106        -3.02677653E-12
   88.5658035        -2.55550073E-12
   88.6925964        -1.99667604E-12
   88.8193893        -1.36019635E-12
   88.9461823        -6.58306471E-13
   89.0729752         9.46336854E-14
   89.1997681         8.82445321E-13
   89.3265610         1.68748251E-12
   89.4533539         2.49103472E-12
   89.5801468         3.27376147E-12
   89.7069397         4.01615286E-12
   89.8337326         4.69901592E-12
   89.9605255         5.30394175E-12
   90.0873184         5.81377611E-12
   90.2141113         6.21306478E-12
   90.3409042         6.48845127E-12
   90.4676971         6.62904280E-12
   90.5944901         6.62670830E-12
   90.7212830         6.47631471E-12
   90.8480759         6.17588966E-12
   90.9748688         5.72672031E-12
   91.1016617         5.13336205E-12
   91.2284546         4.40357776E-12
   91.3552475         3.54820860E-12
   91.4820404         2.58096691E-12
   91.6088333         1.51817610E-12
   91.7356262         3.78453535E-13
   91.8624191        -8.17649984E-13
   91.9892120        -2.04804316E-12
   92.1159973        -3.28951146E-12
   92.2427902        -4.51814454E-12
   92.3695831        -5.70976903E-12
   92.4963760        -6.84036812E-12
   92.6231689        -7.88649441E-12
   92.7499619        -8.82564681E-12
   92.8767548        -9.63664044E-12
   93.0035477        -1.02999137E-11
   93.1303406        -1.07978375E-11
   93.2571335        -1.11149692E-11
   93.3839264        -1.12382768E-11
   93.5107193        -1.11573467E-11
   93.6375122        -1.08645402E-11
   93.7643051        -1.03551646E-11
   93.8910980        -9.62759299E-12
   94.0178909        -8.68338821E-12
   94.1446838        -7.52741012E-12
   94.2714767        -6.16791340E-12
   94.3982697        -4.61663520E-12
   94.5250626        -2.88886710E-12
   94.6518555        -1.00351379E-12
   94.7786484         1.01687268E-12
   94.9054413         3.14609428E-12
   95.0322342         5.35434544E-12
   95.1590271         7.60831589E-12
   95.2858200         9.87134593E-12
   95.4126129         1.21036757E-11
   95.5394058         1.42627958E-11
   95.6661987         1.63038558E-11
   95.7929916         1.81802507E-11
   95.9197769         1.98442894E-11
   96.0465698         2.12479912E-11
   96.1733627         2.23439930E-11
   96.3001556         2.30865951E-11
   96.4269485         2.34328980E-11
   96.5537415         2.33439813E-11
   96.6805344         2.27861827E-11
   96.8073273         2.17324422E-11
   96.9341202         2.01635045E-11
   97.0609131         1.80692215E-11
   97.1877060         1.54496606E-11
   97.3144989         1.23161533E-11
   97.4412918         8.69210173E-12
   97.5680847         4.61359510E-12
   97.6948776         1.29760392E-13
   97.8216705        -4.69719879E-12
   97.9484634        -9.79229284E-12
   98.0752563        -1.50683910E-11
   98.2020493        -2.04272189E-11
   98.3288422        -2.57607685E-11
   98.4556351        -3.09530214E-11
   98.5824280        -3.58820786E-11
   98.7092209        -4.04225056E-11
   98.8360138        -4.44480841E-11
   98.9628067        -4.78346807E-11
   99.0895996        -5.04632655E-11
   99.2163925        -5.22230835E-11
   99.3431854        -5.30148009E-11
   99.4699783        -5.27534821E-11
   99.5967712        -5.13716292E-11
   99.7235565        -4.88217036E-11
   99.8503494        -4.50785034E-11
   99.9771423        -4.01410780E-11
   100.103935        -3.40342303E-11
   100.230728        -2.68093880E-11
   100.357521        -1.85450093E-11
   100.484314        -9.34635789E-12
   100.611107         6.55331312E-13
   100.737900         1.13043169E-11
   100.864693         2.24223608E-11
   100.991486         3.38113669E-11
   101.118279         4.52564652E-11
   101.245071         5.65296317E-11
   101.371864         6.73936323E-11
   101.498657         7.76063797E-11
   101.625450         8.69253072E-11
   101.752243         9.51122722E-11
   101.879036         1.01938111E-10
   102.005829         1.07187419E-10
   102.132622         1.10663145E-10
   102.259415         1.12190993E-10
   102.386208         1.11623558E-10
   102.513000         1.08844198E-10
   102.639793         1.03770374E-10
   102.766586         9.63568184E-11
   102.893379         8.65979372E-11
   103.020172         7.45299586E-11
   103.146965         6.02324232E-11
   103.273758         4.38291417E-11
   103.400551         2.54886754E-11
   103.527336         5.42408393E-12
   103.654129        -1.61077783E-11
   103.780922        -3.88076897E-11
   103.907715        -6.23360322E-11
   104.034508        -8.63156144E-11
   104.161301        -1.10335047E-10
   104.288094        -1.33952738E-10
   104.414886        -1.56702012E-10
   104.541679        -1.78096593E-10
   104.668472        -1.97637406E-10
   104.795265        -2.14819398E-10
   104.922058        -2.29140262E-10
   105.048851        -2.40108933E-10
   105.175644        -2.47255660E-10
   105.302437        -2.50141963E-10
   105.429230        -2.48372212E-10
   105.556023        -2.41604570E-10
   105.682816        -2.29562910E-10
   105.809608        -2.12048726E-10
   105.936401        -1.88952395E-10
   106.063194        -1.60264677E-10
   106.189987        -1.26086599E-10
   106.316780        -8.66389183E-11
   106.443573        -4.22694137E-11
   106.570366         6.54139286E-12
   106.697159         5.91768648E-11
   106.823952         1.14883818E-10
   106.950745         1.72774989E-10
   107.077538         2.31834843E-10
   107.204330         2.90929031E-10
   107.331116         3.48818141E-10
   107.457909         4.04174277E-10
   107.584702         4.55603083E-10
   107.711494         5.01668207E-10
   107.838287         5.40920420E-10
   107.965080         5.71929337E-10
   108.091873         5.93317895E-10
   108.218666         6.03799843E-10
   108.345459         6.02217831E-10
   108.472252         5.87582150E-10
   108.599045         5.59109703E-10
   108.725838         5.16260923E-10
   108.852631         4.58774629E-10
   108.979424         3.86699173E-10
   109.106216         3.00418967E-10
   109.233009         2.00674907E-10
   109.359802         8.85778673E-11
   109.486595        -3.43852342E-11
   109.613388        -1.66354597E-10
   109.740181        -3.05109743E-10
   109.866974        -4.48091814E-10
   109.993767        -5.92435878E-10
   110.120560        -7.35013272E-10
   110.247353        -8.72484029E-10
   110.374146        -1.00135877E-09
   110.500938        -1.11806864E-09
   110.627731        -1.21904331E-09
   110.754524        -1.30079469E-09
   110.881317        -1.36000489E-09
   111.008102        -1.39361811E-09
   111.134895        -1.39893075E-09
   111.261688        -1.37368128E-09
   111.388481        -1.31613720E-09
   111.515274        -1.22517263E-09
   111.642067        -1.10033971E-09
   111.768860        -9.41927758E-10
   111.895653        -7.51009921E-10
   112.022446        -5.29472910E-10
   112.149239        -2.80031803E-10
   112.276031        -6.22527767E-12
   112.402824         2.87608742E-10
   112.529617         5.96377170E-10
   112.656410         9.14296638E-10
   112.783203         1.23497779E-09
   112.909996         1.55152990E-09
   113.036789         1.85668214E-09
   113.163582         2.14292251E-09
   113.290375         2.40265008E-09
   113.417168         2.62833821E-09
   113.543961         2.81270629E-09
   113.670753         2.94889757E-09
   113.797546         3.03065528E-09
   113.924339         3.05249848E-09
   114.051132         3.00988878E-09
   114.177925         2.89938673E-09
   114.304718         2.71879808E-09
   114.431511         2.46728993E-09
   114.558304         2.14549445E-09
   114.685097         1.75558523E-09
   114.811882         1.30131839E-09
   114.938675         7.88050902E-10
   115.065468         2.22719274E-10
   115.192261        -3.86210341E-10
   115.319054        -1.02883213E-09
   115.445847        -1.69391956E-09
   115.572639        -2.36908404E-09
   115.699432        -3.04095993E-09
   115.826225        -3.69542374E-09
   115.953018        -4.31783631E-09
   116.079811        -4.89331109E-09
   116.206604        -5.40700151E-09
   116.333397        -5.84439519E-09
   116.460190        -6.19163210E-09
   116.586983        -6.43580389E-09
   116.713776        -6.56527543E-09
   116.840569        -6.56997434E-09
   116.967361        -6.44168185E-09
   117.094154        -6.17429974E-09
   117.220947        -5.76407233E-09
   117.347740        -5.20981303E-09
   117.474533        -4.51305260E-09
   117.601326        -3.67816821E-09
   117.728119        -2.71246647E-09
   117.854912        -1.62619951E-09
   117.981705        -4.32546304E-10
   118.108498         8.52473092E-10
   118.235291         2.21013430E-09
   118.362083         3.61919872E-09
   118.488876         5.05617059E-09
   118.615662         6.49558984E-09
   118.742455         7.91039412E-09
   118.869247         9.27231092E-09
   118.996040         1.05523084E-08
   119.122833         1.17210543E-08
   119.249626         1.27494522E-08
   119.376419         1.36091431E-08
   119.503212         1.42730663E-08
   119.630005         1.47160106E-08
   119.756798         1.49151553E-08
   119.883591         1.48506007E-08
   120.010384         1.45059005E-08
   120.137177         1.38685277E-08
   120.263969         1.29303226E-08
   120.390762         1.16878880E-08
   120.517555         1.01429096E-08
   120.644348         8.30244229E-09
   120.771141         6.17908213E-09
   120.897934         3.79108211E-09
   121.024727         1.16237564E-09
   121.151520        -1.67749803E-09
   121.278313        -4.69356420E-09
   121.405106        -7.84567611E-09
   121.531898        -1.10888871E-08
   121.658691        -1.43739110E-08
   121.785484        -1.76476878E-08
   121.912277        -2.08540420E-08
   122.039070        -2.39344082E-08
   122.165863        -2.68286762E-08
   122.292656        -2.94760785E-08
   122.419441        -3.18161142E-08
   122.546234        -3.37896005E-08
   122.673027        -3.53396707E-08
   122.799820        -3.64128212E-08
   122.926613        -3.69600102E-08
   123.053406        -3.69376387E-08
   123.180199        -3.63086379E-08
   123.306992        -3.50433425E-08
   123.433784        -3.31204397E-08
   123.560577        -3.05277581E-08
   123.687370        -2.72629546E-08
   123.814163        -2.33341009E-08
   123.940956        -1.87601046E-08
   124.067749        -1.35710208E-08
   124.194542        -7.80815324E-09
   124.321335        -1.52400703E-09
   124.448128         5.21794385E-09
   124.574921         1.23436577E-08
   124.701714         1.97691694E-08
   124.828506         2.74013221E-08
   124.955299         3.51387897E-08
   125.082092         4.28731610E-08
   125.208885         5.04902857E-08
   125.335678         5.78716524E-08
   125.462471         6.48960281E-08
   125.589264         7.14410078E-08
   125.716057         7.73849109E-08
   125.842850         8.26084090E-08
   125.969643         8.69964794E-08
   126.096436         9.04401602E-08
   126.223221         9.28383557E-08
   126.350014         9.40995477E-08
   126.476807         9.41435303E-08
   126.603600         9.29028232E-08
   126.730392         9.03241215E-08
   126.857185         8.63695391E-08
   126.983978         8.10177028E-08
   127.110771         7.42645199E-08
   127.237564         6.61239383E-08
   127.364357         5.66283553E-08
   127.491150         4.58288305E-08
   127.617943         3.37951178E-08
   127.744736         2.06155111E-08
   127.871529         6.39637365E-09
   127.998322        -8.73841266E-09
   128.125107        -2.46482390E-08
   128.251907        -4.11766941E-08
   128.378693        -5.81525974E-08
   128.505493        -7.53912488E-08
   128.632278        -9.26957213E-08
   128.759079        -1.09858114E-07
   128.885864        -1.26661135E-07
   129.012665        -1.42879344E-07
   129.139450        -1.58280827E-07
   129.266251        -1.72628333E-07
   129.393036        -1.85680960E-07
   129.519836        -1.97195448E-07
   129.646622        -2.06927254E-07
   129.773422        -2.14632067E-07
   129.900208        -2.20066909E-07
   130.027008        -2.22991119E-07
   130.153793        -2.23167348E-07
   130.280594        -2.20362637E-07
   130.407379        -2.14349313E-07
   130.534180        -2.04905533E-07
   130.660965        -1.91816127E-07
   130.787766        -1.74873279E-07
   130.914551        -1.53877068E-07
   131.041351        -1.28636017E-07
   131.168137        -9.89676323E-08
   131.294937        -6.46986962E-08
   131.421722        -2.56656953E-08
   131.548523         1.82847710E-08
   131.675308         6.72959644E-08
   131.802109         1.21500577E-07
   131.928894         1.81020752E-07
   132.055679         2.45968209E-07
   132.182480         3.16444016E-07
   132.309265         3.92539022E-07
   132.436066         4.74334030E-07
   132.562851         5.61900322E-07
   132.689651         6.55300482E-07
   132.816437         7.54588029E-07
   132.943237         8.59809916E-07
   133.070023         9.71005875E-07
   133.196823         1.08821064E-06
   133.323608         1.21145422E-06
   133.450409         1.34076447E-06
   133.577194         1.47616549E-06
   133.703995         1.61768344E-06
   133.830780         1.76534354E-06
   133.957581         1.91917366E-06
   134.084366         2.07920448E-06
   134.211166         2.24547034E-06
   134.337952         2.41801081E-06
   134.464752         2.59687113E-06
   134.591537         2.78209836E-06
   134.718338         2.97374663E-06
   134.845123         3.17187369E-06
   134.971924         3.37653864E-06
   135.098709         3.58780130E-06
   135.225510         3.80571873E-06
   135.352295         4.03034301E-06
   135.479095         4.26172073E-06
   135.605881         4.49988056E-06
   135.732666         4.74483795E-06
   135.859467         4.99658472E-06
   135.986252         5.25508540E-06
   136.113052         5.52027177E-06
   136.239838         5.79203515E-06
   136.366638         6.07022321E-06
   136.493423         6.35463357E-06
   136.620224         6.64500431E-06
   136.747009         6.94101254E-06
   136.873810         7.24227220E-06
   137.000595         7.54832263E-06
   137.127396         7.85863085E-06
   137.254181         8.17258569E-06
   137.380981         8.48950003E-06
   137.507767         8.80860625E-06
   137.634567         9.12905853E-06
   137.761353         9.44993644E-06
   137.888153         9.77024956E-06
   138.014938         1.00889374E-05
   138.141739         1.04048831E-05
   138.268524         1.07169135E-05
   138.395325         1.10238116E-05
   138.522110         1.13243304E-05
   138.648911         1.16171977E-05
   138.775696         1.19011293E-05
   138.902496         1.21748453E-05
   139.029282         1.24370818E-05
   139.156082         1.26865971E-05
   139.282867         1.29221944E-05
   139.409653         1.31427341E-05
   139.536453         1.33471467E-05
   139.663239         1.35344335E-05
   139.790039         1.37036886E-05
   139.916824         1.38541118E-05
   140.043625         1.39850099E-05
   140.170410         1.40958055E-05
   140.297211         1.41860446E-05
   140.423996         1.42554009E-05
   140.550797         1.43036777E-05
   140.677582         1.43308034E-05
   140.804382         1.43368434E-05
   140.931168         1.43219868E-05
   141.057968         1.42865410E-05
   141.184753         1.42309273E-05
   141.311554         1.41556829E-05
   141.438339         1.40614420E-05
   141.565140         1.39489293E-05
   141.691925         1.38189562E-05
   141.818726         1.36724002E-05
   141.945511         1.35102055E-05
   142.072311         1.33333579E-05
   142.199097         1.31428942E-05
   142.325897         1.29398732E-05
   142.452682         1.27253779E-05
   142.579483         1.25004972E-05
   142.706268         1.22663296E-05
   142.833069         1.20239611E-05
   142.959854         1.17744703E-05
   143.086655         1.15189250E-05
   143.213440         1.12583639E-05
   143.340225         1.09938046E-05
   143.467026         1.07262358E-05
   143.593811         1.04566225E-05
   143.720612         1.01858950E-05
   143.847397         9.91495472E-06
   143.974197         9.64466471E-06
   144.100983         9.37586447E-06
   144.227783         9.10935614E-06
   144.354568         8.84590918E-06
   144.481369         8.58625936E-06
   144.608154         8.33110789E-06
   144.734955         8.08112236E-06
   144.861740         7.83693213E-06
   144.988541         7.59912609E-06
   145.115326         7.36825768E-06
   145.242126         7.14483167E-06
   145.368912         6.92930871E-06
   145.495712         6.72210172E-06
   145.622498         6.52357039E-06
   145.749298         6.33402078E-06
   145.876083         6.15369891E-06
   146.002884         5.98279576E-06
   146.129669         5.82143321E-06
   146.256470         5.66967992E-06
   146.383255         5.52753227E-06
   146.510056         5.39492976E-06
   146.636841         5.27174961E-06
   146.763641         5.15781176E-06
   146.890427         5.05288199E-06
   147.017212         4.95667609E-06
   147.144012         4.86886620E-06
   147.270798         4.78908714E-06
   147.397598         4.71694284E-06
   147.524384         4.65201492E-06
   147.651184         4.59386774E-06
   147.777969         4.54206156E-06
   147.904770         4.49615118E-06
   148.031555         4.45570458E-06
   148.158356         4.42029568E-06
   148.285141         4.38952156E-06
   148.411942         4.36300206E-06
   148.538727         4.34037929E-06
   148.665527         4.32132720E-06
   148.792313         4.30554428E-06
   148.919113         4.29275860E-06
   149.045898         4.28271733E-06
   149.172699         4.27519035E-06
   149.299484         4.26995803E-06
   149.426285         4.26680890E-06
   149.553070         4.26552924E-06
   149.679871         4.26589577E-06
   149.806656         4.26766610E-06
   149.933456         4.27057284E-06
   150.060242         4.27431087E-06
   150.187042         4.27853638E-06
   150.313828         4.28285375E-06
   150.440628         4.28681460E-06
   150.567413         4.28991598E-06
   150.694214         4.29159491E-06
   150.820999         4.29123293E-06
   150.947784         4.28815883E-06
   151.074585         4.28165185E-06
   151.201370         4.27095301E-06
   151.328171         4.25527242E-06
   151.454956         4.23379925E-06
   151.581757         4.20572269E-06
   151.708542         4.17023648E-06
   151.835342         4.12656118E-06
   151.962128         4.07396237E-06
   152.088928         4.01175930E-06
   152.215714         3.93934761E-06
   152.342514         3.85621206E-06
   152.469299         3.76194112E-06
   152.596100         3.65623532E-06
   152.722885         3.53892347E-06
   152.849686         3.40996348E-06
   152.976471         3.26944973E-06
   153.103271         3.11761642E-06
   153.230057         2.95482846E-06
   153.356857         2.78158495E-06
   153.483643         2.59850685E-06
   153.610443         2.40632630E-06
   153.737228         2.20587299E-06
   153.864029         1.99805845E-06
   153.990814         1.78385778E-06
   154.117615         1.56429132E-06
   154.244400         1.34040317E-06
   154.371201         1.11324050E-06
   154.497986         8.83836208E-07
   154.624771         6.53184202E-07
   154.751572         4.22226520E-07
   154.878357         1.91832527E-07
   155.005157        -3.72110875E-08
   155.131943        -2.64216425E-07
   155.258743        -4.88598573E-07
   155.385529        -7.09883409E-07
   155.512329        -9.27709834E-07
   155.639114        -1.14182728E-06
   155.765915        -1.35209336E-06
   155.892700        -1.55846897E-06
   156.019501        -1.76100184E-06
   156.146286        -1.95982420E-06
   156.273087        -2.15513523E-06
   156.399872        -2.34718459E-06
   156.526672        -2.53626445E-06
   156.653458        -2.72268653E-06
   156.780258        -2.90677121E-06
   156.907043        -3.08883546E-06
   157.033844        -3.26917643E-06
   157.160629        -3.44806404E-06
   157.287430        -3.62572928E-06
   157.414215        -3.80235929E-06
   157.541016        -3.97809390E-06
   157.667801        -4.15302520E-06
   157.794601        -4.32719662E-06
   157.921387        -4.50060543E-06
   158.048187        -4.67321297E-06
   158.174973        -4.84494922E-06
   158.301773        -5.01571549E-06
   158.428558        -5.18540719E-06
   158.555344        -5.35391337E-06
   158.682144        -5.52112760E-06
   158.808929        -5.68695896E-06
   158.935730        -5.85134330E-06
   159.062515        -6.01424472E-06
   159.189316        -6.17566002E-06
   159.316101        -6.33562013E-06
   159.442902        -6.49419781E-06
   159.569687        -6.65149719E-06
   159.696487        -6.80764924E-06
   159.823273        -6.96280540E-06
   159.950073        -7.11713528E-06
   160.076859        -7.27079987E-06
   160.203659        -7.42395196E-06
