  -4.50000000         0.00000000    
  -4.37320757         0.00000000    
  -4.24641466         0.00000000    
  -4.11962223         0.00000000    
  -3.99282932         0.00000000    
  -3.86603665         0.00000000    
  -3.73924398         1.19176936E-32
  -3.61245155         1.53530494E-31
  -3.48565888         3.22151609E-31
  -3.35886621        -5.37631196E-31
  -3.23207355        -7.16262525E-30
  -3.10528088        -4.25682187E-29
  -2.97848821        -1.65281153E-28
  -2.85169554        -4.14554109E-28
  -2.72490287        -5.66559141E-28
  -2.59811020         2.27342163E-28
  -2.47131753         3.63332500E-27
  -2.34452486         1.14208586E-26
  -2.21773219         2.27765668E-26
  -2.09093952         2.94382059E-26
  -1.96414697         1.11001727E-26
  -1.83735430        -6.19805979E-26
  -1.71056163        -2.08130547E-25
  -1.58376896        -3.85371815E-25
  -1.45697629        -4.18028043E-25
  -1.33018374         6.80545003E-26
  -1.20339108         1.62750465E-24
  -1.07659841         4.78832732E-24
 -0.949805737         9.56274781E-24
 -0.823013067         1.46841740E-23
 -0.696220458         1.67903474E-23
 -0.569427788         1.00652672E-23
 -0.442635119        -1.28869446E-23
 -0.315842479        -5.81309897E-23
 -0.189049825        -1.25077948E-22
  -6.22571707E-02    -1.99439713E-22
   6.45354837E-02    -2.46799766E-22
  0.191328138        -2.10979044E-22
  0.318120778        -2.25901001E-23
  0.444913447         3.77372478E-22
  0.571706116         9.97467333E-22
  0.698498726         1.74463620E-21
  0.825291395         2.37678656E-21
  0.952084064         2.48368411E-21
   1.07887673         1.52636603E-21
   1.20566940        -1.03834573E-21
   1.33246195        -5.53908653E-21
   1.45925462        -1.18003623E-20
   1.58604729        -1.88490082E-20
   1.71283996        -2.47267033E-20
   1.83963263        -2.65439916E-20
   1.96642530        -2.08995728E-20
   2.09321785        -4.72417227E-21
   2.22001052         2.35115879E-20
   2.34680319         6.24450277E-20
   2.47359586         1.06705007E-19
   2.60038853         1.46516589E-19
   2.72718120         1.68502468E-19
   2.85397387         1.57985112E-19
   2.98076653         1.02751238E-19
   3.10755920        -2.22983942E-21
   3.23435187        -1.50137133E-19
   3.36114454        -3.19054367E-19
   3.48793697        -4.71619042E-19
   3.61472964        -5.58718990E-19
   3.74152231        -5.27641297E-19
   3.86831498        -3.33978231E-19
   3.99510765         4.46280419E-20
   4.12190056         5.95849214E-19
   4.24869299         1.26458266E-18
   4.37548542         1.95254267E-18
   4.50227833         2.52747228E-18
   4.62907076         2.84200709E-18
   4.75586367         2.75997166E-18
   4.88265610         2.18586778E-18
   5.00944901         1.09203175E-18
   5.13624144        -4.62206709E-19
   5.26303434        -2.32395525E-18
   5.38982677        -4.25537152E-18
   5.51661968        -5.95761120E-18
   5.64341211        -7.10800023E-18
   5.77020502        -7.40667778E-18
   5.89699745        -6.62801751E-18
   6.02379036        -4.67169566E-18
   6.15058279        -1.60782260E-18
   6.27737522         2.29027245E-18
   6.40416813         6.53318828E-18
   6.53096056         1.04310536E-17
   6.65775347         1.31455510E-17
   6.78454590         1.37830384E-17
   6.91133881         1.15264715E-17
   7.03813124         5.79363877E-18
   7.16492414        -3.60234138E-18
   7.29171658        -1.63236169E-17
   7.41850948        -3.14457342E-17
   7.54530191        -4.74929190E-17
   7.67209482        -6.25821955E-17
   7.79888725        -7.46615471E-17
   7.92567968        -8.17976805E-17
   8.05247211        -8.24459255E-17
   8.17926502        -7.56269727E-17
   8.30605793        -6.09496586E-17
   8.43285084        -3.84577542E-17
   8.55964279        -8.33480503E-18
   8.68643570         2.94382463E-17
   8.81322861         7.53305708E-17
   8.94002151         1.30257891E-16
   9.06681347         1.95203256E-16
   9.19360638         2.70419345E-16
   9.32039928         3.54292388E-16
   9.44719219         4.42087645E-16
   9.57398415         5.24919976E-16
   9.70077705         5.89365366E-16
   9.82756996         6.18113558E-16
   9.95436192         5.91944052E-16
   10.0811548         4.93082178E-16
   10.2079477         3.09690519E-16
   10.3347406         4.09120719E-17
   10.4615326        -2.98421222E-16
   10.5883255        -6.74507159E-16
   10.7151184        -1.03384744E-15
   10.8419113        -1.30602877E-15
   10.9687033        -1.41056640E-15
   11.0954962        -1.26776056E-15
   11.2222891        -8.12797464E-16
   11.3490820        -1.15711806E-17
   11.4758739         1.12393289E-15
   11.6026669         2.52325927E-15
   11.7294598         4.05072374E-15
   11.8562517         5.50652858E-15
   11.9830446         6.63722693E-15
   12.1098375         7.15589951E-15
   12.2366304         6.77107720E-15
   12.3634224         5.22212075E-15
   12.4902153         2.31763927E-15
   12.6170082        -2.02721412E-15
   12.7438011        -7.75894546E-15
   12.8705931        -1.46634329E-14
   12.9973860        -2.23563115E-14
   13.1241789        -3.02878924E-14
   13.2509708        -3.77631276E-14
   13.3777637        -4.39757483E-14
   13.5045567        -4.80546118E-14
   13.6313496        -4.91197354E-14
   13.7581415        -4.63452281E-14
   13.8849344        -3.90264569E-14
   14.0117273        -2.66492218E-14
   14.1385202        -8.95877356E-15
   14.2653122         1.39734881E-14
   14.3921051         4.16886171E-14
   14.5188980         7.32881637E-14
   14.6456909         1.07397638E-13
   14.7724829         1.42153230E-13
   14.8992758         1.75221206E-13
   15.0260687         2.03859865E-13
   15.1528606         2.25033154E-13
   15.2796535         2.35582197E-13
   15.4064465         2.32455168E-13
   15.5332394         2.12989931E-13
   15.6600313         1.75233797E-13
   15.7868242         1.18276930E-13
   15.9136171         4.25664820E-14
   16.0404091        -4.98369825E-14
   16.1672020        -1.55101978E-13
   16.2939949        -2.67606629E-13
   16.4207878        -3.80088891E-13
   16.5475807        -4.83985681E-13
   16.6743736        -5.69963673E-13
   16.8011646        -6.28623943E-13
   16.9279575        -6.51343833E-13
   17.0547504        -6.31198436E-13
   17.1815434        -5.63889159E-13
   17.3083363        -4.48595398E-13
   17.4351292        -2.88659911E-13
   17.5619221        -9.20202432E-14
   17.6887150         1.28694635E-13
   17.8155060         3.56468164E-13
   17.9422989         5.70646991E-13
   18.0690918         7.48158588E-13
   18.1958847         8.65184552E-13
   18.3226776         8.99239938E-13
   18.4494705         8.31566207E-13
   18.5762634         6.49698340E-13
   18.7030544         3.50020360E-13
   18.8298473        -5.99244775E-14
   18.9566402        -5.59630684E-13
   19.0834332        -1.11462109E-12
   19.2102261        -1.67650225E-12
   19.3370190        -2.18432325E-12
   19.4638119        -2.56740180E-12
   19.5906048        -2.74967527E-12
   19.7173958        -2.65550169E-12
   19.8441887        -2.21667996E-12
   19.9709816        -1.38030071E-12
   20.0977745        -1.16894111E-13
   20.2245674         1.57177982E-12
   20.3513603         3.64603400E-12
   20.4781532         6.02340530E-12
   20.6049442         8.57637485E-12
   20.7317371         1.11332835E-11
   20.8585300         1.34829188E-11
   20.9853230         1.53830212E-11
   21.1121159         1.65727675E-11
   21.2389088         1.67889400E-11
   21.3657017         1.57852776E-11
   21.4924946         1.33541225E-11
   21.6192856         9.34929217E-12
   21.7460785         3.70873124E-12
   21.8728714        -3.52465865E-12
   21.9996643        -1.21857628E-11
   22.1264572        -2.19754735E-11
   22.2532501        -3.24561523E-11
   22.3800430        -4.30559789E-11
   22.5068340        -5.30834578E-11
   22.6336269        -6.17529014E-11
   22.7604198        -6.82209705E-11
   22.8872128        -7.16337198E-11
   23.0140057        -7.11824835E-11
   23.1407986        -6.61661975E-11
   23.2675915        -5.60568883E-11
   23.3943844        -4.05642429E-11
   23.5211754        -1.96945463E-11
   23.6479683         6.20089093E-12
   23.7747612         3.63926320E-11
   23.9015541         6.97599964E-11
   24.0283470         1.04801466E-10
   24.1551399         1.39671469E-10
   24.2819328         1.72244399E-10
   24.4087238         2.00205630E-10
   24.5355167         2.21167126E-10
   24.6623096         2.32803180E-10
   24.7891026         2.33000702E-10
   24.9158955         2.20015992E-10
   25.0426884         1.92629343E-10
   25.1694813         1.50287602E-10
   25.2962742         9.32247612E-11
   25.4230652         2.25505673E-11
   25.5498581        -5.97017921E-11
   25.6766510        -1.50576079E-10
   25.8034439        -2.46247189E-10
   25.9302368        -3.42131629E-10
   26.0570297        -4.33054065E-10
   26.1838226        -5.13466214E-10
   26.3106136        -5.77711656E-10
   26.4374065        -6.20325458E-10
   26.5641994        -6.36356912E-10
   26.6909924        -6.21697582E-10
   26.8177853        -5.73399328E-10
   26.9445782        -4.89961904E-10
   27.0713711        -3.71571995E-10
   27.1981640        -2.20275756E-10
   27.3249550        -4.00678449E-11
   27.4517479         1.63115563E-10
   27.5785408         3.81510046E-10
   27.7053337         6.05746953E-10
   27.8321266         8.25187141E-10
   27.9589195         1.02835784E-09
   28.0857124         1.20347932E-09
   28.2125034         1.33906053E-09
   28.3392963         1.42453938E-09
   28.4660892         1.45093415E-09
   28.5928822         1.41147372E-09
   28.7196751         1.30216593E-09
   28.8464680         1.12226517E-09
   28.9732609         8.74606665E-10
   29.1000538         5.65770097E-10
   29.2268448         2.06047568E-10
   29.3536377        -1.90797614E-10
   29.4804306        -6.07992490E-10
   29.6072235        -1.02642639E-09
   29.7340164        -1.42551559E-09
   29.8608093        -1.78422477E-09
   29.9876022        -2.08220019E-09
   30.1143932        -2.30095920E-09
   30.2411861        -2.42506437E-09
   30.3679790        -2.44321785E-09
   30.4947720        -2.34919839E-09
   30.6215649        -2.14257057E-09
   30.7483578        -1.82911075E-09
   30.8751507        -1.42089396E-09
   31.0019417        -9.36012601E-10
   31.1287346        -3.97916006E-10
   31.2555275         1.65627886E-10
   31.3823204         7.23899274E-10
   31.5091133         1.24487720E-09
   31.6359062         1.69709358E-09
   31.7626991         2.05158179E-09
   31.8894920         2.28382335E-09
   32.0162849         2.37556197E-09
   32.1430779         2.31637065E-09
   32.2698708         2.10485585E-09
   32.3966637         1.74940173E-09
   32.5234528         1.26837518E-09
   32.6502457         6.89740209E-10
   32.7770386         5.00670061E-11
   32.9038315        -6.07051132E-10
   33.0306244        -1.23311406E-09
   33.1574173        -1.77728243E-09
   33.2842102        -2.18927587E-09
   33.4110031        -2.42243980E-09
   33.5377960        -2.43685250E-09
   33.6645889        -2.20225149E-09
   33.7913818        -1.70064396E-09
   33.9181747        -9.28412236E-10
   34.0449677         1.02216756E-10
   34.1717606         1.36246570E-09
   34.2985535         2.80713652E-09
   34.4253426         4.37561631E-09
   34.5521355         5.99375838E-09
   34.6789284         7.57657226E-09
   34.8057213         9.03163588E-09
   34.9325142         1.02630882E-08
   35.0593071         1.11760263E-08
   35.1861000         1.16811059E-08
   35.3128929         1.16991350E-08
   35.4396858         1.11654348E-08
   35.5664787         1.00337578E-08
   35.6932716         8.27955748E-09
   35.8200645         5.90244831E-09
   35.9468575         2.92771651E-09
   36.0736504        -5.93218308E-10
   36.2004433        -4.58339455E-09
   36.3272324        -8.94202312E-09
   36.4540253        -1.35471900E-08
   36.5808182        -1.82594988E-08
   36.7076111        -2.29264874E-08
   36.8344040        -2.73876530E-08
   36.9611969        -3.14799102E-08
   37.0879898        -3.50431861E-08
   37.2147827        -3.79260641E-08
   37.3415756        -3.99911393E-08
   37.4683685        -4.11199821E-08
   37.5951614        -4.12174614E-08
   37.7219543        -4.02153333E-08
   37.8487473        -3.80749725E-08
   37.9755402        -3.47891458E-08
   38.1023293        -3.03828251E-08
   38.2291222        -2.49130068E-08
   38.3559151        -1.84676097E-08
   38.4827080        -1.11634666E-08
   38.6095009        -3.14355852E-09
   38.7362938         5.42645884E-09
   38.8630867         1.43622572E-08
   38.9898796         2.34652937E-08
   39.1166725         3.25275273E-08
   39.2434654         4.13363068E-08
   39.3702583         4.96792687E-08
   39.4970512         5.73492258E-08
   39.6238441         6.41487645E-08
   39.7506371         6.98947105E-08
   39.8774300         7.44221467E-08
   40.0042191         7.75881475E-08
   40.1310120         7.92750328E-08
   40.2578049         7.93932529E-08
   40.3845978         7.78837048E-08
   40.5113907         7.47196722E-08
   40.6381836         6.99082250E-08
   40.7649765         6.34910933E-08
   40.8917694         5.55449979E-08
   41.0185623         4.61813876E-08
   41.1453552         3.55455185E-08
   41.2721481         2.38147742E-08
   41.3989410         1.11962084E-08
   41.5257339        -2.07681716E-09
   41.6525269        -1.57490359E-08
   41.7793198        -2.95487244E-08
   41.9061089        -4.31943654E-08
   42.0329018        -5.64024774E-08
   42.1596947        -6.88967887E-08
   42.2864876        -8.04185945E-08
   42.4132805        -9.07383750E-08
   42.5400734        -9.96685188E-08
   42.6668663        -1.07076950E-07
   42.7936592        -1.12901624E-07
   42.9204521        -1.17165420E-07
   43.0472450        -1.19991327E-07
   43.1740379        -1.21617362E-07
   43.3008308        -1.22411038E-07
   43.4276237        -1.22882909E-07
   43.5544167        -1.23698470E-07
   43.6812096        -1.25688587E-07
   43.8079987        -1.29857241E-07
   43.9347916        -1.37386792E-07
   44.0615845        -1.49640073E-07
   44.1883774        -1.68158749E-07
   44.3151703        -1.94658014E-07
   44.4419632        -2.31016912E-07
   44.5687561        -2.79264327E-07
   44.6955490        -3.41560053E-07
   44.8223419        -4.20171745E-07
   44.9491348        -5.17446210E-07
   45.0759277        -6.35776246E-07
   45.2027206        -7.77563343E-07
   45.3295135        -9.45175316E-07
   45.4563065        -1.14089983E-06
   45.5830994        -1.36689539E-06
   45.7098885        -1.62513857E-06
   45.8366814        -1.91736945E-06
   45.9634743        -2.24503583E-06
   46.0902672        -2.60923775E-06
   46.2170601        -3.01067280E-06
   46.3438530        -3.44958539E-06
   46.4706459        -3.92571792E-06
   46.5974388        -4.43826866E-06
   46.7242317        -4.98585860E-06
   46.8510246        -5.56650548E-06
   46.9778175        -6.17760907E-06
   47.1046104        -6.81594656E-06
   47.2314034        -7.47768763E-06
   47.3581963        -8.15841395E-06
   47.4849892        -8.85316422E-06
   47.6117783        -9.55649193E-06
   47.7385712        -1.02625327E-05
   47.8653641        -1.09650973E-05
   47.9921570        -1.16577676E-05
   48.1189499        -1.23340187E-05
   48.2457428        -1.29873433E-05
   48.3725357        -1.36113804E-05
   48.4993286        -1.42000654E-05
   48.6261215        -1.47477658E-05
   48.7529144        -1.52494204E-05
   48.8797073        -1.57006780E-05
   49.0065002        -1.60980235E-05
   49.1332932        -1.64388839E-05
   49.2600861        -1.67217295E-05
   49.3868790        -1.69461364E-05
   49.5136681        -1.71128522E-05
   49.6404610        -1.72238015E-05
   49.7672539        -1.72820874E-05
   49.8940468        -1.72919645E-05
   50.0208397        -1.72587534E-05
   50.1476326        -1.71887641E-05
   50.2744255        -1.70891635E-05
   50.4012184        -1.69678333E-05
   50.5280113        -1.68332008E-05
   50.6548042        -1.66940481E-05
   50.7815971        -1.65593137E-05
   50.9083900        -1.64378907E-05
   51.0351830        -1.63384047E-05
   51.1619759        -1.62690230E-05
   51.2887688        -1.62372489E-05
   51.4155579        -1.62497417E-05
   51.5423508        -1.63121531E-05
   51.6691437        -1.64289959E-05
   51.7959366        -1.66035279E-05
   51.9227295        -1.68376737E-05
   52.0495224        -1.71319844E-05
   52.1763153        -1.74856177E-05
   52.3031082        -1.78963637E-05
   52.4299011        -1.83607044E-05
   52.5566940        -1.88738904E-05
   52.6834869        -1.94300574E-05
   52.8102798        -2.00223658E-05
   52.9370728        -2.06431578E-05
   53.0638657        -2.12841205E-05
   53.1906586        -2.19364865E-05
   53.3174477        -2.25912099E-05
   53.4442406        -2.32391540E-05
   53.5710335        -2.38712946E-05
   53.6978264        -2.44788735E-05
   53.8246193        -2.50535850E-05
   53.9514122        -2.55877148E-05
   54.0782051        -2.60742763E-05
   54.2049980        -2.65071230E-05
   54.3317909        -2.68810581E-05
   54.4585838        -2.71918889E-05
   54.5853767        -2.74364902E-05
   54.7121696        -2.76128394E-05
   54.8389626        -2.77200306E-05
   54.9657555        -2.77582749E-05
   55.0925484        -2.77288764E-05
   55.2193375        -2.76342034E-05
   55.3461304        -2.74776485E-05
   55.4729233        -2.72635552E-05
   55.5997162        -2.69971642E-05
   55.7265091        -2.66845236E-05
   55.8533020        -2.63324127E-05
   55.9800949        -2.59482313E-05
   56.1068878        -2.55399118E-05
   56.2336807        -2.51157908E-05
   56.3604736        -2.46845011E-05
   56.4872665        -2.42548449E-05
   56.6140594        -2.38356606E-05
   56.7408524        -2.34356867E-05
   56.8676453        -2.30634250E-05
   56.9944382        -2.27269975E-05
   57.1212273        -2.24340074E-05
   57.2480202        -2.21914142E-05
   57.3748131        -2.20053917E-05
   57.5016060        -2.18812147E-05
   57.6283989        -2.18231635E-05
   57.7551918        -2.18344194E-05
   57.8819847        -2.19170161E-05
   58.0087776        -2.20717757E-05
   58.1355705        -2.22983090E-05
   58.2623634        -2.25950098E-05
   58.3891563        -2.29590951E-05
   58.5159492        -2.33866649E-05
   58.6427422        -2.38728007E-05
   58.7695351        -2.44116745E-05
   58.8963280        -2.49966834E-05
   59.0231171        -2.56206113E-05
   59.1499100        -2.62757894E-05
   59.2767029        -2.69542852E-05
   59.4034958        -2.76480623E-05
   59.5302887        -2.83491645E-05
   59.6570816        -2.90498738E-05
   59.7838745        -2.97428560E-05
   59.9106674        -3.04212772E-05
   60.0374603        -3.10789073E-05
   60.1642532        -3.17101658E-05
   60.2910461        -3.23101813E-05
   60.4178391        -3.28747701E-05
   60.5446320        -3.34003926E-05
   60.6714249        -3.38841128E-05
   60.7982178        -3.43234788E-05
   60.9250069        -3.47164241E-05
   61.0517998        -3.50611444E-05
   61.1785927        -3.53559408E-05
   61.3053856        -3.55991178E-05
   61.4321785        -3.57888275E-05
   61.5589714        -3.59229780E-05
   61.6857643        -3.59991500E-05
   61.8125572        -3.60145459E-05
   61.9393501        -3.59659898E-05
   62.0661430        -3.58499346E-05
   62.1929359        -3.56625642E-05
   62.3197289        -3.53998912E-05
   62.4465218        -3.50579321E-05
   62.5733147        -3.46329107E-05
   62.7001076        -3.41214691E-05
   62.8268967        -3.35209479E-05
   62.9536896        -3.28296301E-05
   63.0804825        -3.20470390E-05
   63.2072754        -3.11741824E-05
   63.3340683        -3.02137942E-05
   63.4608612        -2.91705564E-05
   63.5876541        -2.80512504E-05
   63.7144470        -2.68648691E-05
   63.8412399        -2.56226595E-05
   63.9680328        -2.43381091E-05
   64.0948257        -2.30268361E-05
   64.2216187        -2.17064226E-05
   64.3484116        -2.03961699E-05
   64.4752045        -1.91167801E-05
   64.6019974        -1.78899827E-05
   64.7287903        -1.67381004E-05
   64.8555832        -1.56835831E-05
   64.9823761        -1.47485071E-05
   65.1091690        -1.39540653E-05
   65.2359619        -1.33200629E-05
   65.3627548        -1.28644297E-05
   65.4895477        -1.26027735E-05
   65.6163330        -1.25479728E-05
   65.7431259        -1.27098519E-05
   65.8699188        -1.30949120E-05
   65.9967117        -1.37061588E-05
   66.1235046        -1.45430176E-05
   66.2502975        -1.56013357E-05
   66.3770905        -1.68734859E-05
   66.5038834        -1.83485554E-05
   66.6306763        -2.00126124E-05
   66.7574692        -2.18490513E-05
   66.8842621        -2.38389966E-05
   67.0110550        -2.59617627E-05
   67.1378479        -2.81953216E-05
   67.2646408        -3.05168087E-05
   67.3914337        -3.29030227E-05
   67.5182266        -3.53308860E-05
   67.6450195        -3.77779106E-05
   67.7718124        -4.02225633E-05
   67.8986053        -4.26446204E-05
   68.0253983        -4.50254265E-05
   68.1521912        -4.73480759E-05
   68.2789841        -4.95975291E-05
   68.4057770        -5.17606277E-05
   68.5325699        -5.38260683E-05
   68.6593628        -5.57842577E-05
   68.7861557        -5.76271523E-05
   68.9129486        -5.93480181E-05
   69.0397415        -6.09411873E-05
   69.1665344        -6.24017484E-05
   69.2933273        -6.37252597E-05
   69.4201126        -6.49074937E-05
   69.5469055        -6.59441503E-05
   69.6736984        -6.68306748E-05
   69.8004913        -6.75620831E-05
   69.9272842        -6.81328456E-05
   70.0540771        -6.85368941E-05
   70.1808701        -6.87676511E-05
   70.3076630        -6.88181462E-05
   70.4344559        -6.86812054E-05
   70.5612488        -6.83497274E-05
   70.6880417        -6.78169963E-05
   70.8148346        -6.70770241E-05
   70.9416275        -6.61249651E-05
   71.0684204        -6.49575231E-05
   71.1952133        -6.35733668E-05
   71.3220062        -6.19735292E-05
   71.4487991        -6.01617903E-05
   71.5755920        -5.81449713E-05
   71.7023849        -5.59332038E-05
   71.8291779        -5.35401086E-05
   71.9559708        -5.09829151E-05
   72.0827637        -4.82824507E-05
   72.2095566        -4.54630717E-05
   72.3363495        -4.25524813E-05
   72.4631424        -3.95814750E-05
   72.5899353        -3.65835767E-05
   72.7167282        -3.35946243E-05
   72.8435211        -3.06522743E-05
   72.9703140        -2.77954532E-05
   73.0971069        -2.50637713E-05
   73.2238922        -2.24969190E-05
   73.3506851        -2.01340354E-05
   73.4774780        -1.80130937E-05
   73.6042709        -1.61702919E-05
   73.7310638        -1.46394868E-05
   73.8578568        -1.34516476E-05
   73.9846497        -1.26343712E-05
   74.1114426        -1.22114443E-05
   74.2382355        -1.22024712E-05
   74.3650284        -1.26225495E-05
   74.4918213        -1.34820302E-05
   74.6186142        -1.47863220E-05
   74.7454071        -1.65357706E-05
   74.8722000        -1.87255973E-05
   74.9989929        -2.13458843E-05
   75.1257858        -2.43816376E-05
   75.2525787        -2.78128955E-05
   75.3793716        -3.16148835E-05
   75.5061646        -3.57582212E-05
   75.6329575        -4.02092046E-05
   75.7597504        -4.49300896E-05
   75.8865433        -4.98794507E-05
   76.0133362        -5.50125878E-05
   76.1401291        -6.02819600E-05
   76.2669220        -6.56376433E-05
   76.3937149        -7.10278764E-05
   76.5205078        -7.63995340E-05
   76.6473007        -8.16987304E-05
   76.7740936        -8.68713905E-05
   76.9008865        -9.18637743E-05
   77.0276718        -9.66231019E-05
   77.1544647        -1.01098070E-04
   77.2812576        -1.05239422E-04
   77.4080505        -1.09000401E-04
   77.5348434        -1.12337235E-04
   77.6616364        -1.15209514E-04
   77.7884293        -1.17580566E-04
   77.9152222        -1.19417695E-04
   78.0420151        -1.20692450E-04
   78.1688080        -1.21380726E-04
   78.2956009        -1.21462894E-04
   78.4223938        -1.20923818E-04
   78.5491867        -1.19752833E-04
   78.6759796        -1.17943680E-04
   78.8027725        -1.15494433E-04
   78.9295654        -1.12407353E-04
   79.0563583        -1.08688793E-04
   79.1831512        -1.04349027E-04
   79.3099442        -9.94021830E-05
   79.4367371        -9.38660960E-05
   79.5635300        -8.77622442E-05
   79.6903229        -8.11156933E-05
   79.8171158        -7.39550233E-05
   79.9439087        -6.63123064E-05
   80.0707016        -5.82231223E-05
   80.1974945        -4.97265137E-05
   80.3242874        -4.08649466E-05
   80.4510803        -3.16842779E-05
   80.5778732        -2.22336457E-05
   80.7046585        -1.25653078E-05
   80.8314514        -2.73443607E-06
   80.9582443         7.20119624E-06
   81.0850372         1.71816082E-05
   81.2118301         2.71450990E-05
   81.3386230         3.70288399E-05
   81.4654160         4.67695754E-05
   81.5922089         5.63043832E-05
   81.7190018         6.55715485E-05
   81.8457947         7.45114739E-05
   81.9725876         8.30676654E-05
   82.0993805         9.11876705E-05
   82.2261734         9.88240427E-05
   82.3529663         1.05935324E-04
   82.4797592         1.12486799E-04
   82.6065521         1.18451309E-04
   82.7333450         1.23809819E-04
   82.8601379         1.28551896E-04
   82.9869308         1.32675865E-04
   83.1137238         1.36189046E-04
   83.2405167         1.39107418E-04
   83.3673096         1.41455355E-04
   83.4941025         1.43264944E-04
   83.6208954         1.44575257E-04
   83.7476883         1.45431346E-04
   83.8744812         1.45883037E-04
   84.0012741         1.45983679E-04
   84.1280670         1.45788727E-04
   84.2548599         1.45354308E-04
   84.3816528         1.44735750E-04
   84.5084381         1.43986137E-04
   84.6352310         1.43154961E-04
   84.7620239         1.42286910E-04
   84.8888168         1.41420722E-04
   85.0156097         1.40588309E-04
   85.1424026         1.39814088E-04
   85.2691956         1.39114534E-04
   85.3959885         1.38497970E-04
   85.5227814         1.37964671E-04
   85.6495743         1.37507071E-04
   85.7763672         1.37110415E-04
   85.9031601         1.36753442E-04
   86.0299530         1.36409391E-04
   86.1567459         1.36047049E-04
   86.2835388         1.35631970E-04
   86.4103317         1.35127819E-04
   86.5371246         1.34497648E-04
   86.6639175         1.33705267E-04
   86.7907104         1.32716479E-04
   86.9175034         1.31500303E-04
   87.0442963         1.30030036E-04
   87.1710892         1.28284155E-04
   87.2978821         1.26247163E-04
   87.4246750         1.23910082E-04
   87.5514679         1.21270910E-04
   87.6782608         1.18334727E-04
   87.8050537         1.15113762E-04
   87.9318466         1.11627174E-04
   88.0586395         1.07900683E-04
   88.1854324         1.03966042E-04
   88.3122177         9.98603427E-05
   88.4390106         9.56252989E-05
   88.5658035         9.13062831E-05
   88.6925964         8.69514479E-05
   88.8193893         8.26106698E-05
   88.9461823         7.83346040E-05
   89.0729752         7.41736148E-05
   89.1997681         7.01768076E-05
   89.3265610         6.63910978E-05
   89.4533539         6.28603157E-05
   89.5801468         5.96244245E-05
   89.7069397         5.67188108E-05
   89.8337326         5.41736954E-05
   89.9605255         5.20136564E-05
   90.0873184         5.02572875E-05
   90.2141113         4.89169470E-05
   90.3409042         4.79987139E-05
   90.4676971         4.75024171E-05
   90.5944901         4.74218032E-05
   90.7212830         4.77448411E-05
   90.8480759         4.84541270E-05
   90.9748688         4.95274035E-05
   91.1016617         5.09381534E-05
   91.2284546         5.26562653E-05
   91.3552475         5.46487317E-05
   91.4820404         5.68804426E-05
   91.6088333         5.93149089E-05
   91.7356262         6.19150087E-05
   91.8624191         6.46437329E-05
   91.9892120         6.74648327E-05
   92.1159973         7.03433980E-05
   92.2427902         7.32464250E-05
   92.3695831         7.61431947E-05
   92.4963760         7.90056292E-05
   92.6231689         8.18084809E-05
   92.7499619         8.45294489E-05
   92.8767548         8.71492011E-05
   93.0035477         8.96512647E-05
   93.1303406         9.20218954E-05
   93.2571335         9.42497718E-05
   93.3839264         9.63257771E-05
   93.5107193         9.82425991E-05
   93.6375122         9.99944168E-05
   93.7643051         1.01576537E-04
   93.8910980         1.02985068E-04
   94.0178909         1.04216575E-04
   94.1446838         1.05267900E-04
   94.2714767         1.06135885E-04
   94.3982697         1.06817301E-04
   94.5250626         1.07308755E-04
   94.6518555         1.07606713E-04
   94.7786484         1.07707572E-04
   94.9054413         1.07607804E-04
   95.0322342         1.07304128E-04
   95.1590271         1.06793741E-04
   95.2858200         1.06074585E-04
   95.4126129         1.05145591E-04
   95.5394058         1.04006911E-04
   95.6661987         1.02660197E-04
   95.7929916         1.01108708E-04
   95.9197769         9.93575377E-05
   96.0465698         9.74136346E-05
   96.1733627         9.52858391E-05
   96.3001556         9.29847738E-05
   96.4269485         9.05227353E-05
   96.5537415         8.79134677E-05
   96.6805344         8.51718723E-05
   96.8073273         8.23137016E-05
   96.9341202         7.93551444E-05
   97.0609131         7.63124626E-05
   97.1877060         7.32016051E-05
   97.3144989         7.00377714E-05
   97.4412918         6.68351131E-05
   97.5680847         6.36064069E-05
   97.6948776         6.03628177E-05
   97.8216705         5.71137607E-05
   97.9484634         5.38668173E-05
   98.0752563         5.06277756E-05
   98.2020493         4.74007538E-05
   98.3288422         4.41884076E-05
   98.4556351         4.09922395E-05
   98.5824280         3.78129553E-05
   98.7092209         3.46508750E-05
   98.8360138         3.15063953E-05
   98.9628067         2.83804256E-05
   99.0895996         2.52748305E-05
   99.2163925         2.21928294E-05
   99.3431854         1.91393283E-05
   99.4699783         1.61211647E-05
   99.5967712         1.31472734E-05
   99.7235565         1.02287122E-05
   99.8503494         7.37859000E-06
   99.9771423         4.61186255E-06
   100.103935         1.94501672E-06
   100.230728        -6.04371678E-07
   100.357521        -3.01815771E-06
   100.484314        -5.27822385E-06
   100.611107        -7.36714765E-06
   100.737900        -9.26886241E-06
   100.864693        -1.09693428E-05
   100.991486        -1.24572489E-05
   101.118279        -1.37245152E-05
   101.245071        -1.47668388E-05
   101.371864        -1.55840644E-05
   101.498657        -1.61804546E-05
   101.625450        -1.65647889E-05
   101.752243        -1.67503240E-05
   101.879036        -1.67545932E-05
   102.005829        -1.65990696E-05
   102.132622        -1.63086479E-05
   102.259415        -1.59110368E-05
   102.386208        -1.54360296E-05
   102.513000        -1.49146872E-05
   102.639793        -1.43784800E-05
   102.766586        -1.38583882E-05
   102.893379        -1.33840158E-05
   103.020172        -1.29827486E-05
   103.146965        -1.26789528E-05
   103.273758        -1.24932767E-05
   103.400551        -1.24420631E-05
   103.527336        -1.25368797E-05
   103.654129        -1.27841922E-05
   103.780922        -1.31851839E-05
   103.907715        -1.37357320E-05
   104.034508        -1.44265168E-05
   104.161301        -1.52432704E-05
   104.288094        -1.61671614E-05
   104.414886        -1.71752799E-05
   104.541679        -1.82412205E-05
   104.668472        -1.93357373E-05
   104.795265        -2.04274675E-05
   104.922058        -2.14836800E-05
   105.048851        -2.24710493E-05
   105.175644        -2.33564442E-05
   105.302437        -2.41076941E-05
   105.429230        -2.46943509E-05
   105.556023        -2.50884004E-05
   105.682816        -2.52649643E-05
   105.809608        -2.52029367E-05
   105.936401        -2.48855722E-05
   106.063194        -2.43010400E-05
   106.189987        -2.34428917E-05
   106.316780        -2.23104835E-05
   106.443573        -2.09093178E-05
   106.570366        -1.92513089E-05
   106.697159        -1.73549470E-05
   106.823952        -1.52453731E-05
   106.950745        -1.29543250E-05
   107.077538        -1.05199642E-05
   107.204330        -7.98656038E-06
   107.331116        -5.40401970E-06
   107.457909        -2.82725318E-06
   107.584702        -3.15379111E-07
   107.711494         2.06924005E-06
   107.838287         4.26212955E-06
   107.965080         6.19797584E-06
   108.091873         7.81204471E-06
   108.218666         9.04169974E-06
   108.345459         9.82800611E-06
   108.472252         1.01173637E-05
   108.599045         9.86314444E-06
   108.725838         9.02726606E-06
   108.852631         7.58165925E-06
   108.979424         5.50957884E-06
   109.106216         2.80669656E-06
   109.233009        -5.18064439E-07
   109.359802        -4.44200487E-06
   109.486595        -8.92847129E-06
   109.613388        -1.39270396E-05
   109.740181        -1.93740852E-05
   109.866974        -2.51937490E-05
   109.993767        -3.12992561E-05
   110.120560        -3.75946220E-05
   110.247353        -4.39766300E-05
   110.374146        -5.03370939E-05
   110.500938        -5.65653318E-05
   110.627731        -6.25507382E-05
   110.754524        -6.81854217E-05
   110.881317        -7.33667766E-05
   111.008102        -7.79999973E-05
   111.134895        -8.20003115E-05
   111.261688        -8.52949815E-05
   111.388481        -8.78249484E-05
   111.515274        -8.95460616E-05
   111.642067        -9.04298649E-05
   111.768860        -9.04639091E-05
   111.895653        -8.96516140E-05
   112.022446        -8.80116131E-05
   112.149239        -8.55767066E-05
   112.276031        -8.23923911E-05
   112.402824        -7.85150551E-05
   112.529617        -7.40099640E-05
   112.656410        -6.89489825E-05
   112.783203        -6.34082826E-05
   112.909996        -5.74660371E-05
   113.036789        -5.12001934E-05
   113.163582        -4.46864397E-05
   113.290375        -3.79964513E-05
   113.417168        -3.11964359E-05
   113.543961        -2.43460709E-05
   113.670753        -1.74978268E-05
   113.797546        -1.06967318E-05
   113.924339        -3.98053453E-06
   114.051132         2.61974606E-06
   114.177925         9.07892900E-06
   114.304718         1.53764995E-05
   114.431511         2.14952270E-05
   114.558304         2.74196718E-05
   114.685097         3.31346309E-05
   114.811882         3.86236679E-05
   114.938675         4.38677635E-05
   115.065468         4.88441983E-05
   115.192261         5.35257495E-05
   115.319054         5.78802101E-05
   115.445847         6.18703198E-05
   115.572639         6.54540927E-05
   115.699432         6.85855848E-05
   115.826225         7.12160327E-05
   115.953018         7.32953267E-05
   116.079811         7.47738159E-05
   116.206604         7.56043300E-05
   116.333397         7.57442540E-05
   116.460190         7.51577536E-05
   116.586983         7.38178496E-05
   116.713776         7.17083458E-05
   116.840569         6.88255241E-05
   116.967361         6.51794617E-05
   117.094154         6.07949223E-05
   117.220947         5.57118328E-05
   117.347740         4.99851521E-05
   117.474533         4.36843220E-05
   117.601326         3.68921137E-05
   117.728119         2.97030547E-05
   117.854912         2.22213930E-05
   117.981705         1.45586982E-05
   118.108498         6.83120834E-06
   118.235291        -8.43011605E-07
   118.362083        -8.34698221E-06
   118.488876        -1.55676753E-05
   118.615662        -2.23987463E-05
   118.742455        -2.87430066E-05
   118.869247        -3.45145636E-05
   118.996040        -3.96405703E-05
   119.122833        -4.40624863E-05
   119.249626        -4.77368594E-05
   119.376419        -5.06355900E-05
   119.503212        -5.27457014E-05
   119.630005        -5.40686160E-05
   119.756798        -5.46190422E-05
   119.883591        -5.44235045E-05
   120.010384        -5.35185791E-05
   120.137177        -5.19489586E-05
   120.263969        -4.97654692E-05
   120.390762        -4.70230189E-05
   120.517555        -4.37787203E-05
   120.644348        -4.00901699E-05
   120.771141        -3.60139456E-05
   120.897934        -3.16044679E-05
   121.024727        -2.69131669E-05
   121.151520        -2.19879912E-05
   121.278313        -1.68733113E-05
   121.405106        -1.16101137E-05
   121.531898        -6.23651840E-06
   121.658691        -7.88503598E-07
   121.785484         4.69917632E-06
   121.912277         1.01920014E-05
   122.039070         1.56546648E-05
   122.165863         2.10501294E-05
   122.292656         2.63388156E-05
   122.419441         3.14779973E-05
   122.546234         3.64214648E-05
   122.673027         4.11194815E-05
   122.799820         4.55190639E-05
   122.926613         4.95645945E-05
   123.053406         5.31987462E-05
   123.180199         5.63636968E-05
   123.306992         5.90025738E-05
   123.433784         6.10611023E-05
   123.560577         6.24893510E-05
   123.687370         6.32435331E-05
   123.814163         6.32877345E-05
   123.940956         6.25955799E-05
   124.067749         6.11516589E-05
   124.194542         5.89527008E-05
   124.321335         5.60084372E-05
   124.448128         5.23421149E-05
   124.574921         4.79906012E-05
   124.701714         4.30040782E-05
   124.828506         3.74453484E-05
   124.955299         3.13887358E-05
   125.082092         2.49186614E-05
   125.208885         1.81278720E-05
   125.335678         1.11154714E-05
   125.462471         3.98472275E-06
   125.589264        -3.15923808E-06
   125.716057        -1.02117265E-05
   125.842850        -1.70708008E-05
   125.969643        -2.36394480E-05
   126.096436        -2.98275845E-05
   126.223221        -3.55538432E-05
   126.350014        -4.07470652E-05
   126.476807        -4.53474968E-05
   126.603600        -4.93076150E-05
   126.730392        -5.25926625E-05
   126.857185        -5.51807752E-05
   126.983978        -5.70628254E-05
   127.110771        -5.82419379E-05
   127.237564        -5.87327304E-05
   127.364357        -5.85603339E-05
   127.491150        -5.77592327E-05
   127.617943        -5.63719441E-05
   127.744736        -5.44476643E-05
   127.871529        -5.20408212E-05
   127.998322        -4.92096769E-05
   128.125107        -4.60149786E-05
   128.251907        -4.25186809E-05
   128.378693        -3.87828040E-05
   128.505493        -3.48684043E-05
   128.632278        -3.08347371E-05
   128.759079        -2.67385312E-05
   128.885864        -2.26334359E-05
   129.012665        -1.85696263E-05
   129.139450        -1.45935164E-05
   129.266251        -1.07476162E-05
   129.393036        -7.07045547E-06
   129.519836        -3.59660385E-06
   129.646622        -3.56726332E-07
   129.773422         2.62231993E-06
   129.900208         5.31737987E-06
   130.027008         7.70890165E-06
   130.153793         9.78084609E-06
   130.280594         1.15206267E-05
   130.407379         1.29190767E-05
   130.534180         1.39704307E-05
   130.660965         1.46723496E-05
   130.787766         1.50259430E-05
   130.914551         1.50358110E-05
   131.041351         1.47100773E-05
   131.168137         1.40604034E-05
   131.294937         1.31019824E-05
   131.421722         1.18534845E-05
   131.548523         1.03369584E-05
   131.675308         8.57767191E-06
   131.802109         6.60389514E-06
   131.928894         4.44661646E-06
   132.055679         2.13919361E-06
   132.182480        -2.83053311E-07
   132.309265        -2.78330526E-06
   132.436066        -5.32375179E-06
   132.562851        -7.86613691E-06
   132.689651        -1.03723241E-05
   132.816437        -1.28048850E-05
   132.943237        -1.51276718E-05
   133.070023        -1.73063872E-05
   133.196823        -1.93091237E-05
   133.323608        -2.11068600E-05
   133.450409        -2.26739066E-05
   133.577194        -2.39882884E-05
   133.703995        -2.50320736E-05
   133.830780        -2.57915981E-05
   133.957581        -2.62576377E-05
   134.084366        -2.64254722E-05
   134.211166        -2.62948925E-05
   134.337952        -2.58701039E-05
   134.464752        -2.51595575E-05
   134.591537        -2.41757007E-05
   134.718338        -2.29346697E-05
   134.845123        -2.14559132E-05
   134.971924        -1.97617683E-05
   135.098709        -1.78769842E-05
   135.225510        -1.58282346E-05
   135.352295        -1.36435901E-05
   135.479095        -1.13520091E-05
   135.605881        -8.98281178E-06
   135.732666        -6.56519660E-06
   135.859467        -4.12777217E-06
   135.986252        -1.69814109E-06
   136.113052         6.97465964E-07
   136.239838         3.03449337E-06
   136.366638         5.29029603E-06
   136.493423         7.44430099E-06
   136.620224         9.47810076E-06
   136.747009         1.13754622E-05
   136.873810         1.31222760E-05
   137.000595         1.47064293E-05
   137.127396         1.61176358E-05
   137.254181         1.73472090E-05
   137.380981         1.83878183E-05
   137.507767         1.92332100E-05
   137.634567         1.98779562E-05
   137.761353         2.03171967E-05
   137.888153         2.05464275E-05
   138.014938         2.05613487E-05
   138.141739         2.03577601E-05
   138.268524         1.99315491E-05
   138.395325         1.92787484E-05
   138.522110         1.83957109E-05
   138.648911         1.72793316E-05
   138.775696         1.59273932E-05
   138.902496         1.43389743E-05
   139.029282         1.25149145E-05
   139.156082         1.04583332E-05
   139.282867         8.17517412E-06
   139.409653         5.67474081E-06
   139.536453         2.97021165E-06
   139.663239         7.90963028E-08
   139.790039        -2.97639576E-06
   139.916824        -6.16909483E-06
   140.043625        -9.46675209E-06
   140.170410        -1.28320717E-05
   140.297211        -1.62229280E-05
   140.423996        -1.95927496E-05
   140.550797        -2.28911122E-05
   140.677582        -2.60644920E-05
   140.804382        -2.90571988E-05
   140.931168        -3.18124621E-05
   141.057968        -3.42736348E-05
   141.184753        -3.63854851E-05
   141.311554        -3.80955753E-05
   141.438339        -3.93556074E-05
   141.565140        -4.01227735E-05
   141.691925        -4.03610320E-05
   141.818726        -4.00422468E-05
   141.945511        -3.91472131E-05
   142.072311        -3.76664648E-05
   142.199097        -3.56008641E-05
   142.325897        -3.29619907E-05
   142.452682        -2.97722327E-05
   142.579483        -2.60646448E-05
   142.706268        -2.18825571E-05
   142.833069        -1.72789096E-05
   142.959854        -1.23153841E-05
   143.086655        -7.06132596E-06
   143.213440        -1.59248577E-06
   143.340225         4.01036596E-06
   143.467026         9.66292828E-06
   143.593811         1.52789125E-05
   143.720612         2.07716093E-05
   143.847397         2.60554352E-05
   143.974197         3.10474243E-05
   144.100983         3.56686360E-05
   144.227783         3.98454686E-05
   144.354568         4.35108268E-05
   144.481369         4.66051715E-05
   144.608154         4.90774037E-05
   144.734955         5.08856247E-05
   144.861740         5.19977075E-05
   144.988541         5.23917661E-05
   145.115326         5.20564499E-05
   145.242126         5.09911042E-05
   145.368912         4.92058098E-05
   145.495712         4.67212776E-05
   145.622498         4.35686234E-05
   145.749298         3.97889962E-05
   145.876083         3.54331096E-05
   146.002884         3.05605936E-05
   146.129669         2.52392456E-05
   146.256470         1.95441480E-05
   146.383255         1.35566243E-05
   146.510056         7.36308129E-06
   146.636841         1.05372726E-06
   146.763641        -5.27883640E-06
   146.890427        -1.15411121E-05
   147.017212        -1.76402864E-05
   147.144012        -2.34858508E-05
   147.270798        -2.89912405E-05
   147.397598        -3.40754596E-05
   147.524384        -3.86646243E-05
   147.651184        -4.26934130E-05
   147.777969        -4.61063682E-05
   147.904770        -4.88589831E-05
   148.031555        -5.09185957E-05
   148.158356        -5.22649971E-05
   148.285141        -5.28907331E-05
   148.411942        -5.28011551E-05
   148.538727        -5.20141184E-05
   148.665527        -5.05593889E-05
   148.792313        -4.84777447E-05
   148.919113        -4.58198338E-05
   149.045898        -4.26447696E-05
   149.172699        -3.90185633E-05
   149.299484        -3.50123846E-05
   149.426285        -3.07007722E-05
   149.553070        -2.61597979E-05
   149.679871        -2.14652609E-05
   149.806656        -1.66909831E-05
   149.933456        -1.19072456E-05
   150.060242        -7.17939929E-06
   150.187042        -2.56672161E-06
   150.313828         1.87848741E-06
   150.440628         6.11153700E-06
   150.567413         1.00956977E-05
   150.694214         1.38022888E-05
   150.820999         1.72105047E-05
   150.947784         2.03070213E-05
   151.074585         2.30853857E-05
   151.201370         2.55452633E-05
   151.328171         2.76915562E-05
   151.454956         2.95334303E-05
   151.581757         3.10833384E-05
   151.708542         3.23560089E-05
   151.835342         3.33675125E-05
   151.962128         3.41343693E-05
   152.088928         3.46727829E-05
   152.215714         3.49979891E-05
   152.342514         3.51237359E-05
   152.469299         3.50619048E-05
   152.596100         3.48222893E-05
   152.722885         3.44124928E-05
   152.849686         3.38379759E-05
   152.976471         3.31022093E-05
   153.103271         3.22069136E-05
   153.230057         3.11524091E-05
   153.356857         2.99379735E-05
   153.483643         2.85622791E-05
   153.610443         2.70238124E-05
   153.737228         2.53213038E-05
   153.864029         2.34541167E-05
   153.990814         2.14226020E-05
   154.117615         1.92284278E-05
   154.244400         1.68748084E-05
   154.371201         1.43667148E-05
   154.497986         1.17110103E-05
   154.624771         8.91653053E-06
   154.751572         5.99413033E-06
   154.878357         2.95667610E-06
   155.005157        -1.80984557E-07
   155.131943        -3.40207953E-06
   155.258743        -6.68798702E-06
   155.385529        -1.00183152E-05
   155.512329        -1.33709864E-05
   155.639114        -1.67223316E-05
   155.765915        -2.00471768E-05
   155.892700        -2.33189439E-05
   156.019501        -2.65097569E-05
   156.146286        -2.95905611E-05
   156.273087        -3.25312722E-05
   156.399872        -3.53009636E-05
   156.526672        -3.78680779E-05
   156.653458        -4.02007172E-05
   156.780258        -4.22669691E-05
   156.907043        -4.40353033E-05
   157.033844        -4.54750552E-05
   157.160629        -4.65569356E-05
   157.287430        -4.72536340E-05
   157.414215        -4.75404668E-05
   157.541016        -4.73960536E-05
   157.667801        -4.68030266E-05
   157.794601        -4.57487586E-05
   157.921387        -4.42260498E-05
   158.048187        -4.22337762E-05
   158.174973        -3.97774966E-05
   158.301773        -3.68699220E-05
   158.428558        -3.35312834E-05
   158.555344        -2.97895222E-05
   158.682144        -2.56803560E-05
   158.808929        -2.12470859E-05
   158.935730        -1.65402416E-05
   159.062515        -1.16170013E-05
   159.189316        -6.54038604E-06
   159.316101        -1.37826748E-06
   159.442902         3.79782455E-06
   159.569687         8.91405307E-06
   159.696487         1.38957557E-05
   159.823273         1.86690231E-05
   159.950073         2.31623253E-05
   160.076859         2.73081387E-05
   160.203659         3.10445321E-05
