  -4.50000000         0.00000000    
  -4.37320757         0.00000000    
  -4.24641466         0.00000000    
  -4.11962223         0.00000000    
  -3.99282932         0.00000000    
  -3.86603665         0.00000000    
  -3.73924398        -2.43647708E-33
  -3.61245155        -6.88634331E-32
  -3.48565888         4.30255148E-32
  -3.35886621         1.17673586E-30
  -3.23207355         1.27427039E-30
  -3.10528088         1.20588387E-29
  -2.97848821         7.53210317E-29
  -2.85169554         2.25951955E-28
  -2.72490287         3.94105211E-28
  -2.59811020         2.55298168E-28
  -2.47131753        -9.09156030E-28
  -2.34452486        -3.96903539E-27
  -2.21773219        -8.80975823E-27
  -2.09093952        -1.20393394E-26
  -1.96414697        -4.29863404E-27
  -1.83735430         3.01784132E-26
  -1.71056163         1.07133708E-25
  -1.58376896         2.24237583E-25
  -1.45697629         3.31121382E-25
  -1.33018374         2.98089582E-25
  -1.20339108        -9.01339528E-26
  -1.07659841        -1.07652781E-24
 -0.949805737        -2.77567868E-24
 -0.823013067        -4.92548578E-24
 -0.696220458        -6.63707807E-24
 -0.569427788        -6.34816605E-24
 -0.442635119        -2.27942049E-24
 -0.315842479         6.31996664E-24
 -0.189049825         1.70741023E-23
  -6.22571707E-02     2.19595936E-23
   6.45354837E-02     5.50576476E-24
  0.191328138        -5.44357065E-23
  0.318120778        -1.81225735E-22
  0.444913447        -3.87831208E-22
  0.571706116        -6.59694108E-22
  0.698498726        -9.36164284E-22
  0.825291395        -1.09877373E-21
  0.952084064        -9.77961542E-22
   1.07887673        -3.90069074E-22
   1.20566940         7.88854089E-22
   1.33246195         2.51800826E-21
   1.45925462         4.47919756E-21
   1.58604729         6.00003778E-21
   1.71283996         6.07053796E-21
   1.83963263         3.50933798E-21
   1.96642530        -2.68932573E-21
   2.09321785        -1.28494826E-20
   2.22001052        -2.60439464E-20
   2.34680319        -3.96354447E-20
   2.47359586        -4.91561643E-20
   2.60038853        -4.87495727E-20
   2.72718120        -3.23102628E-20
   2.85397387         4.72289514E-21
   2.98076653         6.32138274E-20
   3.10755920         1.38367412E-19
   3.23435187         2.18687942E-19
   3.36114454         2.86588950E-19
   3.48793697         3.21140362E-19
   3.61472964         3.02935719E-19
   3.74152231         2.20379992E-19
   3.86831498         7.60051028E-20
   3.99510765        -1.09048370E-19
   4.12190056        -2.94259680E-19
   4.24869299        -4.23955784E-19
   4.37548542        -4.36664406E-19
   4.50227833        -2.78214418E-19
   4.62907076         8.42073030E-20
   4.75586367         6.50650861E-19
   4.88265610         1.38304619E-18
   5.00944901         2.20791008E-18
   5.13624144         3.02684990E-18
   5.26303434         3.73209872E-18
   5.38982677         4.22255189E-18
   5.51661968         4.41558689E-18
   5.64341211         4.25179438E-18
   5.77020502         3.69317573E-18
   5.89699745         2.71924273E-18
   6.02379036         1.32794428E-18
   6.15058279        -4.52228119E-19
   6.27737522        -2.53712052E-18
   6.40416813        -4.75467800E-18
   6.53096056        -6.82006445E-18
   6.65775347        -8.33826843E-18
   6.78454590        -8.85330086E-18
   6.91133881        -7.95309095E-18
   7.03813124        -5.42093187E-18
   7.16492414        -1.40211632E-18
   7.29171658         3.46427128E-18
   7.41850948         8.00529929E-18
   7.54530191         1.06113922E-17
   7.67209482         9.48545048E-18
   7.79888725         3.01369587E-18
   7.92567968        -9.81837248E-18
   8.05247211        -2.90739758E-17
   8.17926502        -5.36896466E-17
   8.30605793        -8.15562365E-17
   8.43285084        -1.09870185E-16
   8.55964279        -1.35685559E-16
   8.68643570        -1.56520505E-16
   8.81322861        -1.70829142E-16
   8.94002151        -1.78161257E-16
   9.06681347        -1.78903007E-16
   9.19360638        -1.73611618E-16
   9.32039928        -1.62093903E-16
   9.44719219        -1.42496194E-16
   9.57398415        -1.10731744E-16
   9.70077705        -6.05474702E-17
   9.82756996         1.55798525E-17
   9.95436192         1.24709098E-16
   10.0811548         2.71065578E-16
   10.2079477         4.53438601E-16
   10.3347406         6.62887879E-16
   10.4615326         8.81350275E-16
   10.5883255         1.08168733E-15
   10.7151184         1.22955927E-15
   10.8419113         1.28727144E-15
   10.9687033         1.21944379E-15
   11.0954962         1.00001303E-15
   11.2222891         6.19742720E-16
   11.3490820         9.31200494E-17
   11.4758739        -5.36696804E-16
   11.6026669        -1.19627067E-15
   11.7294598        -1.78485237E-15
   11.8562517        -2.18273890E-15
   11.9830446        -2.26515478E-15
   12.1098375        -1.92087104E-15
   12.2366304        -1.07377361E-15
   12.3634224         2.95373597E-16
   12.4902153         2.13038421E-15
   12.6170082         4.28795649E-15
   12.7438011         6.53605520E-15
   12.8705931         8.56456782E-15
   12.9973860         1.00088733E-14
   13.1241789         1.04850947E-14
   13.2509708         9.63391557E-15
   13.3777637         7.16832972E-15
   13.5045567         2.91979139E-15
   13.6313496        -3.12284298E-15
   13.7581415        -1.07864530E-14
   13.8849344        -1.97022269E-14
   14.0117273        -2.93112465E-14
   14.1385202        -3.88866185E-14
   14.2653122        -4.75701326E-14
   14.3921051        -5.44204100E-14
   14.5188980        -5.84690580E-14
   14.6456909        -5.87817081E-14
   14.7724829        -5.45213763E-14
   14.8992758        -4.50124557E-14
   15.0260687        -2.98038436E-14
   15.1528606        -8.72958423E-15
   15.2796535         1.80356794E-14
   15.4064465         4.99304272E-14
   15.5332394         8.59751384E-14
   15.6600313         1.24763549E-13
   15.7868242         1.64483946E-13
   15.9136171         2.02976823E-13
   16.0404091         2.37832730E-13
   16.1672020         2.66528634E-13
   16.2939949         2.86596051E-13
   16.4207878         2.95806375E-13
   16.5475807         2.92354492E-13
   16.6743736         2.75015796E-13
   16.8011646         2.43252223E-13
   16.9279575         1.97244334E-13
   17.0547504         1.37832467E-13
   17.1815434         6.63608234E-14
   17.3083363        -1.55698886E-14
   17.4351292        -1.06420928E-13
   17.5619221        -2.05071596E-13
   17.6887150        -3.11166051E-13
   17.8155060        -4.25395911E-13
   17.9422989        -5.49659005E-13
   18.0690918        -6.87035498E-13
   18.1958847        -8.41529754E-13
   18.3226776        -1.01753870E-12
   18.4494705        -1.21902824E-12
   18.5762634        -1.44842081E-12
   18.7030544        -1.70523177E-12
   18.8298473        -1.98452127E-12
   18.9566402        -2.27527003E-12
   19.0834332        -2.55882360E-12
   19.2102261        -2.80759118E-12
   19.3370190        -2.98421184E-12
   19.4638119        -3.04142952E-12
   19.5906048        -2.92291994E-12
   19.7173958        -2.56529455E-12
   19.8441887        -1.90146792E-12
   19.9709816        -8.65487911E-13
   20.0977745         6.01179425E-13
   20.2245674         2.54205663E-12
   20.3513603         4.97707301E-12
   20.4781532         7.89347667E-12
   20.6049442         1.12369064E-11
   20.7317371         1.49034118E-11
   20.8585300         1.87333517E-11
   20.9853230         2.25080805E-11
   21.1121159         2.59503859E-11
   21.2389088         2.87294823E-11
   21.3657017         3.04711985E-11
   21.4924946         3.07737516E-11
   21.6192856         2.92291850E-11
   21.7460785         2.54500952E-11
   21.8728714         1.91010281E-11
   21.9996643         9.93322872E-12
   22.1264572        -2.17874590E-12
   22.2532501        -1.72006992E-11
   22.3800430        -3.49051170E-11
   22.5068340        -5.48428941E-11
   22.6336269        -7.63233782E-11
   22.7604198        -9.84056794E-11
   22.8872128        -1.19904087E-10
   23.0140057        -1.39409942E-10
   23.1407986        -1.55331886E-10
   23.2675915        -1.65955541E-10
   23.3943844        -1.69522493E-10
   23.5211754        -1.64327260E-10
   23.6479683        -1.48829837E-10
   23.7747612        -1.21779392E-10
   23.9015541        -8.23437152E-11
   24.0283470        -3.02376527E-11
   24.1551399         3.41576177E-11
   24.2819328         1.09693025E-10
   24.4087238         1.94376931E-10
   24.5355167         2.85336282E-10
   24.6623096         3.78821724E-10
   24.7891026         4.70263661E-10
   24.9158955         5.54384150E-10
   25.0426884         6.25367536E-10
   25.1694813         6.77088385E-10
   25.2962742         7.03393677E-10
   25.4230652         6.98431202E-10
   25.5498581         6.57012722E-10
   25.6766510         5.74997161E-10
   25.8034439         4.49675686E-10
   25.9302368         2.80137885E-10
   26.0570297         6.75962897E-11
   26.1838226        -1.84353380E-10
   26.3106136        -4.69559391E-10
   26.4374065        -7.79249498E-10
   26.5641994        -1.10209264E-09
   26.6909924        -1.42439949E-09
   26.8177853        -1.73047110E-09
   26.9445782        -2.00309502E-09
   27.0713711        -2.22418373E-09
   27.1981640        -2.37554043E-09
   27.3249550        -2.43972886E-09
   27.4517479        -2.40101983E-09
   27.5785408        -2.24637131E-09
   27.7053337        -1.96640415E-09
   27.8321266        -1.55632174E-09
   27.9589195        -1.01672248E-09
   28.0857124        -3.54254209E-10
   28.2125034         4.17939239E-10
   28.3392963         1.28002642E-09
   28.4660892         2.20558771E-09
   28.5928822         3.16203419E-09
   28.7196751         4.11136281E-09
   28.8464680         5.01124786E-09
   28.9732609         5.81645443E-09
   29.1000538         6.48054099E-09
   29.2268448         6.95780145E-09
   29.3536377         7.20538251E-09
   29.4804306         7.18549131E-09
   29.6072235         6.86760471E-09
   29.7340164         6.23057472E-09
   29.8608093         5.26451860E-09
   29.9876022         3.97239308E-09
   30.1143932         2.37114617E-09
   30.2411861         4.92352326E-10
   30.3679790        -1.61773805E-09
   30.4947720        -3.89879329E-09
   30.6215649        -6.27766594E-09
   30.7483578        -8.67032579E-09
   30.8751507        -1.09844258E-08
   31.0019417        -1.31224400E-08
   31.1287346        -1.49852646E-08
   31.2555275        -1.64761627E-08
   31.3823204        -1.75048989E-08
   31.5091133        -1.79918800E-08
   31.6359062        -1.78721358E-08
   31.7626991        -1.70989320E-08
   31.8894920        -1.56468527E-08
   32.0162849        -1.35141773E-08
   32.1430779        -1.07244018E-08
   32.2698708        -7.32681338E-09
   32.3966637        -3.39603878E-09
   32.5234528         9.69450409E-10
   32.6502457         5.64985791E-09
   32.7770386         1.05075255E-08
   32.9038315         1.53912243E-08
   33.0306244         2.01411101E-08
   33.1574173         2.45941418E-08
   33.2842102         2.85897634E-08
   33.4110031         3.19755742E-08
   33.5377960         3.46128175E-08
   33.6645889         3.63813690E-08
   33.7913818         3.71841224E-08
   33.9181747         3.69505209E-08
   34.0449677         3.56391539E-08
   34.1717606         3.32393206E-08
   34.2985535         2.97715186E-08
   34.4253426         2.52868979E-08
   34.5521355         1.98657535E-08
   34.6789284         1.36151312E-08
   34.8057213         6.66574662E-09
   34.9325142        -8.31656410E-10
   35.0593071        -8.71030981E-09
   35.1861000        -1.67916046E-08
   35.3128929        -2.48892924E-08
   35.4396858        -3.28135670E-08
   35.5664787        -4.03749176E-08
   35.6932716        -4.73876476E-08
   35.8200645        -5.36731086E-08
   35.9468575        -5.90625930E-08
   36.0736504        -6.33999448E-08
   36.2004433        -6.65440112E-08
   36.3272324        -6.83709587E-08
   36.4540253        -6.87766502E-08
   36.5808182        -6.76790535E-08
   36.7076111        -6.50208491E-08
   36.8344040        -6.07722370E-08
   36.9611969        -5.49338921E-08
   37.0879898        -4.75400412E-08
   37.2147827        -3.86614758E-08
   37.3415756        -2.84083548E-08
   37.4683685        -1.69325336E-08
   37.5951614        -4.42910686E-09
   37.7219543         8.86310048E-09
   37.8487473         2.26624390E-08
   37.9755402         3.66470232E-08
   38.1023293         5.04592812E-08
   38.2291222         6.37125765E-08
   38.3559151         7.60000844E-08
   38.4827080         8.69058283E-08
   38.6095009         9.60177431E-08
   38.7362938         1.02942522E-07
   38.8630867         1.07321739E-07
   38.9898796         1.08848795E-07
   39.1166725         1.07285892E-07
   39.2434654         1.02480392E-07
   39.3702583         9.43796650E-08
   39.4970512         8.30435383E-08
   39.6238441         6.86536126E-08
   39.7506371         5.15185548E-08
   39.8774300         3.20747482E-08
   40.0042191         1.08817737E-08
   40.1310120        -1.13876624E-08
   40.2578049        -3.39633850E-08
   40.3845978        -5.59989530E-08
   40.5113907        -7.65979564E-08
   40.6381836        -9.48447365E-08
   40.7649765        -1.09838716E-07
   40.8917694        -1.20731087E-07
   41.0185623        -1.26762615E-07
   41.1453552        -1.27301078E-07
   41.2721481        -1.21876781E-07
   41.3989410        -1.10214550E-07
   41.5257339        -9.22608052E-08
   41.6525269        -6.82041801E-08
   41.7793198        -3.84885865E-08
   41.9061089        -3.81773324E-09
   42.0329018         3.48494247E-08
   42.1596947         7.63127517E-08
   42.2864876         1.19154194E-07
   42.4132805         1.61769876E-07
   42.5400734         2.02410050E-07
   42.6668663         2.39225557E-07
   42.7936592         2.70319276E-07
   42.9204521         2.93800724E-07
   43.0472450         3.07841617E-07
   43.1740379         3.10730002E-07
   43.3008308         3.00921357E-07
   43.4276237         2.77083899E-07
   43.5544167         2.38136195E-07
   43.6812096         1.83275915E-07
   43.8079987         1.11997572E-07
   43.9347916         2.40988580E-08
   44.0615845        -8.03251297E-08
   44.1883774        -2.00899592E-07
   44.3151703        -3.36999136E-07
   44.4419632        -4.87787304E-07
   44.5687561        -6.52264646E-07
   44.6955490        -8.29323767E-07
   44.8223419        -1.01780813E-06
   44.9491348        -1.21657285E-06
   45.0759277        -1.42454383E-06
   45.2027206        -1.64077301E-06
   45.3295135        -1.86448597E-06
   45.4563065        -2.09512041E-06
   45.5830994        -2.33235187E-06
   45.7098885        -2.57610463E-06
   45.8366814        -2.82654946E-06
   45.9634743        -3.08408289E-06
   46.0902672        -3.34929086E-06
   46.2170601        -3.62289688E-06
   46.3438530        -3.90569539E-06
   46.4706459        -4.19847447E-06
   46.5974388        -4.50192692E-06
   46.7242317        -4.81655661E-06
   46.8510246        -5.14258500E-06
   46.9778175        -5.47985474E-06
   47.1046104        -5.82774510E-06
   47.2314034        -6.18509466E-06
   47.3581963        -6.55014128E-06
   47.4849892        -6.92048161E-06
   47.6117783        -7.29305339E-06
   47.7385712        -7.66413814E-06
   47.8653641        -8.02940212E-06
   47.9921570        -8.38395226E-06
   48.1189499        -8.72242617E-06
   48.2457428        -9.03911223E-06
   48.3725357        -9.32808416E-06
   48.4993286        -9.58336568E-06
   48.6261215        -9.79909873E-06
   48.7529144        -9.96973176E-06
   48.8797073        -1.00902089E-05
   49.0065002        -1.01561500E-05
   49.1332932        -1.01640289E-05
   49.2600861        -1.01113274E-05
   49.3868790        -9.99667373E-06
   49.5136681        -9.81993708E-06
   49.6404610        -9.58230703E-06
   49.7672539        -9.28631289E-06
   49.8940468        -8.93581819E-06
   50.0208397        -8.53596430E-06
   50.1476326        -8.09307130E-06
   50.2744255        -7.61450065E-06
   50.4012184        -7.10847962E-06
   50.5280113        -6.58389763E-06
   50.6548042        -6.05006881E-06
   50.7815971        -5.51648509E-06
   50.9083900        -4.99255566E-06
   51.0351830        -4.48734272E-06
   51.1619759        -4.00931185E-06
   51.2887688        -3.56609598E-06
   51.4155579        -3.16428350E-06
   51.5423508        -2.80924087E-06
   51.6691437        -2.50497533E-06
   51.7959366        -2.25403733E-06
   51.9227295        -2.05747529E-06
   52.0495224        -1.91483628E-06
   52.1763153        -1.82421468E-06
   52.3031082        -1.78234939E-06
   52.4299011        -1.78475955E-06
   52.5566940        -1.82591793E-06
   52.6834869        -1.89945615E-06
   52.8102798        -1.99839155E-06
   52.9370728        -2.11536394E-06
   53.0638657        -2.24288056E-06
   53.1906586        -2.37355880E-06
   53.3174477        -2.50035623E-06
   53.4442406        -2.61677724E-06
   53.5710335        -2.71705881E-06
   53.6978264        -2.79632309E-06
   53.8246193        -2.85069314E-06
   53.9514122        -2.87737475E-06
   54.0782051        -2.87468993E-06
   54.2049980        -2.84208932E-06
   54.3317909        -2.78011066E-06
   54.4585838        -2.69032353E-06
   54.5853767        -2.57522879E-06
   54.7121696        -2.43815293E-06
   54.8389626        -2.28311160E-06
   54.9657555        -2.11467045E-06
   55.0925484        -1.93779988E-06
   55.2193375        -1.75772277E-06
   55.3461304        -1.57977820E-06
   55.4729233        -1.40927955E-06
   55.5997162        -1.25139525E-06
   55.7265091        -1.11103714E-06
   55.8533020        -9.92761443E-07
   55.9800949        -9.00688235E-07
   56.1068878        -8.38430481E-07
   56.2336807        -8.09030837E-07
   56.3604736        -8.14919588E-07
   56.4872665        -8.57868372E-07
   56.6140594        -9.38955679E-07
   56.7408524        -1.05853326E-06
   56.8676453        -1.21619382E-06
   56.9944382        -1.41074850E-06
   57.1212273        -1.64019411E-06
   57.2480202        -1.90169521E-06
   57.3748131        -2.19156277E-06
   57.5016060        -2.50524954E-06
   57.6283989        -2.83734926E-06
   57.7551918        -3.18161347E-06
   57.8819847        -3.53098608E-06
   58.0087776        -3.87766067E-06
   58.1355705        -4.21316008E-06
   58.2623634        -4.52844552E-06
   58.3891563        -4.81405414E-06
   58.5159492        -5.06026709E-06
   58.6427422        -5.25730775E-06
   58.7695351        -5.39556913E-06
   58.8963280        -5.46585852E-06
   59.0231171        -5.45966668E-06
   59.1499100        -5.36944299E-06
   59.2767029        -5.18887828E-06
   59.4034958        -4.91316951E-06
   59.5302887        -4.53928169E-06
   59.6570816        -4.06617346E-06
   59.7838745        -3.49498191E-06
   59.9106674        -2.82916812E-06
   60.0374603        -2.07460334E-06
   60.1642532        -1.23958955E-06
   60.2910461        -3.34811460E-07
   60.4178391         6.26781116E-07
   60.5446320         1.63017194E-06
   60.6714249         2.65855192E-06
   60.7982178         3.69365625E-06
   60.9250069         4.71616204E-06
   61.0517998         5.70616203E-06
   61.1785927         6.64364779E-06
   61.3053856         7.50904974E-06
   61.4321785         8.28377051E-06
   61.5589714         8.95073663E-06
   61.6857643         9.49489186E-06
   61.8125572         9.90370518E-06
   61.9393501         1.01675623E-05
   62.0661430         1.02801414E-05
   62.1929359         1.02386603E-05
   62.3197289         1.00440566E-05
   62.4465218         9.70104884E-06
   62.5733147         9.21807714E-06
   62.7001076         8.60714590E-06
   62.8268967         7.88355283E-06
   62.9536896         7.06549417E-06
   63.0804825         6.17359638E-06
   63.2072754         5.23033759E-06
   63.3340683         4.25943063E-06
   63.4608612         3.28513215E-06
   63.5876541         2.33153719E-06
   63.7144470         1.42186946E-06
   63.8412399         5.77787375E-07
   63.9680328        -1.81270792E-07
   64.0948257        -8.38664903E-07
   64.2216187        -1.38106350E-06
   64.3484116        -1.79883705E-06
   64.4752045        -2.08634401E-06
   64.6019974        -2.24208293E-06
   64.7287903        -2.26871202E-06
   64.8555832        -2.17293405E-06
   64.9823761        -1.96524752E-06
   65.1091690        -1.65957476E-06
   65.2359619        -1.27277463E-06
   65.3627548        -8.24065637E-07
   65.4895477        -3.34371151E-07
   65.6163330         1.74382521E-07
   65.7431259         6.79997811E-07
   65.8699188         1.16073579E-06
   65.9967117         1.59601768E-06
   66.1235046         1.96707560E-06
   66.2502975         2.25752797E-06
   66.3770905         2.45386400E-06
   66.5038834         2.54580982E-06
   66.6306763         2.52657833E-06
   66.7574692         2.39297765E-06
   66.8842621         2.14540569E-06
   67.0110550         1.78769585E-06
   67.1378479         1.32685602E-06
   67.2646408         7.72689191E-07
   67.3914337         1.37340976E-07
   67.5182266        -5.65238395E-07
   67.6450195        -1.31986303E-06
   67.7718124        -2.11069664E-06
   67.8986053        -2.92185769E-06
   68.0253983        -3.73796388E-06
   68.1521912        -4.54463134E-06
   68.2789841        -5.32893000E-06
   68.4057770        -6.07971060E-06
   68.5325699        -6.78785818E-06
   68.6593628        -7.44642193E-06
   68.7861557        -8.05064792E-06
   68.9129486        -8.59790271E-06
   69.0397415        -9.08748279E-06
   69.1665344        -9.52035498E-06
   69.2933273        -9.89882938E-06
   69.4201126        -1.02261783E-05
   69.5469055        -1.05062063E-05
   69.6736984        -1.07428477E-05
   69.8004913        -1.09397442E-05
   69.9272842        -1.10998772E-05
   70.0540771        -1.12252474E-05
   70.1808701        -1.13166116E-05
   70.3076630        -1.13733277E-05
   70.4344559        -1.13932583E-05
   70.5612488        -1.13728020E-05
   70.6880417        -1.13069818E-05
   70.8148346        -1.11896570E-05
   70.9416275        -1.10137817E-05
   71.0684204        -1.07717506E-05
   71.1952133        -1.04557903E-05
   71.3220062        -1.00583911E-05
   71.4487991        -9.57273278E-06
   71.5755920        -8.99312454E-06
   71.7023849        -8.31541820E-06
   71.8291779        -7.53737049E-06
   71.9559708        -6.65897505E-06
   72.0827637        -5.68269570E-06
   72.2095566        -4.61363652E-06
   72.3363495        -3.45961871E-06
   72.4631424        -2.23117240E-06
   72.5899353        -9.41429789E-07
   72.7167282         3.94062965E-07
   72.8435211         1.75761795E-06
   72.9703140         3.12974839E-06
   73.0971069         4.48957189E-06
   73.2238922         5.81525364E-06
   73.3506851         7.08448943E-06
   73.4774780         8.27500207E-06
   73.6042709         9.36504330E-06
   73.7310638         1.03338771E-05
   73.8578568         1.11622576E-05
   73.9846497         1.18328526E-05
   74.1114426         1.23306327E-05
   74.2382355         1.26432114E-05
   74.3650284         1.27611202E-05
   74.4918213         1.26780196E-05
   74.6186142         1.23908576E-05
   74.7454071         1.18999542E-05
   74.8722000         1.12090329E-05
   74.9989929         1.03251841E-05
   75.1257858         9.25878612E-06
   75.2525787         8.02338673E-06
   75.3793716         6.63550873E-06
   75.5061646         5.11445614E-06
   75.6329575         3.48206277E-06
   75.7597504         1.76241792E-06
   75.8865433        -1.84379534E-08
   76.0133362        -1.83283430E-06
   76.1401291        -3.65182450E-06
   76.2669220        -5.44553450E-06
   76.3937149        -7.18356569E-06
   76.5205078        -8.83537086E-06
   76.6473007        -1.03706816E-05
   76.7740936        -1.17599238E-05
   76.9008865        -1.29746477E-05
   77.0276718        -1.39879758E-05
   77.1544647        -1.47750325E-05
   77.2812576        -1.53133751E-05
   77.4080505        -1.55834405E-05
   77.5348434        -1.55689268E-05
   77.6616364        -1.52571793E-05
   77.7884293        -1.46395314E-05
   77.9152222        -1.37115894E-05
   78.0420151        -1.24734534E-05
   78.1688080        -1.09298835E-05
   78.2956009        -9.09037226E-06
   78.4223938        -6.96910865E-06
   78.5491867        -4.58491968E-06
   78.6759796        -1.96106316E-06
   78.8027725         8.75092269E-07
   78.9295654         3.89241177E-06
   79.0563583         7.05650928E-06
   79.1831512         1.03302518E-05
   79.3099442         1.36744147E-05
   79.4367371         1.70483654E-05
   79.5635300         2.04107346E-05
   79.6903229         2.37201639E-05
   79.8171158         2.69360353E-05
   79.9439087         3.00191641E-05
   80.0707016         3.29324976E-05
   80.1974945         3.56417186E-05
   80.3242874         3.81157697E-05
   80.4510803         4.03273662E-05
   80.5778732         4.22533303E-05
   80.7046585         4.38749012E-05
   80.8314514         4.51778833E-05
   80.9582443         4.61527306E-05
   81.0850372         4.67945247E-05
   81.2118301         4.71028434E-05
   81.3386230         4.70815758E-05
   81.4654160         4.67386453E-05
   81.5922089         4.60856791E-05
   81.7190018         4.51376472E-05
   81.8457947         4.39124415E-05
   81.9725876         4.24304853E-05
   82.0993805         4.07142797E-05
   82.2261734         3.87880173E-05
   82.3529663         3.66771492E-05
   82.4797592         3.44080217E-05
   82.6065521         3.20075196E-05
   82.7333450         2.95027239E-05
   82.8601379         2.69206521E-05
   82.9869308         2.42879432E-05
   83.1137238         2.16306344E-05
   83.2405167         1.89739203E-05
   83.3673096         1.63419445E-05
   83.4941025         1.37575953E-05
   83.6208954         1.12422795E-05
   83.7476883         8.81572851E-06
   83.8744812         6.49581807E-06
   84.0012741         4.29833244E-06
   84.1280670         2.23678603E-06
   84.2548599         3.22247189E-07
   84.3816528        -1.43683826E-06
   84.5084381        -3.03481215E-06
   84.6352310        -4.46892773E-06
   84.7620239        -5.73942589E-06
   84.8888168        -6.84958513E-06
   85.0156097        -7.80570736E-06
   85.1424026        -8.61706940E-06
   85.2691956        -9.29570797E-06
   85.3959885        -9.85627048E-06
   85.5227814        -1.03156608E-05
   85.6495743        -1.06927228E-05
   85.7763672        -1.10077535E-05
   85.9031601        -1.12820726E-05
   86.0299530        -1.15374523E-05
   86.1567459        -1.17955524E-05
   86.2835388        -1.20773784E-05
   86.4103317        -1.24026628E-05
   86.5371246        -1.27893327E-05
   86.6639175        -1.32530013E-05
   86.7907104        -1.38065016E-05
   86.9175034        -1.44595142E-05
   87.0442963        -1.52182929E-05
   87.1710892        -1.60854452E-05
   87.2978821        -1.70599305E-05
   87.4246750        -1.81370615E-05
   87.5514679        -1.93087508E-05
   87.6782608        -2.05637225E-05
   87.8050537        -2.18879613E-05
   87.9318466        -2.32651983E-05
   88.0586395        -2.46774925E-05
   88.1854324        -2.61058394E-05
   88.3122177        -2.75308375E-05
   88.4390106        -2.89334039E-05
   88.5658035        -3.02953922E-05
   88.6925964        -3.16003097E-05
   88.8193893        -3.28338210E-05
   88.9461823        -3.39843100E-05
   89.0729752        -3.50432456E-05
   89.1997681        -3.60054619E-05
   89.3265610        -3.68693109E-05
   89.4533539        -3.76367134E-05
   89.5801468        -3.83130136E-05
   89.7069397        -3.89067063E-05
   89.8337326        -3.94291346E-05
   89.9605255        -3.98939665E-05
   90.0873184        -4.03166378E-05
   90.2141113        -4.07136722E-05
   90.3409042        -4.11020446E-05
   90.4676971        -4.14984279E-05
   90.5944901        -4.19185017E-05
   90.7212830        -4.23762431E-05
   90.8480759        -4.28833155E-05
   90.9748688        -4.34485555E-05
   91.1016617        -4.40775220E-05
   91.2284546        -4.47721868E-05
   91.3552475        -4.55307454E-05
   91.4820404        -4.63476426E-05
   91.6088333        -4.72136089E-05
   91.7356262        -4.81159623E-05
   91.8624191        -4.90389612E-05
   91.9892120        -4.99643174E-05
   92.1159973        -5.08717676E-05
   92.2427902        -5.17397457E-05
   92.3695831        -5.25461401E-05
   92.4963760        -5.32689774E-05
   92.6231689        -5.38871900E-05
   92.7499619        -5.43812821E-05
   92.8767548        -5.47340205E-05
   93.0035477        -5.49309225E-05
   93.1303406        -5.49607576E-05
   93.2571335        -5.48158350E-05
   93.3839264        -5.44921822E-05
   93.5107193        -5.39896464E-05
   93.6375122        -5.33117600E-05
   93.7643051        -5.24655588E-05
   93.8910980        -5.14612257E-05
   94.0178909        -5.03116498E-05
   94.1446838        -4.90319217E-05
   94.2714767        -4.76387722E-05
   94.3982697        -4.61499221E-05
   94.5250626        -4.45834703E-05
   94.6518555        -4.29573374E-05
   94.7786484        -4.12886511E-05
   94.9054413        -3.95932548E-05
   95.0322342        -3.78852965E-05
   95.1590271        -3.61768871E-05
   95.2858200        -3.44778855E-05
   95.4126129        -3.27957423E-05
   95.5394058        -3.11354961E-05
   95.6661987        -2.94998517E-05
   95.7929916        -2.78892967E-05
   95.9197769        -2.63023703E-05
   96.0465698        -2.47359167E-05
   96.1733627        -2.31853937E-05
   96.3001556        -2.16451917E-05
   96.4269485        -2.01089915E-05
   96.5537415        -1.85700246E-05
   96.6805344        -1.70213880E-05
   96.8073273        -1.54562767E-05
   96.9341202        -1.38681708E-05
   97.0609131        -1.22509882E-05
   97.1877060        -1.05991712E-05
   97.3144989        -8.90775300E-06
   97.4412918        -7.17234525E-06
   97.5680847        -5.38915401E-06
   97.6948776        -3.55491193E-06
   97.8216705        -1.66689563E-06
   97.9484634         2.77124542E-07
   98.0752563         2.27887085E-06
   98.2020493         4.33950618E-06
   98.3288422         6.45957061E-06
   98.4556351         8.63885543E-06
   98.5824280         1.08762406E-05
   98.7092209         1.31695024E-05
   98.8360138         1.55150901E-05
   98.9628067         1.79078870E-05
   99.0895996         2.03409745E-05
   99.2163925         2.28053959E-05
   99.3431854         2.52899772E-05
   99.4699783         2.77811869E-05
   99.5967712         3.02630633E-05
   99.7235565         3.27172238E-05
   99.8503494         3.51229828E-05
   99.9771423         3.74575611E-05
   100.103935         3.96964242E-05
   100.230728         4.18136951E-05
   100.357521         4.37827111E-05
   100.484314         4.55766240E-05
   100.611107         4.71691201E-05
   100.737900         4.85351520E-05
   100.864693         4.96517205E-05
   100.991486         5.04986419E-05
   101.118279         5.10593163E-05
   101.245071         5.13213890E-05
   101.371864         5.12773549E-05
   101.498657         5.09250822E-05
   101.625450         5.02681032E-05
   101.752243         4.93158695E-05
   101.879036         4.80837298E-05
   102.005829         4.65928169E-05
   102.132622         4.48696992E-05
   102.259415         4.29459142E-05
   102.386208         4.08572596E-05
   102.513000         3.86430365E-05
   102.639793         3.63450999E-05
   102.766586         3.40068473E-05
   102.893379         3.16721053E-05
   103.020172         2.93840603E-05
   103.146965         2.71840927E-05
   103.273758         2.51107231E-05
   103.400551         2.31986232E-05
   103.527336         2.14776719E-05
   103.654129         1.99722126E-05
   103.780922         1.87004080E-05
   103.907715         1.76737994E-05
   104.034508         1.68970291E-05
   104.161301         1.63677669E-05
   104.288094         1.60768213E-05
   104.414886         1.60084564E-05
   104.541679         1.61408680E-05
   104.668472         1.64468493E-05
   104.795265         1.68945971E-05
   104.922058         1.74486267E-05
   105.048851         1.80707975E-05
   105.175644         1.87213973E-05
   105.302437         1.93602737E-05
   105.429230         1.99479491E-05
   105.556023         2.04467160E-05
   105.682816         2.08216952E-05
   105.809608         2.10417838E-05
   105.936401         2.10805119E-05
   106.063194         2.09167665E-05
   106.189987         2.05353772E-05
   106.316780         1.99275164E-05
   106.443573         1.90909668E-05
   106.570366         1.80301886E-05
   106.697159         1.67562230E-05
   106.823952         1.52864341E-05
   106.950745         1.36440822E-05
   107.077538         1.18577746E-05
   107.204330         9.96077324E-06
   107.331116         7.99020381E-06
   107.457909         5.98617453E-06
   107.584702         3.99083274E-06
   107.711494         2.04738376E-06
   107.838287         1.99082692E-07
   107.965080        -1.51174299E-06
   108.091873        -3.04466835E-06
   108.218666        -4.36206665E-06
   108.345459        -5.42994894E-06
   108.472252        -6.21871277E-06
   108.599045        -6.70378131E-06
   108.725838        -6.86614385E-06
   108.852631        -6.69275141E-06
   108.979424        -6.17679780E-06
   109.106216        -5.31786509E-06
   109.233009        -4.12193458E-06
   109.359802        -2.60125489E-06
   109.486595        -7.74090381E-07
   109.613388         1.33565470E-06
   109.740181         3.69892723E-06
   109.866974         6.28211228E-06
   109.993767         9.04770059E-06
   110.120560         1.19550405E-05
   110.247353         1.49611305E-05
   110.374146         1.80214411E-05
   110.500938         2.10907747E-05
   110.627731         2.41241178E-05
   110.754524         2.70774526E-05
   110.881317         2.99085659E-05
   111.008102         3.25777910E-05
   111.134895         3.50486771E-05
   111.261688         3.72885879E-05
   111.388481         3.92691909E-05
   111.515274         4.09668537E-05
   111.642067         4.23629390E-05
   111.768860         4.34439644E-05
   111.895653         4.42016717E-05
   112.022446         4.46329723E-05
   112.149239         4.47398161E-05
   112.276031         4.45289515E-05
   112.402824         4.40115873E-05
   112.529617         4.32029992E-05
   112.656410         4.21220648E-05
   112.783203         4.07907246E-05
   112.909996         3.92334405E-05
   113.036789         3.74766314E-05
   113.163582         3.55480552E-05
   113.290375         3.34762553E-05
   113.417168         3.12899792E-05
   113.543961         2.90176686E-05
   113.670753         2.66869392E-05
   113.797546         2.43241575E-05
   113.924339         2.19540325E-05
   114.051132         1.95992725E-05
   114.177925         1.72803175E-05
   114.304718         1.50151081E-05
   114.431511         1.28189449E-05
   114.558304         1.07043879E-05
   114.685097         8.68123971E-06
   114.811882         6.75658566E-06
   114.938675         4.93489006E-06
   115.065468         3.21814400E-06
   115.192261         1.60607601E-06
   115.319054         9.63958300E-08
   115.445847        -1.31490037E-06
   115.572639        -2.63322659E-06
   115.699432        -3.86509737E-06
   115.826225        -5.01771046E-06
   115.953018        -6.09861399E-06
   116.079811        -7.11537950E-06
   116.206604        -8.07519609E-06
   116.333397        -8.98459166E-06
   116.460190        -9.84910184E-06
   116.586983        -1.06730377E-05
   116.713776        -1.14592749E-05
   116.840569        -1.22091042E-05
   116.967361        -1.29221435E-05
   117.094154        -1.35962946E-05
   117.220947        -1.42278195E-05
   117.347740        -1.48114332E-05
   117.474533        -1.53404908E-05
   117.601326        -1.58071998E-05
   117.728119        -1.62029446E-05
   117.854912        -1.65185775E-05
   117.981705        -1.67448088E-05
   118.108498        -1.68725874E-05
   118.235291        -1.68935112E-05
   118.362083        -1.68002007E-05
   118.488876        -1.65866859E-05
   118.615662        -1.62487540E-05
   118.742455        -1.57842442E-05
   118.869247        -1.51932963E-05
   118.996040        -1.44785326E-05
   119.122833        -1.36451681E-05
   119.249626        -1.27010408E-05
   119.376419        -1.16565534E-05
   119.503212        -1.05245463E-05
   119.630005        -9.32006333E-06
   119.756798        -8.06008848E-06
   119.883591        -6.76316449E-06
   120.010384        -5.44899285E-06
   120.137177        -4.13797261E-06
   120.263969        -2.85071474E-06
   120.390762        -1.60753200E-06
   120.517555        -4.27926039E-07
   120.644348         6.69922542E-07
   120.771141         1.66962161E-06
   120.897934         2.55702457E-06
   121.024727         3.32061086E-06
   121.151520         3.95181632E-06
   121.278313         4.44527814E-06
   121.405106         4.79900109E-06
   121.531898         5.01443628E-06
   121.658691         5.09646361E-06
   121.785484         5.05328899E-06
   121.912277         4.89625154E-06
   122.039070         4.63954939E-06
   122.165863         4.29989223E-06
   122.292656         3.89608431E-06
   122.419441         3.44856130E-06
   122.546234         2.97885640E-06
   122.673027         2.50906692E-06
   122.799820         2.06128902E-06
   122.926613         1.65703023E-06
   123.053406         1.31666809E-06
   123.180199         1.05890467E-06
   123.306992         9.00274017E-07
   123.433784         8.54704979E-07
   123.560577         9.33164642E-07
   123.687370         1.14333204E-06
   123.814163         1.48938909E-06
   123.940956         1.97186318E-06
   124.067749         2.58756359E-06
   124.194542         3.32961804E-06
   124.321335         4.18755099E-06
   124.448128         5.14748626E-06
   124.574921         6.19240382E-06
   124.701714         7.30247621E-06
   124.828506         8.45548857E-06
   124.955299         9.62728882E-06
   125.082092         1.07922988E-05
   125.208885         1.19240649E-05
   125.335678         1.29958089E-05
   125.462471         1.39810190E-05
   125.589264         1.48540121E-05
   125.716057         1.55905000E-05
   125.842850         1.61681273E-05
   125.969643         1.65669771E-05
   126.096436         1.67700418E-05
   126.223221         1.67636299E-05
   126.350014         1.65377314E-05
   126.476807         1.60862946E-05
   126.603600         1.54074387E-05
   126.730392         1.45035674E-05
   126.857185         1.33814001E-05
   126.983978         1.20519180E-05
   127.110771         1.05302133E-05
   127.237564         8.83525809E-06
   127.364357         6.98959457E-06
   127.491150         5.01894328E-06
   127.617943         2.95174686E-06
   127.744736         8.18649482E-07
   127.871529        -1.34806612E-06
   127.998322        -3.51509516E-06
   128.125107        -5.64875427E-06
   128.251907        -7.71563555E-06
   128.378693        -9.68328277E-06
   128.505493        -1.15208250E-05
   128.632278        -1.31996012E-05
   128.759079        -1.46937327E-05
   128.885864        -1.59806386E-05
   129.012665        -1.70414824E-05
   129.139450        -1.78615446E-05
   129.266251        -1.84305118E-05
   129.393036        -1.87426685E-05
   129.519836        -1.87970218E-05
   129.646622        -1.85973040E-05
   129.773422        -1.81518972E-05
   129.900208        -1.74736433E-05
   130.027008        -1.65795791E-05
   130.153793        -1.54905592E-05
   130.280594        -1.42308136E-05
   130.407379        -1.28274141E-05
   130.534180        -1.13096994E-05
   130.660965        -9.70864858E-06
   130.787766        -8.05621949E-06
   130.914551        -6.38468327E-06
   131.041351        -4.72594866E-06
   131.168137        -3.11090162E-06
   131.294937        -1.56877286E-06
   131.421722        -1.26544734E-07
   131.548523         1.19158994E-06
   131.675308         2.36470032E-06
   131.802109         3.37550841E-06
   131.928894         4.21068989E-06
   132.055679         4.86107319E-06
   132.182480         5.32173044E-06
   132.309265         5.59196724E-06
   132.436066         5.67520192E-06
   132.562851         5.57874500E-06
   132.689651         5.31349542E-06
   132.816437         4.89354989E-06
   132.943237         4.33574996E-06
   133.070023         3.65917117E-06
   133.196823         2.88457727E-06
   133.323608         2.03384388E-06
   133.450409         1.12937494E-06
   133.577194         1.93527399E-07
   133.703995        -7.51937932E-07
   133.830780        -1.68636916E-06
   133.957581        -2.59067019E-06
   134.084366        -3.44768864E-06
   134.211166        -4.24253039E-06
   134.337952        -4.96277880E-06
   134.464752        -5.59864384E-06
   134.591537        -6.14302235E-06
   134.718338        -6.59148736E-06
   134.845123        -6.94220580E-06
   134.971924        -7.19579612E-06
   135.098709        -7.35512685E-06
   135.225510        -7.42507382E-06
   135.352295        -7.41223630E-06
   135.479095        -7.32463513E-06
   135.605881        -7.17138983E-06
   135.732666        -6.96239476E-06
   135.859467        -6.70800409E-06
   135.986252        -6.41873703E-06
   136.113052        -6.10500365E-06
   136.239838        -5.77686933E-06
   136.366638        -5.44385921E-06
   136.493423        -5.11479766E-06
   136.620224        -4.79768732E-06
   136.747009        -4.49963409E-06
   136.873810        -4.22680114E-06
   137.000595        -3.98440170E-06
   137.127396        -3.77671836E-06
   137.254181        -3.60715990E-06
   137.380981        -3.47833156E-06
   137.507767        -3.39212511E-06
   137.634567        -3.34982246E-06
   137.761353        -3.35219897E-06
   137.888153        -3.39961844E-06
   138.014938        -3.49212974E-06
   138.141739        -3.62952528E-06
   138.268524        -3.81138580E-06
   138.395325        -4.03709737E-06
   138.522110        -4.30583577E-06
   138.648911        -4.61652326E-06
   138.775696        -4.96776465E-06
   138.902496        -5.35775280E-06
   139.029282        -5.78415711E-06
   139.156082        -6.24401036E-06
   139.282867        -6.73357545E-06
   139.409653        -7.24822621E-06
   139.536453        -7.78234789E-06
   139.663239        -8.32924889E-06
   139.790039        -8.88111481E-06
   139.916824        -9.42900715E-06
   140.043625        -9.96291419E-06
   140.170410        -1.04718565E-05
   140.297211        -1.09440643E-05
   140.423996        -1.13671949E-05
   140.550797        -1.17286336E-05
   140.677582        -1.20158220E-05
   140.804382        -1.22166293E-05
   140.931168        -1.23197651E-05
   141.057968        -1.23151876E-05
   141.184753        -1.21945222E-05
   141.311554        -1.19514543E-05
   141.438339        -1.15820858E-05
   141.565140        -1.10852325E-05
   141.691925        -1.04626588E-05
   141.818726        -9.71921418E-06
   141.945511        -8.86288581E-06
   142.072311        -7.90473314E-06
   142.199097        -6.85872328E-06
   142.325897        -5.74146907E-06
   142.452682        -4.57185570E-06
   142.579483        -3.37059123E-06
   142.706268        -2.15968498E-06
   142.833069        -9.61877731E-07
   142.959854         1.99973655E-07
   143.086655         1.30350145E-06
   143.213440         2.32743128E-06
   143.340225         3.25213341E-06
   143.467026         4.06012896E-06
   143.593811         4.73650516E-06
   143.720612         5.26923895E-06
   143.847397         5.64941547E-06
   143.974197         5.87133673E-06
   144.100983         5.93251025E-06
   144.227783         5.83354631E-06
   144.354568         5.57794920E-06
   144.481369         5.17183753E-06
   144.608154         4.62359367E-06
   144.734955         3.94348126E-06
   144.861740         3.14323734E-06
   144.988541         2.23567190E-06
   145.115326         1.23428322E-06
   145.242126         1.52921842E-07
   145.368912        -9.94485390E-07
   145.495712        -2.19415574E-06
   145.622498        -3.43258716E-06
   145.749298        -4.69661381E-06
   145.876083        -5.97340204E-06
   146.002884        -7.25037853E-06
   146.129669        -8.51510686E-06
   146.256470        -9.75514649E-06
   146.383255        -1.09578923E-05
   146.510056        -1.21104349E-05
   146.636841        -1.31994557E-05
   146.763641        -1.42111649E-05
   146.890427        -1.51313252E-05
   147.017212        -1.59453430E-05
   147.144012        -1.66384543E-05
   147.270798        -1.71959964E-05
   147.397598        -1.76037611E-05
   147.524384        -1.78484242E-05
   147.651184        -1.79180406E-05
   147.777969        -1.78025512E-05
   147.904770        -1.74943398E-05
   148.031555        -1.69887444E-05
   148.158356        -1.62845354E-05
   148.285141        -1.53843084E-05
   148.411942        -1.42948002E-05
   148.538727        -1.30270419E-05
   148.665527        -1.15963912E-05
   148.792313        -1.00224006E-05
   148.919113        -8.32851583E-06
   149.045898        -6.54163250E-06
   149.172699        -4.69149654E-06
   149.299484        -2.80997915E-06
   149.426285        -9.30257045E-07
   149.553070         9.14088218E-07
   149.679871         2.68999906E-06
   149.806656         4.36588198E-06
   149.933456         5.91250864E-06
   150.060242         7.30384318E-06
   150.187042         8.51776804E-06
   150.313828         9.53666677E-06
   150.440628         1.03478551E-05
   150.567413         1.09438279E-05
   150.694214         1.13223114E-05
   150.820999         1.14861414E-05
   150.947784         1.14429458E-05
   151.074585         1.12046764E-05
   151.201370         1.07869919E-05
   151.328171         1.02085396E-05
   151.454956         9.49015248E-06
   151.581757         8.65401398E-06
   151.708542         7.72281419E-06
   151.835342         6.71893940E-06
   151.962128         5.66371818E-06
   152.088928         4.57677743E-06
   152.215714         3.47550190E-06
   152.342514         2.37464315E-06
   152.469299         1.28607860E-06
   152.596100         2.18724310E-07
   152.722885        -8.21384958E-07
   152.849686        -1.83089355E-06
   152.976471        -2.80876930E-06
   153.103271        -3.75586251E-06
   153.230057        -4.67437940E-06
   153.356857        -5.56730083E-06
   153.483643        -6.43780550E-06
   153.610443        -7.28868417E-06
   153.737228        -8.12180315E-06
   153.864029        -8.93764900E-06
   153.990814        -9.73494116E-06
   154.117615        -1.05103782E-05
   154.244400        -1.12584776E-05
   154.371201        -1.19715714E-05
   154.497986        -1.26399200E-05
   154.624771        -1.32519608E-05
   154.751572        -1.37946818E-05
   154.878357        -1.42541021E-05
   155.005157        -1.46158318E-05
   155.131943        -1.48657027E-05
   155.258743        -1.49904345E-05
   155.385529        -1.49783054E-05
   155.512329        -1.48198023E-05
   155.639114        -1.45082213E-05
   155.765915        -1.40401844E-05
   155.892700        -1.34160664E-05
   156.019501        -1.26402820E-05
   156.146286        -1.17214604E-05
   156.273087        -1.06724356E-05
   156.399872        -9.51011407E-06
   156.526672        -8.25515144E-06
   156.653458        -6.93150423E-06
   156.780258        -5.56580426E-06
   156.907043        -4.18664331E-06
   157.033844        -2.82372889E-06
   157.160629        -1.50699020E-06
   157.287430        -2.65633929E-07
   157.414215         8.72801309E-07
   157.541016         1.88334025E-06
   157.667801         2.74440185E-06
   157.794601         3.43852639E-06
   157.921387         3.95295137E-06
   158.048187         4.28004751E-06
   158.174973         4.41756583E-06
   158.301773         4.36869141E-06
   158.428558         4.14190890E-06
   158.555344         3.75067475E-06
   158.682144         3.21290918E-06
   158.808929         2.55032683E-06
   158.935730         1.78763082E-06
   159.062515         9.51604761E-07
   159.189316         7.01442957E-08
   159.316101        -8.28738052E-07
   159.442902        -1.71788395E-06
   159.569687        -2.57189731E-06
   159.696487        -3.36795483E-06
   159.823273        -4.08648293E-06
   159.950073        -4.71167868E-06
   160.076859        -5.23185918E-06
   160.203659        -5.63962749E-06
