  -4.50000000         0.00000000    
  -4.37320757         0.00000000    
  -4.24641466         0.00000000    
  -4.11962223         0.00000000    
  -3.99282932         0.00000000    
  -3.86603665         0.00000000    
  -3.73924398         0.00000000    
  -3.61245155        -3.95783823E-31
  -3.48565888         2.09159871E-31
  -3.35886621        -1.00559216E-30
  -3.23207355        -1.08529523E-28
  -3.10528088        -9.83263407E-28
  -2.97848821        -5.19170470E-27
  -2.85169554        -1.95322191E-26
  -2.72490287        -5.53062430E-26
  -2.59811020        -1.16216307E-25
  -2.47131753        -1.55077938E-25
  -2.34452486         1.52557055E-26
  -2.21773219         8.30198301E-25
  -2.09093952         2.98078213E-24
  -1.96414697         7.09006251E-24
  -1.83735430         1.28341516E-23
  -1.71056163         1.76142700E-23
  -1.58376896         1.56808808E-23
  -1.45697629        -3.53730431E-25
  -1.33018374        -3.32646867E-23
  -1.20339108        -6.95188153E-23
  -1.07659841        -6.63469571E-23
 -0.949805737         5.05424539E-23
 -0.823013067         3.60271841E-22
 -0.696220458         8.75131239E-22
 -0.569427788         1.42761923E-21
 -0.442635119         1.55989209E-21
 -0.315842479         5.09242253E-22
 -0.189049825        -2.58560766E-21
  -6.22571707E-02    -8.16179999E-21
   6.45354837E-02    -1.54227034E-20
  0.191328138        -2.14914222E-20
  0.318120778        -2.10297197E-20
  0.444913447        -6.97503088E-21
  0.571706116         2.70719235E-20
  0.698498726         8.27937160E-20
  0.825291395         1.52319558E-19
  0.952084064         2.14527676E-19
   1.07887673         2.35128157E-19
   1.20566940         1.73000741E-19
   1.33246195        -6.22764492E-21
   1.45925462        -3.11203363E-19
   1.58604729        -7.05822929E-19
   1.71283996        -1.09844198E-18
   1.83963263        -1.34824494E-18
   1.96642530        -1.29467776E-18
   2.09321785        -8.08774448E-19
   2.22001052         1.44598331E-19
   2.34680319         1.45393061E-18
   2.47359586         2.84260452E-18
   2.60038853         3.90534549E-18
   2.72718120         4.20504171E-18
   2.85397387         3.41175400E-18
   2.98076653         1.44062696E-18
   3.10755920        -1.47051320E-18
   3.23435187        -4.79877665E-18
   3.36114454        -7.91285110E-18
   3.48793697        -1.03571905E-17
   3.61472964        -1.21473177E-17
   3.74152231        -1.39298621E-17
   3.86831498        -1.68546371E-17
   3.99510765        -2.20648162E-17
   4.12190056        -2.98384197E-17
   4.24869299        -3.85854676E-17
   4.37548542        -4.40694004E-17
   4.50227833        -3.93096278E-17
   4.62907076        -1.55698850E-17
   4.75586367         3.53913957E-17
   4.88265610         1.18019999E-16
   5.00944901         2.29291210E-16
   5.13624144         3.55747962E-16
   5.26303434         4.72531994E-16
   5.38982677         5.45534270E-16
   5.51661968         5.37228317E-16
   5.64341211         4.15839338E-16
   5.77020502         1.66420322E-16
   5.89699745        -1.98569537E-16
   6.02379036        -6.32151912E-16
   6.15058279        -1.05205420E-15
   6.27737522        -1.34828026E-15
   6.40416813        -1.39948086E-15
   6.53096056        -1.09662052E-15
   6.65775347        -3.70479294E-16
   6.78454590         7.81949583E-16
   6.91133881         2.27774042E-15
   7.03813124         3.94013850E-15
   7.16492414         5.50616478E-15
   7.29171658         6.65114368E-15
   7.41850948         7.02893139E-15
   7.54530191         6.32403226E-15
   7.67209482         4.30965493E-15
   7.79888725         9.04338644E-16
   7.92567968        -3.78081160E-15
   8.05247211        -9.41206240E-15
   8.17926502        -1.54269992E-14
   8.30605793        -2.10577405E-14
   8.43285084        -2.53864499E-14
   8.55964279        -2.74333118E-14
   8.68643570        -2.62735034E-14
   8.81322861        -2.11756390E-14
   8.94002151        -1.17495709E-14
   9.06681347         1.91278187E-15
   9.19360638         1.91234595E-14
   9.32039928         3.85331009E-14
   9.44719219         5.81354490E-14
   9.57398415         7.53595659E-14
   9.70077705         8.72610022E-14
   9.82756996         9.08131805E-14
   9.95436192         8.32881127E-14
   10.0811548         6.27012480E-14
   10.2079477         2.82808241E-14
   10.3347406        -1.90908080E-14
   10.4615326        -7.65266824E-14
   10.5883255        -1.38942989E-13
   10.7151184        -1.99090337E-13
   10.8419113        -2.47863579E-13
   10.9687033        -2.74925373E-13
   11.0954962        -2.69650784E-13
   11.2222891        -2.22364594E-13
   11.3490820        -1.25802553E-13
   11.4758739         2.33126896E-14
   11.6026669         2.22728018E-13
   11.7294598         4.63325396E-13
   11.8562517         7.28189319E-13
   11.9830446         9.92270393E-13
   12.1098375         1.22282089E-12
   12.2366304         1.38073960E-12
   12.3634224         1.42290964E-12
   12.4902153         1.30553088E-12
   12.6170082         9.88370193E-13
   12.7438011         4.39741830E-13
   12.8705931        -3.58068284E-13
   12.9973860        -1.40331898E-12
   13.1241789        -2.66975548E-12
   13.2509708        -4.10251867E-12
   13.3777637        -5.61561127E-12
   13.5045567        -7.09150230E-12
   13.6313496        -8.38339554E-12
   13.7581415        -9.32057903E-12
   13.8849344        -9.71709865E-12
   14.0117273        -9.38376633E-12
   14.1385202        -8.14322134E-12
   14.2653122        -5.84747658E-12
   14.3921051        -2.39699796E-12
   14.5188980         2.23992569E-12
   14.6456909         8.00905696E-12
   14.7724829         1.47550895E-11
   14.8992758         2.22113664E-11
   15.0260687         2.99962624E-11
   15.1528606         3.76178221E-11
   15.2796535         4.44879307E-11
   15.4064465         4.99466163E-11
   15.5332394         5.32965755E-11
   15.6600313         5.38469443E-11
   15.7868242         5.09646804E-11
   15.9136171         4.41308483E-11
   16.0404091         3.29983679E-11
   16.1672020         1.74471253E-11
   16.2939949        -2.36813108E-12
   16.4207878        -2.59817133E-11
   16.5475807        -5.25972148E-11
   16.6743736        -8.10878586E-11
   16.8011646        -1.10019785E-10
   16.9279575        -1.37699879E-10
   17.0547504        -1.62248021E-10
   17.1815434        -1.81691981E-10
   17.3083363        -1.94081404E-10
   17.4351292        -1.97615327E-10
   17.5619221        -1.90776298E-10
   17.6887150        -1.72462961E-10
   17.8155060        -1.42111850E-10
   17.9422989        -9.97993424E-11
   18.0690918        -4.63145633E-11
   18.1958847         1.68046289E-11
   18.3226776         8.72788161E-11
   18.4494705         1.62141703E-10
   18.5762634         2.37843467E-10
   18.7030544         3.10401177E-10
   18.8298473         3.75591391E-10
   18.9566402         4.29176666E-10
   19.0834332         4.67154593E-10
   19.2102261         4.86015894E-10
   19.3370190         4.82995755E-10
   19.4638119         4.56302190E-10
   19.5906048         4.05304873E-10
   19.7173958         3.30669436E-10
   19.8441887         2.34423869E-10
   19.9709816         1.19948121E-10
   20.0977745        -8.11885715E-12
   20.2245674        -1.44055295E-10
   20.3513603        -2.81311280E-10
   20.4781532        -4.12831658E-10
   20.6049442        -5.31432898E-10
   20.7317371        -6.30214270E-10
   20.8585300        -7.02979563E-10
   20.9853230        -7.44646123E-10
   21.1121159        -7.51612106E-10
   21.2389088        -7.22058968E-10
   21.3657017        -6.56163679E-10
   21.4924946        -5.56202306E-10
   21.6192856        -4.26530866E-10
   21.7460785        -2.73435830E-10
   21.8728714        -1.04855680E-10
   21.9996643         7.00181718E-11
   22.1264572         2.41243414E-10
   22.2532501         3.98706096E-10
   22.3800430         5.32744571E-10
   22.5068340         6.34782560E-10
   22.6336269         6.97926494E-10
   22.7604198         7.17491400E-10
   22.8872128         6.91410262E-10
   23.0140057         6.20496432E-10
   23.1407986         5.08530329E-10
   23.2675915         3.62152669E-10
   23.3943844         1.90557833E-10
   23.5211754         4.99795561E-12
   23.6479683        -1.81884716E-10
   23.7747612        -3.56860513E-10
   23.9015541        -5.07005660E-10
   24.0283470        -6.20627993E-10
   24.1551399        -6.88165303E-10
   24.2819328        -7.02988168E-10
   24.4087238        -6.62044641E-10
   24.5355167        -5.66288294E-10
   24.6623096        -4.20838753E-10
   24.7891026        -2.34850916E-10
   24.9158955        -2.10671550E-11
   25.0426884         2.04935638E-10
   25.1694813         4.25773028E-10
   25.2962742         6.23509910E-10
   25.4230652         7.81064824E-10
   25.5498581         8.83686679E-10
   25.6766510         9.20385823E-10
   25.8034439         8.85222617E-10
   25.9302368         7.78338449E-10
   26.0570297         6.06627415E-10
   26.1838226         3.83958643E-10
   26.3106136         1.30892519E-10
   26.4374065        -1.26158625E-10
   26.5641994        -3.56313729E-10
   26.6909924        -5.26126476E-10
   26.8177853        -6.01932448E-10
   26.9445782        -5.52522084E-10
   27.0713711        -3.52016083E-10
   27.1981640         1.72645526E-11
   27.3249550         5.62090874E-10
   27.4517479         1.27599864E-09
   27.5785408         2.13755724E-09
   27.7053337         3.10940096E-09
   27.8321266         4.13818091E-09
   27.9589195         5.15557774E-09
   28.0857124         6.08042816E-09
   28.2125034         6.82198120E-09
   28.3392963         7.28421634E-09
   28.4660892         7.37109973E-09
   28.5928822         6.99257630E-09
   28.7196751         6.07102013E-09
   28.8464680         4.54784743E-09
   28.9732609         2.38988274E-09
   29.1000538        -4.04887179E-10
   29.2268448        -3.80256759E-09
   29.3536377        -7.73002995E-09
   29.4804306        -1.20733530E-08
   29.6072235        -1.66782499E-08
   29.7340164        -2.13528022E-08
   29.8608093        -2.58724864E-08
   29.9876022        -2.99875360E-08
   30.1143932        -3.34324355E-08
   30.2411861        -3.59373615E-08
   30.3679790        -3.72410867E-08
   30.4947720        -3.71048650E-08
   30.6215649        -3.53266927E-08
   30.7483578        -3.17552704E-08
   30.8751507        -2.63029296E-08
   31.0019417        -1.89568059E-08
   31.1287346        -9.78758496E-09
   31.2555275         1.04484321E-09
   31.3823204         1.32893785E-08
   31.5091133         2.66055977E-08
   31.6359062         4.05699900E-08
   31.7626991         5.46863497E-08
   31.8894920         6.84003467E-08
   32.0162849         8.11178680E-08
   32.1430779         9.22264363E-08
   32.2698708         1.01119213E-07
   32.3966637         1.07220501E-07
   32.5234528         1.10011804E-07
   32.6502457         1.09057297E-07
   32.7770386         1.04027649E-07
   32.9038315         9.47210452E-08
   33.0306244         8.10803300E-08
   33.1574173         6.32053769E-08
   33.2842102         4.13599395E-08
   33.4110031         1.59724038E-08
   33.5377960        -1.23698731E-08
   33.6645889        -4.29326654E-08
   33.7913818        -7.48532258E-08
   33.9181747        -1.07164340E-07
   34.0449677        -1.38823438E-07
   34.1717606        -1.68745601E-07
   34.2985535        -1.95839547E-07
   34.4253426        -2.19044978E-07
   34.5521355        -2.37370131E-07
   34.6789284        -2.49928007E-07
   34.8057213        -2.55969809E-07
   34.9325142        -2.54914426E-07
   35.0593071        -2.46372622E-07
   35.1861000        -2.30165398E-07
   35.3128929        -2.06335031E-07
   35.4396858        -1.75149452E-07
   35.5664787        -1.37098894E-07
   35.6932716        -9.28855428E-08
   35.8200645        -4.34063274E-08
   35.9468575         1.02701190E-08
   36.0736504         6.69317117E-08
   36.2004433         1.25255085E-07
   36.3272324         1.83840527E-07
   36.4540253         2.41248415E-07
   36.5808182         2.96035722E-07
   36.7076111         3.46791950E-07
   36.8344040         3.92172609E-07
   36.9611969         4.30929816E-07
   37.0879898         4.61939521E-07
   37.2147827         4.84224245E-07
   37.3415756         4.96971836E-07
   37.4683685         4.99549230E-07
   37.5951614         4.91512310E-07
   37.7219543         4.72612101E-07
   37.8487473         4.42796960E-07
   37.9755402         4.02212152E-07
   38.1023293         3.51197059E-07
   38.2291222         2.90280781E-07
   38.3559151         2.20176219E-07
   38.4827080         1.41773427E-07
   38.6095009         5.61323503E-08
   38.7362938        -3.55251686E-08
   38.8630867        -1.31823811E-07
   38.9898796        -2.31244371E-07
   39.1166725        -3.32134590E-07
   39.2434654        -4.32722004E-07
   39.3702583        -5.31129047E-07
   39.4970512        -6.25391692E-07
   39.6238441        -7.13481256E-07
   39.7506371        -7.93330628E-07
   39.8774300        -8.62864567E-07
   40.0042191        -9.20034495E-07
   40.1310120        -9.62856916E-07
   40.2578049        -9.89455884E-07
   40.3845978        -9.98106998E-07
   40.5113907        -9.87282874E-07
   40.6381836        -9.55698965E-07
   40.7649765        -9.02355964E-07
   40.8917694        -8.26578969E-07
   41.0185623        -7.28050225E-07
   41.1453552        -6.06834078E-07
   41.2721481        -4.63391558E-07
   41.3989410        -2.98583700E-07
   41.5257339        -1.13662182E-07
   41.6525269         8.97537547E-08
   41.7793198         3.09713670E-07
   41.9061089         5.43985948E-07
   42.0329018         7.90120112E-07
   42.1596947         1.04551953E-06
   42.2864876         1.30752289E-06
   42.4132805         1.57349143E-06
   42.5400734         1.84089799E-06
   42.6668663         2.10741587E-06
   42.7936592         2.37100244E-06
   42.9204521         2.62997514E-06
   43.0472450         2.88307388E-06
   43.1740379         3.12951056E-06
   43.3008308         3.36899961E-06
   43.4276237         3.60176955E-06
   43.5544167         3.82855296E-06
   43.6812096         4.05055607E-06
   43.8079987         4.26940642E-06
   43.9347916         4.48708306E-06
   44.0615845         4.70582700E-06
   44.1883774         4.92803883E-06
   44.3151703         5.15616694E-06
   44.4419632         5.39258690E-06
   44.5687561         5.63948197E-06
   44.6955490         5.89872661E-06
   44.8223419         6.17177375E-06
   44.9491348         6.45956106E-06
   45.0759277         6.76242962E-06
   45.2027206         7.08006519E-06
   45.3295135         7.41146096E-06
   45.4563065         7.75490844E-06
   45.5830994         8.10801157E-06
   45.7098885         8.46772764E-06
   45.8366814         8.83043504E-06
   45.9634743         9.19202466E-06
   46.0902672         9.54800362E-06
   46.2170601         9.89362707E-06
   46.3438530         1.02240319E-05
   46.4706459         1.05343825E-05
   46.5974388         1.08200129E-05
   46.7242317         1.10765723E-05
   46.8510246         1.13001543E-05
   46.9778175         1.14874201E-05
   47.1046104         1.16356960E-05
   47.2314034         1.17430527E-05
   47.3581963         1.18083672E-05
   47.4849892         1.18313501E-05
   47.6117783         1.18125536E-05
   47.7385712         1.17533582E-05
   47.8653641         1.16559140E-05
   47.9921570         1.15230987E-05
   48.1189499         1.13584174E-05
   48.2457428         1.11659128E-05
   48.3725357         1.09500588E-05
   48.4993286         1.07156375E-05
   48.6261215         1.04676337E-05
   48.7529144         1.02111044E-05
   48.8797073         9.95108530E-06
   49.0065002         9.69248322E-06
   49.1332932         9.43997566E-06
   49.2600861         9.19795457E-06
   49.3868790         8.97044902E-06
   49.5136681         8.76107788E-06
   49.6404610         8.57303439E-06
   49.7672539         8.40905159E-06
   49.8940468         8.27140957E-06
   50.0208397         8.16193733E-06
   50.1476326         8.08202549E-06
   50.2744255         8.03264720E-06
   50.4012184         8.01438728E-06
   50.5280113         8.02744762E-06
   50.6548042         8.07169090E-06
   50.7815971         8.14664872E-06
   50.9083900         8.25152893E-06
   51.0351830         8.38523010E-06
   51.1619759         8.54634982E-06
   51.2887688         8.73315912E-06
   51.4155579         8.94361165E-06
   51.5423508         9.17532452E-06
   51.6691437         9.42556744E-06
   51.7959366         9.69125085E-06
   51.9227295         9.96891868E-06
   52.0495224         1.02547428E-05
   52.1763153         1.05445333E-05
   52.3031082         1.08337608E-05
   52.4299011         1.11175877E-05
   52.5566940         1.13909164E-05
   52.6834869         1.16484489E-05
   52.8102798         1.18847747E-05
   52.9370728         1.20944687E-05
   53.0638657         1.22721940E-05
   53.1906586         1.24128228E-05
   53.3174477         1.25115794E-05
   53.4442406         1.25641600E-05
   53.5710335         1.25668803E-05
   53.6978264         1.25167953E-05
   53.8246193         1.24118351E-05
   53.9514122         1.22508991E-05
   54.0782051         1.20339510E-05
   54.2049980         1.17620866E-05
   54.3317909         1.14375771E-05
   54.4585838         1.10638739E-05
   54.5853767         1.06456046E-05
   54.7121696         1.01885089E-05
   54.8389626         9.69936900E-06
   54.9657555         9.18589558E-06
   55.0925484         8.65659968E-06
   55.2193375         8.12061899E-06
   55.3461304         7.58755914E-06
   55.4729233         7.06728315E-06
   55.5997162         6.56972270E-06
   55.7265091         6.10466122E-06
   55.8533020         5.68153928E-06
   55.9800949         5.30924217E-06
   56.1068878         4.99593261E-06
   56.2336807         4.74886565E-06
   56.3604736         4.57424676E-06
   56.4872665         4.47710818E-06
   56.6140594         4.46121567E-06
   56.7408524         4.52900031E-06
   56.8676453         4.68151165E-06
   56.9944382         4.91841456E-06
   57.1212273         5.23800281E-06
   57.2480202         5.63724507E-06
   57.3748131         6.11183850E-06
   57.5016060         6.65630569E-06
   57.6283989         7.26408962E-06
   57.7551918         7.92767969E-06
   57.8819847         8.63872356E-06
   58.0087776         9.38817448E-06
   58.1355705         1.01664218E-05
   58.2623634         1.09634311E-05
   58.3891563         1.17688905E-05
   58.5159492         1.25723391E-05
   58.6427422         1.33633093E-05
   58.7695351         1.41314531E-05
   58.8963280         1.48666713E-05
   59.0231171         1.55592425E-05
   59.1499100         1.61999287E-05
   59.2767029         1.67800972E-05
   59.4034958         1.72918317E-05
   59.5302887         1.77280363E-05
   59.6570816         1.80825282E-05
   59.7838745         1.83501306E-05
   59.9106674         1.85267727E-05
   60.0374603         1.86095349E-05
   60.1642532         1.85967328E-05
   60.2910461         1.84879700E-05
   60.4178391         1.82841432E-05
   60.5446320         1.79874751E-05
   60.6714249         1.76015110E-05
   60.7982178         1.71310658E-05
   60.9250069         1.65822039E-05
   61.0517998         1.59621322E-05
   61.1785927         1.52791126E-05
   61.3053856         1.45423473E-05
   61.4321785         1.37618172E-05
   61.5589714         1.29481259E-05
   61.6857643         1.21123285E-05
   61.8125572         1.12657235E-05
   61.9393501         1.04196661E-05
   62.0661430         9.58536930E-06
   62.1929359         8.77369803E-06
   62.3197289         7.99497593E-06
   62.4465218         7.25880909E-06
   62.5733147         6.57394321E-06
   62.7001076         5.94811445E-06
   62.8268967         5.38794120E-06
   62.9536896         4.89884724E-06
   63.0804825         4.48502487E-06
   63.2072754         4.14939541E-06
   63.3340683         3.89362413E-06
   63.4608612         3.71817987E-06
   63.5876541         3.62238575E-06
   63.7144470         3.60450099E-06
   63.8412399         3.66184645E-06
   63.9680328         3.79091330E-06
   64.0948257         3.98750308E-06
   64.2216187         4.24686596E-06
   64.3484116         4.56381258E-06
   64.4752045         4.93286416E-06
   64.6019974         5.34836136E-06
   64.7287903         5.80458118E-06
   64.8555832         6.29581336E-06
   64.9823761         6.81643451E-06
   65.1091690         7.36096945E-06
   65.2359619         7.92410992E-06
   65.3627548         8.50074593E-06
   65.4895477         9.08595848E-06
   65.6163330         9.67500637E-06
   65.7431259         1.02633139E-05
   65.8699188         1.08464519E-05
   65.9967117         1.14200975E-05
   66.1235046         1.19800670E-05
   66.2502975         1.25222805E-05
   66.3770905         1.30427788E-05
   66.5038834         1.35377595E-05
   66.6306763         1.40036191E-05
   66.7574692         1.44370051E-05
   66.8842621         1.48349127E-05
   67.0110550         1.51947525E-05
   67.1378479         1.55144717E-05
   67.2646408         1.57926406E-05
   67.3914337         1.60285617E-05
   67.5182266         1.62223314E-05
   67.6450195         1.63749355E-05
   67.7718124         1.64882986E-05
   67.8986053         1.65652855E-05
   68.0253983         1.66096943E-05
   68.1521912         1.66262089E-05
   68.2789841         1.66203099E-05
   68.4057770         1.65981564E-05
   68.5325699         1.65664260E-05
   68.6593628         1.65321308E-05
   68.7861557         1.65024085E-05
   68.9129486         1.64842841E-05
   69.0397415         1.64844587E-05
   69.1665344         1.65090460E-05
   69.2933273         1.65633937E-05
   69.4201126         1.66518548E-05
   69.5469055         1.67776179E-05
   69.6736984         1.69426075E-05
   69.8004913         1.71473694E-05
   69.9272842         1.73910648E-05
   70.0540771         1.76714584E-05
   70.1808701         1.79850231E-05
   70.3076630         1.83270440E-05
   70.4344559         1.86918023E-05
   70.5612488         1.90727660E-05
   70.6880417         1.94628683E-05
   70.8148346         1.98547568E-05
   70.9416275         2.02410647E-05
   71.0684204         2.06147051E-05
   71.1952133         2.09691279E-05
   71.3220062         2.12985688E-05
   71.4487991         2.15982636E-05
   71.5755920         2.18645655E-05
   71.7023849         2.20951079E-05
   71.8291779         2.22888084E-05
   71.9559708         2.24458599E-05
   72.0827637         2.25676522E-05
   72.2095566         2.26566499E-05
   72.3363495         2.27161745E-05
   72.4631424         2.27501605E-05
   72.5899353         2.27629043E-05
   72.7167282         2.27587461E-05
   72.8435211         2.27417404E-05
   72.9703140         2.27153851E-05
   73.0971069         2.26822995E-05
   73.2238922         2.26440243E-05
   73.3506851         2.26007724E-05
   73.4774780         2.25513195E-05
   73.6042709         2.24929354E-05
   73.7310638         2.24213836E-05
   73.8578568         2.23310126E-05
   73.9846497         2.22149138E-05
   74.1114426         2.20651636E-05
   74.2382355         2.18731311E-05
   74.3650284         2.16298158E-05
   74.4918213         2.13262756E-05
   74.6186142         2.09540121E-05
   74.7454071         2.05054657E-05
   74.8722000         1.99743663E-05
   74.9989929         1.93561955E-05
   75.1257858         1.86485067E-05
   75.2525787         1.78512182E-05
   75.3793716         1.69668438E-05
   75.5061646         1.60006039E-05
   75.6329575         1.49604793E-05
   75.7597504         1.38570877E-05
   75.8865433         1.27035983E-05
   76.0133362         1.15154135E-05
   76.1401291         1.03098064E-05
   76.2669220         9.10551898E-06
   76.3937149         7.92224091E-06
   76.5205078         6.78009064E-06
   76.6473007         5.69898339E-06
   76.7740936         4.69810857E-06
   76.9008865         3.79532639E-06
   77.0276718         3.00658439E-06
   77.1544647         2.34547565E-06
   77.2812576         1.82278518E-06
   77.4080505         1.44614205E-06
   77.5348434         1.21976188E-06
   77.6616364         1.14431782E-06
   77.7884293         1.21689914E-06
   77.9152222         1.43106854E-06
   78.0420151         1.77711411E-06
   78.1688080         2.24231439E-06
   78.2956009         2.81138341E-06
   78.4223938         3.46695401E-06
   78.5491867         4.19013577E-06
   78.6759796         4.96123766E-06
   78.8027725         5.76031880E-06
   78.9295654         6.56799648E-06
   79.0563583         7.36603852E-06
   79.1831512         8.13804490E-06
   79.3099442         8.87002079E-06
   79.4367371         9.55091582E-06
   79.5635300         1.01729665E-05
   79.6903229         1.07320711E-05
   79.8171158         1.12279440E-05
   79.9439087         1.16640895E-05
   80.0707016         1.20477607E-05
   80.1974945         1.23897207E-05
   80.3242874         1.27038329E-05
   80.4510803         1.30066055E-05
   80.5778732         1.33165913E-05
   80.7046585         1.36536855E-05
   80.8314514         1.40384072E-05
   80.9582443         1.44911055E-05
   81.0850372         1.50311553E-05
   81.2118301         1.56762053E-05
   81.3386230         1.64414323E-05
   81.4654160         1.73388980E-05
   81.5922089         1.83769844E-05
   81.7190018         1.95599405E-05
   81.8457947         2.08875736E-05
   81.9725876         2.23551033E-05
   82.0993805         2.39531328E-05
   82.2261734         2.56677940E-05
   82.3529663         2.74810391E-05
   82.4797592         2.93710800E-05
   82.6065521         3.13129458E-05
   82.7333450         3.32791387E-05
   82.8601379         3.52403767E-05
   82.9869308         3.71664210E-05
   83.1137238         3.90268760E-05
   83.2405167         4.07920597E-05
   83.3673096         4.24338068E-05
   83.4941025         4.39262330E-05
   83.6208954         4.52464301E-05
   83.7476883         4.63750985E-05
   83.8744812         4.72970169E-05
   84.0012741         4.80014423E-05
   84.1280670         4.84823540E-05
   84.2548599         4.87385842E-05
   84.3816528         4.87737925E-05
   84.5084381         4.85963537E-05
   84.6352310         4.82190699E-05
   84.7620239         4.76587884E-05
   84.8888168         4.69359584E-05
   85.0156097         4.60740557E-05
   85.1424026         4.50989355E-05
   85.2691956         4.40381991E-05
   85.3959885         4.29204556E-05
   85.5227814         4.17746160E-05
   85.6495743         4.06292020E-05
   85.7763672         3.95116513E-05
   85.9031601         3.84477171E-05
   86.0299530         3.74608862E-05
   86.1567459         3.65719061E-05
   86.2835388         3.57983736E-05
   86.4103317         3.51544586E-05
   86.5371246         3.46506858E-05
   86.6639175         3.42938511E-05
   86.7907104         3.40870392E-05
   86.9175034         3.40297302E-05
   87.0442963         3.41180130E-05
   87.1710892         3.43448628E-05
   87.2978821         3.47005116E-05
   87.4246750         3.51728740E-05
   87.5514679         3.57479912E-05
   87.6782608         3.64105326E-05
   87.8050537         3.71442620E-05
   87.9318466         3.79325138E-05
   88.0586395         3.87586661E-05
   88.1854324         3.96064970E-05
   88.3122177         4.04605562E-05
   88.4390106         4.13064154E-05
   88.5658035         4.21308869E-05
   88.6925964         4.29221254E-05
   88.8193893         4.36696719E-05
   88.9461823         4.43644276E-05
   89.0729752         4.49985564E-05
   89.1997681         4.55653280E-05
   89.3265610         4.60589217E-05
   89.4533539         4.64741934E-05
   89.5801468         4.68064463E-05
   89.7069397         4.70511804E-05
   89.8337326         4.72038810E-05
   89.9605255         4.72598149E-05
   90.0873184         4.72138854E-05
   90.2141113         4.70605191E-05
   90.3409042         4.67936370E-05
   90.4676971         4.64066470E-05
   90.5944901         4.58925388E-05
   90.7212830         4.52439999E-05
   90.8480759         4.44536126E-05
   90.9748688         4.35140901E-05
   91.1016617         4.24185200E-05
   91.2284546         4.11606597E-05
   91.3552475         3.97352305E-05
   91.4820404         3.81381906E-05
   91.6088333         3.63670079E-05
   91.7356262         3.44208747E-05
   91.8624191         3.23009008E-05
   91.9892120         3.00102238E-05
   92.1159973         2.75540788E-05
   92.2427902         2.49397890E-05
   92.3695831         2.21766950E-05
   92.4963760         1.92760144E-05
   92.6231689         1.62506458E-05
   92.7499619         1.31149081E-05
   92.8767548         9.88426200E-06
   93.0035477         6.57498595E-06
   93.1303406         3.20383151E-06
   93.2571335        -2.12281421E-07
   93.3839264        -3.65659912E-06
   93.5107193        -7.11280018E-06
   93.6375122        -1.05652389E-05
   93.7643051        -1.39990825E-05
   93.8910980        -1.74004472E-05
   94.0178909        -2.07564171E-05
   94.1446838        -2.40550089E-05
   94.2714767        -2.72850466E-05
   94.3982697        -3.04360074E-05
   94.5250626        -3.34977776E-05
   94.6518555        -3.64604057E-05
   94.7786484        -3.93138034E-05
   94.9054413        -4.20475044E-05
   95.0322342        -4.46503655E-05
   95.1590271        -4.71103813E-05
   95.2858200        -4.94145061E-05
   95.4126129        -5.15486172E-05
   95.5394058        -5.34975079E-05
   95.6661987        -5.52449783E-05
   95.7929916        -5.67741117E-05
   95.9197769        -5.80675623E-05
   96.0465698        -5.91079443E-05
   96.1733627        -5.98783990E-05
   96.3001556        -6.03630833E-05
   96.4269485        -6.05478308E-05
   96.5537415        -6.04208108E-05
   96.6805344        -5.99730884E-05
   96.8073273        -5.91992903E-05
   96.9341202        -5.80981141E-05
   97.0609131        -5.66727977E-05
   97.1877060        -5.49314427E-05
   97.3144989        -5.28872843E-05
   97.4412918        -5.05587159E-05
   97.5680847        -4.79692426E-05
   97.6948776        -4.51472479E-05
   97.8216705        -4.21256336E-05
   97.9484634        -3.89412598E-05
   98.0752563        -3.56343226E-05
   98.2020493        -3.22475753E-05
   98.3288422        -2.88254432E-05
   98.4556351        -2.54131082E-05
   98.5824280        -2.20555576E-05
   98.7092209        -1.87965688E-05
   98.8360138        -1.56777587E-05
   98.9628067        -1.27376543E-05
   99.0895996        -1.00108473E-05
   99.2163925        -7.52723281E-06
   99.3431854        -5.31137721E-06
   99.4699783        -3.38200630E-06
   99.5967712        -1.75165781E-06
   99.7235565        -4.26487645E-07
   99.8503494         5.93755772E-07
   99.9771423         1.31560444E-06
   100.103935         1.75157243E-06
   100.230728         1.91972140E-06
   100.357521         1.84308942E-06
   100.484314         1.54900408E-06
   100.611107         1.06830453E-06
   100.737900         4.34501430E-07
   100.864693        -3.17122812E-07
   100.991486        -1.15040757E-06
   101.118279        -2.02922729E-06
   101.245071        -2.91834908E-06
   101.371864        -3.78424716E-06
   101.498657        -4.59582452E-06
   101.625450        -5.32506147E-06
   101.752243        -5.94753328E-06
   101.879036        -6.44283273E-06
   102.005829        -6.79485174E-06
   102.132622        -6.99195789E-06
   102.259415        -7.02704847E-06
   102.386208        -6.89749231E-06
   102.513000        -6.60497381E-06
   102.639793        -6.15525278E-06
   102.766586        -5.55784800E-06
   102.893379        -4.82566384E-06
   103.020172        -3.97457461E-06
   103.146965        -3.02298486E-06
   103.273758        -1.99137412E-06
   103.400551        -9.01835961E-07
   103.527336         2.22376670E-07
   103.654129         1.35729147E-06
   103.780922         2.47865637E-06
   103.907715         3.56234409E-06
   104.034508         4.58476052E-06
   104.161301         5.52321717E-06
   104.288094         6.35630795E-06
   104.414886         7.06425999E-06
   104.541679         7.62927402E-06
   104.668472         8.03585135E-06
   104.795265         8.27111035E-06
   104.922058         8.32507521E-06
   105.048851         8.19095294E-06
   105.175644         7.86536748E-06
   105.302437         7.34855894E-06
   105.429230         6.64454274E-06
   105.556023         5.76119146E-06
   105.682816         4.71026578E-06
   105.809608         3.50737014E-06
   105.936401         2.17182128E-06
   106.063194         7.26433655E-07
   106.189987        -8.02777436E-07
   106.316780        -2.38698362E-06
   106.443573        -3.99501187E-06
   106.570366        -5.59389309E-06
   106.697159        -7.14947828E-06
   106.823952        -8.62710567E-06
   106.950745        -9.99231634E-06
   107.077538        -1.12115940E-05
   107.204330        -1.22530973E-05
   107.331116        -1.30873823E-05
   107.457909        -1.36880835E-05
   107.584702        -1.40325274E-05
   107.711494        -1.41022774E-05
   107.838287        -1.38835576E-05
   107.965080        -1.33675931E-05
   108.091873        -1.25508004E-05
   108.218666        -1.14348550E-05
   108.345459        -1.00266152E-05
   108.472252        -8.33792819E-06
   108.599045        -6.38529946E-06
   108.725838        -4.18943955E-06
   108.852631        -1.77473635E-06
   108.979424         8.31376610E-07
   109.106216         3.59907926E-06
   109.233009         6.49688855E-06
   109.359802         9.49236164E-06
   109.486595         1.25527995E-05
   109.613388         1.56458809E-05
   109.740181         1.87402566E-05
   109.866974         2.18060504E-05
   109.993767         2.48152282E-05
   110.120560         2.77419076E-05
   110.247353         3.05624926E-05
   110.374146         3.32557211E-05
   110.500938         3.58025609E-05
   110.627731         3.81860809E-05
   110.754524         4.03911508E-05
   110.881317         4.24041536E-05
   111.008102         4.42126147E-05
   111.134895         4.58048817E-05
   111.261688         4.71697749E-05
   111.388481         4.82963078E-05
   111.515274         4.91735009E-05
   111.642067         4.97903093E-05
   111.768860         5.01355971E-05
   111.895653         5.01983486E-05
   112.022446         4.99678972E-05
   112.149239         4.94343622E-05
   112.276031         4.85891869E-05
   112.402824         4.74257213E-05
   112.529617         4.59399344E-05
   112.656410         4.41311131E-05
   112.783203         4.20025608E-05
   112.909996         3.95622774E-05
   113.036789         3.68235160E-05
   113.163582         3.38052232E-05
   113.290375         3.05323156E-05
   113.417168         2.70357577E-05
   113.543961         2.33524297E-05
   113.670753         1.95247376E-05
   113.797546         1.56000096E-05
   113.924339         1.16296433E-05
   114.051132         7.66806988E-06
   114.177925         3.77151014E-06
   114.304718        -3.38549011E-09
   114.431511        -3.60103604E-06
   114.558304        -6.96843153E-06
   114.685097        -1.00566476E-05
   114.811882        -1.28223064E-05
   114.938675        -1.52288885E-05
   115.065468        -1.72478940E-05
   115.192261        -1.88597642E-05
   115.319054        -2.00545601E-05
   115.445847        -2.08323272E-05
   115.572639        -2.12031591E-05
   115.699432        -2.11869246E-05
   115.826225        -2.08126912E-05
   115.953018        -2.01178154E-05
   116.079811        -1.91467698E-05
   116.206604        -1.79497310E-05
   116.333397        -1.65809615E-05
   116.460190        -1.50970527E-05
   116.586983        -1.35550727E-05
   116.713776        -1.20107206E-05
   116.840569        -1.05164972E-05
   116.967361        -9.12000269E-06
   117.094154        -7.86238161E-06
   117.220947        -6.77699973E-06
   117.347740        -5.88838566E-06
   117.474533        -5.21146785E-06
   117.601326        -4.75114530E-06
   117.728119        -4.50220296E-06
   117.854912        -4.44957050E-06
   117.981705        -4.56892576E-06
   118.108498        -4.82761516E-06
   118.235291        -5.18586103E-06
   118.362083        -5.59822729E-06
   118.488876        -6.01526926E-06
   118.615662        -6.38533720E-06
   118.742455        -6.65645575E-06
   118.869247        -6.77821436E-06
   118.996040        -6.70361987E-06
   119.122833        -6.39082691E-06
   119.249626        -5.80471533E-06
   119.376419        -4.91823039E-06
   119.503212        -3.71347824E-06
   119.630005        -2.18251421E-06
   119.756798        -3.27822534E-07
   119.883591         1.83754400E-06
   120.010384         4.29014199E-06
   120.137177         6.99663906E-06
   120.263969         9.91461366E-06
   120.390762         1.29936243E-05
   120.517555         1.61765165E-05
   120.644348         1.94009008E-05
   120.771141         2.26008087E-05
   120.897934         2.57084157E-05
   121.024727         2.86558006E-05
   121.151520         3.13767487E-05
   121.278313         3.38084537E-05
   121.405106         3.58931611E-05
   121.531898         3.75796517E-05
   121.658691         3.88245680E-05
   121.785484         3.95935604E-05
   121.912277         3.98621814E-05
   122.039070         3.96165306E-05
   122.165863         3.88537010E-05
   122.292656         3.75818963E-05
   122.419441         3.58203324E-05
   122.546234         3.35988443E-05
   122.673027         3.09572752E-05
   122.799820         2.79445921E-05
   122.926613         2.46178170E-05
   123.053406         2.10407270E-05
   123.180199         1.72824039E-05
   123.306992         1.34156398E-05
   123.433784         9.51525180E-06
   123.560577         5.65631535E-06
   123.687370         1.91240065E-06
   123.814163        -1.64618325E-06
   123.940956        -4.95406812E-06
   124.067749        -7.95238429E-06
   124.194542        -1.05901572E-05
   124.321335        -1.28255069E-05
   124.448128        -1.46266229E-05
   124.574921        -1.59724386E-05
   124.701714        -1.68530478E-05
   124.828506        -1.72698074E-05
   124.955299        -1.72351210E-05
   125.082092        -1.67719390E-05
   125.208885        -1.59129613E-05
   125.335678        -1.46995726E-05
   125.462471        -1.31805591E-05
   125.589264        -1.14106442E-05
   125.716057        -9.44887051E-06
   125.842850        -7.35691856E-06
   125.969643        -5.19738705E-06
   126.096436        -3.03209004E-06
   126.223221        -9.20460195E-07
   126.350014         1.08194081E-06
   126.476807         2.92473146E-06
   126.603600         4.56379667E-06
   126.730392         5.96216205E-06
   126.857185         7.09058713E-06
   126.983978         7.92790524E-06
   127.110771         8.46110743E-06
   127.237564         8.68517782E-06
   127.364357         8.60269756E-06
   127.491150         8.22326638E-06
   127.617943         7.56274858E-06
   127.744736         6.64241634E-06
   127.871529         5.48799972E-06
   127.998322         4.12871668E-06
   128.125107         2.59630133E-06
   128.251907         9.24082599E-07
   128.378693        -8.53861252E-07
   128.505493        -2.70344799E-06
   128.632278        -4.59120429E-06
   128.759079        -6.48474861E-06
   128.885864        -8.35313222E-06
   129.012665        -1.01670503E-05
   129.139450        -1.18989301E-05
   129.266251        -1.35229175E-05
   129.393036        -1.50147871E-05
   129.519836        -1.63517961E-05
   129.646622        -1.75125333E-05
   129.773422        -1.84767450E-05
   129.900208        -1.92252373E-05
   130.027008        -1.97398113E-05
   130.153793        -2.00032773E-05
   130.280594        -1.99996048E-05
   130.407379        -1.97141289E-05
   130.534180        -1.91338931E-05
   130.660965        -1.82480908E-05
   130.787766        -1.70485764E-05
   130.914551        -1.55304479E-05
   131.041351        -1.36926556E-05
   131.168137        -1.15386101E-05
   131.294937        -9.07675712E-06
   131.421722        -6.32106685E-06
   131.548523        -3.29142222E-06
   131.675308        -1.38558889E-08
   131.802109         3.47939454E-06
   131.928894         7.15001943E-06
   132.055679         1.09539942E-05
   132.182480         1.48421432E-05
   132.309265         1.87609294E-05
   132.436066         2.26534248E-05
   132.562851         2.64604769E-05
   132.689651         3.01219989E-05
   132.816437         3.35783661E-05
   132.943237         3.67718603E-05
   133.070023         3.96481446E-05
   133.196823         4.21576551E-05
   133.323608         4.42569399E-05
   133.450409         4.59098155E-05
   133.577194         4.70883970E-05
   133.703995         4.77738504E-05
   133.830780         4.79569353E-05
   133.957581         4.76382702E-05
   134.084366         4.68283251E-05
   134.211166         4.55471636E-05
   134.337952         4.38238603E-05
   134.464752         4.16957519E-05
   134.591537         3.92074180E-05
   134.718338         3.64095213E-05
   134.845123         3.33574535E-05
   134.971924         3.01099299E-05
   135.098709         2.67275100E-05
   135.225510         2.32710827E-05
   135.352295         1.98004309E-05
   135.479095         1.63728109E-05
   135.605881         1.30417111E-05
   135.732666         9.85569568E-06
   135.859467         6.85745408E-06
   135.986252         4.08304413E-06
   136.113052         1.56131489E-06
   136.239838        -6.86424812E-07
   136.366638        -2.64652499E-06
   136.493423        -4.31291392E-06
   136.620224        -5.68680889E-06
   136.747009        -6.77623166E-06
   136.873810        -7.59537807E-06
   137.000595        -8.16382908E-06
   137.127396        -8.50566630E-06
   137.254181        -8.64849244E-06
   137.380981        -8.62241814E-06
   137.507767        -8.45903014E-06
   137.634567        -8.19036632E-06
   137.761353        -7.84795520E-06
   137.888153        -7.46190608E-06
   138.014938        -7.06010997E-06
   138.141739        -6.66755295E-06
   138.268524        -6.30575551E-06
   138.395325        -5.99236319E-06
   138.522110        -5.74087471E-06
   138.648911        -5.56052373E-06
   138.775696        -5.45629746E-06
   138.902496        -5.42909447E-06
   139.029282        -5.47598893E-06
   139.156082        -5.59060572E-06
   139.282867        -5.76356297E-06
   139.409653        -5.98298038E-06
   139.536453        -6.23501774E-06
   139.663239        -6.50442689E-06
   139.790039        -6.77510025E-06
   139.916824        -7.03059141E-06
   140.043625        -7.25459722E-06
   140.170410        -7.43138571E-06
   140.297211        -7.54616440E-06
   140.423996        -7.58538454E-06
   140.550797        -7.53698305E-06
   140.677582        -7.39056350E-06
   140.804382        -7.13752206E-06
   140.931168        -6.77113030E-06
   141.057968        -6.28658336E-06
   141.184753        -5.68101450E-06
   141.311554        -4.95350241E-06
   141.438339        -4.10506027E-06
   141.565140        -3.13863211E-06
   141.691925        -2.05907668E-06
   141.818726        -8.73162435E-07
   141.945511         4.10436598E-07
   142.072311         1.78115442E-06
   142.199097         3.22654478E-06
   142.325897         4.73231512E-06
   142.452682         6.28239150E-06
   142.579483         7.85901102E-06
   142.706268         9.44285875E-06
   142.833069         1.10132605E-05
   142.959854         1.25484212E-05
   143.086655         1.40257198E-05
   143.213440         1.54220670E-05
   143.340225         1.67142971E-05
   143.467026         1.78796181E-05
   143.593811         1.88960748E-05
   143.720612         1.97430581E-05
   143.847397         2.04017833E-05
   143.974197         2.08558085E-05
   144.100983         2.10914768E-05
   144.227783         2.10983708E-05
   144.354568         2.08696583E-05
   144.481369         2.04024254E-05
   144.608154         1.96979036E-05
   144.734955         1.87616060E-05
   144.861740         1.76034082E-05
   144.988541         1.62375054E-05
   145.115326         1.46822977E-05
   145.242126         1.29601849E-05
   145.368912         1.10972751E-05
   145.495712         9.12300675E-06
   145.622498         7.06972742E-06
   145.749298         4.97217752E-06
   145.876083         2.86696309E-06
   146.002884         7.91952630E-07
   146.129669        -1.21434528E-06
   146.256470        -3.11342569E-06
   146.383255        -4.86745284E-06
   146.510056        -6.43993599E-06
   146.636841        -7.79639413E-06
   146.763641        -8.90503998E-06
   146.890427        -9.73741135E-06
   147.017212        -1.02690119E-05
   147.144012        -1.04798864E-05
   147.270798        -1.03551656E-05
   147.397598        -9.88552983E-06
   147.524384        -9.06759851E-06
   147.651184        -7.90424474E-06
   147.777969        -6.40478265E-06
   147.904770        -4.58505338E-06
   148.031555        -2.46736340E-06
   148.158356        -8.03102438E-08
   148.285141         2.54155157E-06
   148.411942         5.35820163E-06
   148.538727         8.32476235E-06
   148.665527         1.13922615E-05
   148.792313         1.45085396E-05
   148.919113         1.76192334E-05
   149.045898         2.06688710E-05
   149.172699         2.36020551E-05
   149.299484         2.63646325E-05
   149.426285         2.89049294E-05
   149.553070         3.11749354E-05
   149.679871         3.31314259E-05
   149.806656         3.47370333E-05
   149.933456         3.59611549E-05
   150.060242         3.67807370E-05
   150.187042         3.71808710E-05
   150.313828         3.71551905E-05
   150.440628         3.67060602E-05
   150.567413         3.58445213E-05
   150.694214         3.45900044E-05
   150.820999         3.29698341E-05
   150.947784         3.10184951E-05
   151.074585         2.87766779E-05
   151.201370         2.62901831E-05
   151.328171         2.36086489E-05
   151.454956         2.07841658E-05
   151.581757         1.78698519E-05
   151.708542         1.49183788E-05
   151.835342         1.19805391E-05
   151.962128         9.10391554E-06
   152.088928         6.33164609E-06
   152.215714         3.70139242E-06
   152.342514         1.24450855E-06
   152.469299        -1.01454555E-06
   152.596100        -3.05852041E-06
   152.722885        -4.87742773E-06
   152.849686        -6.46831086E-06
   152.976471        -7.83475571E-06
   153.103271        -8.98617145E-06
   153.230057        -9.93686081E-06
   153.356857        -1.07049345E-05
   153.483643        -1.13111219E-05
   153.610443        -1.17775189E-05
   153.737228        -1.21263620E-05
   153.864029        -1.23788386E-05
   153.990814        -1.25540246E-05
   154.117615        -1.26679961E-05
   154.244400        -1.27331232E-05
   154.371201        -1.27576150E-05
   154.497986        -1.27453113E-05
   154.624771        -1.26957339E-05
   154.751572        -1.26043924E-05
   154.878357        -1.24633243E-05
   155.005157        -1.22618421E-05
   155.131943        -1.19874330E-05
   155.258743        -1.16267875E-05
   155.385529        -1.11668696E-05
   155.512329        -1.05959916E-05
   155.639114        -9.90483568E-06
   155.765915        -9.08734728E-06
   155.892700        -8.14148370E-06
   156.019501        -7.06973969E-06
   156.146286        -5.87945124E-06
   156.273087        -4.58283739E-06
   156.399872        -3.19678634E-06
   156.526672        -1.74237846E-06
   156.653458        -2.44192023E-07
   156.780258         1.27060241E-06
   156.907043         2.77330810E-06
   157.033844         4.23485290E-06
   157.160629         5.62700870E-06
   157.287430         6.92358662E-06
   157.414215         8.10155598E-06
   157.541016         9.14203429E-06
   157.667801         1.00310899E-05
   157.794601         1.07603246E-05
   157.921387         1.13272126E-05
   158.048187         1.17351528E-05
   158.174973         1.19932638E-05
   158.301773         1.21159001E-05
   158.428558         1.21219600E-05
   158.555344         1.20339628E-05
   158.682144         1.18769931E-05
   158.808929         1.16775500E-05
   158.935730         1.14623335E-05
   159.062515         1.12570715E-05
   159.189316         1.10854153E-05
   159.316101         1.09679431E-05
   159.442902         1.09213652E-05
   159.569687         1.09579078E-05
   159.696487         1.10849396E-05
   159.823273         1.13048318E-05
   159.950073         1.16150595E-05
   160.076859         1.20085360E-05
   160.203659         1.24741291E-05
