  -4.50000000         0.00000000    
  -4.37320757         0.00000000    
  -4.24641466         0.00000000    
  -4.11962223         0.00000000    
  -3.99282932         0.00000000    
  -3.86603665         0.00000000    
  -3.73924398         0.00000000    
  -3.61245155         0.00000000    
  -3.48565888         0.00000000    
  -3.35886621         0.00000000    
  -3.23207355         0.00000000    
  -3.10528088         0.00000000    
  -2.97848821         0.00000000    
  -2.85169554         0.00000000    
  -2.72490287         0.00000000    
  -2.59811020         0.00000000    
  -2.47131753         0.00000000    
  -2.34452486         0.00000000    
  -2.21773219         0.00000000    
  -2.09093952         0.00000000    
  -1.96414697         0.00000000    
  -1.83735430         0.00000000    
  -1.71056163         0.00000000    
  -1.58376896         0.00000000    
  -1.45697629         0.00000000    
  -1.33018374         0.00000000    
  -1.20339108         0.00000000    
  -1.07659841         0.00000000    
 -0.949805737         0.00000000    
 -0.823013067         0.00000000    
 -0.696220458         0.00000000    
 -0.569427788         0.00000000    
 -0.442635119         0.00000000    
 -0.315842479         0.00000000    
 -0.189049825         0.00000000    
  -6.22571707E-02     0.00000000    
   6.45354837E-02     0.00000000    
  0.191328138         0.00000000    
  0.318120778         0.00000000    
  0.444913447         0.00000000    
  0.571706116         0.00000000    
  0.698498726         0.00000000    
  0.825291395         0.00000000    
  0.952084064         0.00000000    
   1.07887673         0.00000000    
   1.20566940         0.00000000    
   1.33246195         0.00000000    
   1.45925462         0.00000000    
   1.58604729         0.00000000    
   1.71283996         0.00000000    
   1.83963263         0.00000000    
   1.96642530         0.00000000    
   2.09321785         0.00000000    
   2.22001052         0.00000000    
   2.34680319         0.00000000    
   2.47359586         0.00000000    
   2.60038853         0.00000000    
   2.72718120         0.00000000    
   2.85397387         0.00000000    
   2.98076653         0.00000000    
   3.10755920         0.00000000    
   3.23435187         0.00000000    
   3.36114454         0.00000000    
   3.48793697         0.00000000    
   3.61472964         0.00000000    
   3.74152231         0.00000000    
   3.86831498         0.00000000    
   3.99510765         0.00000000    
   4.12190056         0.00000000    
   4.24869299         0.00000000    
   4.37548542         0.00000000    
   4.50227833         0.00000000    
   4.62907076         0.00000000    
   4.75586367         0.00000000    
   4.88265610         0.00000000    
   5.00944901         0.00000000    
   5.13624144         0.00000000    
   5.26303434         0.00000000    
   5.38982677         0.00000000    
   5.51661968         0.00000000    
   5.64341211         0.00000000    
   5.77020502         0.00000000    
   5.89699745         0.00000000    
   6.02379036         0.00000000    
   6.15058279         0.00000000    
   6.27737522         0.00000000    
   6.40416813         0.00000000    
   6.53096056         0.00000000    
   6.65775347         0.00000000    
   6.78454590         0.00000000    
   6.91133881         0.00000000    
   7.03813124         0.00000000    
   7.16492414         0.00000000    
   7.29171658         0.00000000    
   7.41850948         0.00000000    
   7.54530191         0.00000000    
   7.67209482         0.00000000    
   7.79888725         0.00000000    
   7.92567968         0.00000000    
   8.05247211         0.00000000    
   8.17926502         0.00000000    
   8.30605793         0.00000000    
   8.43285084         0.00000000    
   8.55964279         0.00000000    
   8.68643570         0.00000000    
   8.81322861         0.00000000    
   8.94002151         0.00000000    
   9.06681347         0.00000000    
   9.19360638         0.00000000    
   9.32039928         0.00000000    
   9.44719219         0.00000000    
   9.57398415         0.00000000    
   9.70077705         0.00000000    
   9.82756996         0.00000000    
   9.95436192         0.00000000    
   10.0811548         0.00000000    
   10.2079477         0.00000000    
   10.3347406         0.00000000    
   10.4615326         0.00000000    
   10.5883255         0.00000000    
   10.7151184         0.00000000    
   10.8419113         0.00000000    
   10.9687033         0.00000000    
   11.0954962         0.00000000    
   11.2222891         0.00000000    
   11.3490820         0.00000000    
   11.4758739         0.00000000    
   11.6026669         0.00000000    
   11.7294598         0.00000000    
   11.8562517         0.00000000    
   11.9830446         0.00000000    
   12.1098375         0.00000000    
   12.2366304         0.00000000    
   12.3634224         0.00000000    
   12.4902153         0.00000000    
   12.6170082         0.00000000    
   12.7438011         0.00000000    
   12.8705931         0.00000000    
   12.9973860         0.00000000    
   13.1241789         0.00000000    
   13.2509708         0.00000000    
   13.3777637         0.00000000    
   13.5045567         0.00000000    
   13.6313496         0.00000000    
   13.7581415         0.00000000    
   13.8849344         0.00000000    
   14.0117273         0.00000000    
   14.1385202         0.00000000    
   14.2653122         0.00000000    
   14.3921051         0.00000000    
   14.5188980         0.00000000    
   14.6456909         0.00000000    
   14.7724829         0.00000000    
   14.8992758         0.00000000    
   15.0260687         0.00000000    
   15.1528606         0.00000000    
   15.2796535         0.00000000    
   15.4064465         0.00000000    
   15.5332394         0.00000000    
   15.6600313         0.00000000    
   15.7868242         0.00000000    
   15.9136171         0.00000000    
   16.0404091         0.00000000    
   16.1672020         0.00000000    
   16.2939949         0.00000000    
   16.4207878         0.00000000    
   16.5475807         0.00000000    
   16.6743736         0.00000000    
   16.8011646         0.00000000    
   16.9279575         0.00000000    
   17.0547504         0.00000000    
   17.1815434         0.00000000    
   17.3083363         0.00000000    
   17.4351292         0.00000000    
   17.5619221         0.00000000    
   17.6887150         0.00000000    
   17.8155060         0.00000000    
   17.9422989         0.00000000    
   18.0690918         0.00000000    
   18.1958847         0.00000000    
   18.3226776         0.00000000    
   18.4494705         0.00000000    
   18.5762634         0.00000000    
   18.7030544         0.00000000    
   18.8298473         0.00000000    
   18.9566402         0.00000000    
   19.0834332         5.03843281E-35
   19.2102261         8.63274786E-35
   19.3370190         1.22270641E-34
   19.4638119         1.10604318E-34
   19.5906048        -6.93574269E-35
   19.7173958        -2.32122734E-34
   19.8441887        -1.10585044E-34
   19.9709816         8.27329741E-35
   20.0977745         3.30788427E-34
   20.2245674         2.77614733E-34
   20.3513603        -6.69767661E-34
   20.4781532        -2.55598261E-33
   20.6049442        -5.04596966E-33
   20.7317371        -7.09548447E-33
   20.8585300        -9.81450870E-33
   20.9853230        -9.28527690E-33
   21.1121159        -5.47901150E-33
   21.2389088        -8.63944910E-34
   21.3657017         2.82536514E-33
   21.4924946         6.47147036E-33
   21.6192856         8.59504425E-33
   21.7460785         1.09818988E-32
   21.8728714         6.54397044E-33
   21.9996643         1.35073420E-33
   22.1264572        -6.54775406E-33
   22.2532501        -2.28615387E-32
   22.3800430        -4.21061577E-32
   22.5068340        -3.20394927E-31
   22.6336269        -4.97361675E-31
   22.7604198        -2.91774931E-31
   22.8872128         7.84685878E-31
   23.0140057         2.47768329E-30
   23.1407986         3.99298955E-30
   23.2675915         4.76749099E-30
   23.3943844         4.79464585E-30
   23.5211754         4.17779457E-30
   23.6479683         1.91843650E-30
   23.7747612        -1.14767012E-30
   23.9015541        -4.59621978E-30
   24.0283470        -9.03178239E-30
   24.1551399        -2.13306657E-29
   24.2819328        -3.44756205E-29
   24.4087238        -5.07868569E-29
   24.5355167        -7.14656269E-29
   24.6623096        -8.89976922E-29
   24.7891026        -1.04808530E-28
   24.9158955        -1.07043969E-28
   25.0426884        -8.85224930E-29
   25.1694813        -4.41244273E-29
   25.2962742         1.87629422E-29
   25.4230652         9.39868257E-29
   25.5498581         1.75908086E-28
   25.6766510         2.48968142E-28
   25.8034439         3.07254726E-28
   25.9302368         3.40547483E-28
   26.0570297         3.60197120E-28
   26.1838226         3.58550113E-28
   26.3106136         3.50364357E-28
   26.4374065         3.34020530E-28
   26.5641994         3.12891249E-28
   26.6909924         2.81154788E-28
   26.8177853         2.36229271E-28
   26.9445782         1.77264542E-28
   27.0713711         8.41160977E-29
   27.1981640        -3.89580118E-29
   27.3249550        -2.06853687E-28
   27.4517479        -4.22529096E-28
   27.5785408        -6.92737549E-28
   27.7053337        -1.01827306E-27
   27.8321266        -1.37829071E-27
   27.9589195        -1.74235589E-27
   28.0857124        -2.07151465E-27
   28.2125034        -2.31019515E-27
   28.3392963        -2.39014088E-27
   28.4660892        -2.24865899E-27
   28.5928822        -1.82764589E-27
   28.7196751        -1.07750513E-27
   28.8464680         4.26223975E-29
   28.9732609         1.54813317E-27
   29.1000538         3.43191125E-27
   29.2268448         5.64642100E-27
   29.3536377         8.08778025E-27
   29.4804306         1.06020841E-26
   29.6072235         1.29807909E-26
   29.7340164         1.49572912E-26
   29.8608093         1.62152886E-26
   29.9876022         1.64022979E-26
   30.1143932         1.51437058E-26
   30.2411861         1.20816698E-26
   30.3679790         6.90660203E-27
   30.4947720        -6.02826762E-28
   30.6215649        -1.05263773E-26
   30.7483578        -2.27548469E-26
   30.8751507        -3.69387878E-26
   31.0019417        -5.24472077E-26
   31.1287346        -6.83351129E-26
   31.2555275        -8.33308842E-26
   31.3823204        -9.58482332E-26
   31.5091133        -1.04028172E-25
   31.6359062        -1.05813549E-25
   31.7626991        -9.90654052E-26
   31.8894920        -8.17169918E-26
   32.0162849        -5.19685048E-26
   32.1430779        -8.51350476E-27
   32.2698708         4.92106686E-26
   32.3966637         1.20761638E-25
   32.5234528         2.04437420E-25
   32.6502457         2.97049370E-25
   32.7770386         3.93750923E-25
   32.9038315         4.87949962E-25
   33.0306244         5.71338723E-25
   33.1574173         6.34070224E-25
   33.2842102         6.65105590E-25
   33.4110031         6.52753310E-25
   33.5377960         5.85406627E-25
   33.6645889         4.52477648E-25
   33.7913818         2.45503621E-25
   33.9181747        -4.06133481E-26
   34.0449677        -4.06296696E-25
   34.1717606        -8.45998692E-25
   34.2985535        -1.34701559E-24
   34.4253426        -1.88854366E-24
   34.5521355        -2.44109299E-24
   34.6789284        -2.96641066E-24
   34.8057213        -3.41803609E-24
   34.9325142        -3.74260857E-24
   35.0593071        -3.88202317E-24
   35.1861000        -3.77648028E-24
   35.3128929        -3.36842108E-24
   35.4396858        -2.60728252E-24
   35.5664787        -1.45492891E-24
   35.6932716         1.08474895E-25
   35.8200645         2.07846389E-24
   35.9468575         4.42054419E-24
   36.0736504         7.06523627E-24
   36.2004433         9.90436639E-24
   36.3272324         1.27892457E-23
   36.4540253         1.55312529E-23
   36.5808182         1.79053550E-23
   36.7076111         1.96569828E-23
   36.8344040         2.05126334E-23
   36.9611969         2.01941450E-23
   37.0879898         1.84367017E-23
   37.2147827         1.50099531E-23
   37.3415756         9.74166620E-24
   37.4683685         2.54272806E-24
   37.5951614        -6.56781372E-24
   37.7219543        -1.74394522E-23
   37.8487473        -2.97705156E-23
   37.9755402        -4.30943605E-23
   38.1023293        -5.67732970E-23
   38.2291222        -7.00028162E-23
   38.3559151        -8.18274120E-23
   38.4827080        -9.11700495E-23
   38.6095009        -9.68756533E-23
   38.7362938        -9.77688016E-23
   38.8630867        -9.27251279E-23
   38.9898796        -8.07539175E-23
   39.1166725        -6.10896031E-23
   39.2434654        -3.32872512E-23
   39.3702583         2.68271655E-24
   39.4970512         4.63470770E-23
   39.6238441         9.66568927E-23
   39.7506371         1.51935973E-22
   39.8774300         2.09858950E-22
   40.0042191         2.67465448E-22
   40.1310120         3.21216461E-22
   40.2578049         3.67098126E-22
   40.3845978         4.00773525E-22
   40.5113907         4.17784951E-22
   40.6381836         4.13799954E-22
   40.7649765         3.84896015E-22
   40.8917694         3.27873892E-22
   41.0185623         2.40582709E-22
   41.1453552         1.22241999E-22
   41.2721481        -2.62609981E-23
   41.3989410        -2.02121966E-22
   41.5257339        -4.00439074E-22
   41.6525269        -6.14126826E-22
   41.7793198        -8.33944823E-22
   41.9061089        -1.04865640E-21
   42.0329018        -1.24533334E-21
   42.1596947        -1.40981020E-21
   42.2864876        -1.52728459E-21
   42.4132805        -1.58305476E-21
   42.5400734        -1.56336782E-21
   42.6668663        -1.45635052E-21
   42.7936592        -1.25297799E-21
   42.9204521        -9.48028247E-22
   43.0472450        -5.40968497E-22
   43.1740379        -3.67063322E-23
   43.3008308         5.53854975E-22
   43.4276237         1.21351596E-21
   43.5544167         1.91879528E-21
   43.6812096         2.64029306E-21
   43.8079987         3.34344202E-21
   43.9347916         3.98964517E-21
   44.0615845         4.53778763E-21
   44.1883774         4.94609618E-21
   44.3151703         5.17426353E-21
   44.4419632         5.18576611E-21
   44.5687561         4.95025389E-21
   44.6955490         4.44588577E-21
   44.8223419         3.66148105E-21
   44.9491348         2.59831163E-21
   45.0759277         1.27142194E-21
   45.2027206        -2.89665357E-22
   45.3295135        -2.04097345E-21
   45.4563065        -3.92487265E-21
   45.5830994        -5.87171371E-21
   45.7098885        -7.80228500E-21
   45.8366814        -9.63096404E-21
   45.9634743        -1.12695046E-20
   46.0902672        -1.26312144E-20
   46.2170601        -1.36353874E-20
   46.3438530        -1.42115639E-20
   46.4706459        -1.43035345E-20
   46.5974388        -1.38726315E-20
   46.7242317        -1.29001014E-20
   46.8510246        -1.13883068E-20
   46.9778175        -9.36061492E-21
   47.1046104        -6.85984840E-21
   47.2314034        -3.94530579E-21
   47.3581963        -6.88543546E-22
   47.4849892         2.83189281E-21
   47.6117783         6.53633394E-21
   47.7385712         1.03500069E-20
   47.8653641         1.42086139E-20
   47.9921570         1.80627666E-20
   48.1189499         2.18807205E-20
   48.2457428         2.56487172E-20
   48.3725357         2.93684434E-20
   48.4993286         3.30511614E-20
   48.6261215         3.67085340E-20
   48.7529144         4.03401348E-20
   48.8797073         4.39181723E-20
   49.0065002         4.73702878E-20
   49.1332932         5.05614376E-20
   49.2600861         5.32767387E-20
   49.3868790         5.52067256E-20
   49.5136681         5.59374427E-20
   49.6404610         5.49470038E-20
   49.7672539         5.16120474E-20
   49.8940468         4.52243325E-20
   50.0208397         3.50204845E-20
   50.1476326         2.02255062E-20
   50.2744255         1.10177426E-22
   50.4012184        -2.59384502E-20
   50.5280113        -5.83347672E-20
   50.6548042        -9.72040036E-20
   50.7815971        -1.42287318E-19
   50.9083900        -1.92849211E-19
   51.0351830        -2.47591959E-19
   51.1619759        -3.04587289E-19
   51.2887688        -3.61232100E-19
   51.4155579        -4.14236645E-19
   51.5423508        -4.59655633E-19
   51.6691437        -4.92966971E-19
   51.7959366        -5.09206026E-19
   51.9227295        -5.03158922E-19
   52.0495224        -4.69615714E-19
   52.1763153        -4.03680140E-19
   52.3031082        -3.01131302E-19
   52.4299011        -1.58823847E-19
   52.5566940         2.48870309E-20
   52.6834869         2.49717038E-19
   52.8102798         5.13043627E-19
   52.9370728         8.09546208E-19
   53.0638657         1.13092495E-18
   53.1906586         1.46572920E-18
   53.3174477         1.79933104E-18
   53.4442406         2.11406850E-18
   53.5710335         2.38958644E-18
   53.6978264         2.60339547E-18
   53.8246193         2.73165727E-18
   53.9514122         2.75019252E-18
   54.0782051         2.63570638E-18
   54.2049980         2.36719653E-18
   54.3317909         1.92750908E-18
   54.4585838         1.30497327E-18
   54.5853767         4.95057153E-19
   54.7121696        -4.98053822E-19
   54.8389626        -1.66004902E-18
   54.9657555        -2.96535461E-18
   55.0925484        -4.37638432E-18
   55.2193375        -5.84327498E-18
   55.3461304        -7.30421243E-18
   55.4729233        -8.68642875E-18
   55.5997162        -9.90793629E-18
   55.7265091        -1.08800298E-17
   55.8533020        -1.15105516E-17
   55.9800949        -1.17079061E-17
   56.1068878        -1.13857102E-17
   56.2336807        -1.04679599E-17
   56.3604736        -8.89454988E-18
   56.4872665        -6.62690247E-18
   56.6140594        -3.65345576E-18
   56.7408524         5.28755294E-21
   56.8676453         4.29248215E-18
   56.9944382         9.11176502E-18
   57.1212273         1.43254910E-17
   57.2480202         1.97547208E-17
   57.3748131         2.51812192E-17
   57.5016060         3.03516456E-17
   57.6283989         3.49841283E-17
   57.7551918         3.87771915E-17
   57.8819847         4.14210129E-17
   58.0087776         4.26108097E-17
   58.1355705         4.20619555E-17
   58.2623634         3.95264517E-17
   58.3891563         3.48101061E-17
   58.5159492         2.77896885E-17
   58.6427422         1.84292978E-17
   58.7695351         6.79498143E-18
   58.8963280        -6.93329141E-18
   59.0231171        -2.24532354E-17
   59.1499100        -3.93364218E-17
   59.2767029        -5.70296497E-17
   59.4034958        -7.48624990E-17
   59.5302887        -9.20611126E-17
   59.6570816        -1.07768889E-16
   59.7838745        -1.21073765E-16
   59.9106674        -1.31041754E-16
   60.0374603        -1.36756209E-16
   60.1642532        -1.37361454E-16
   60.2910461        -1.32109770E-16
   60.4178391        -1.20409532E-16
   60.5446320        -1.01872831E-16
   60.6714249        -7.63602386E-17
   60.7982178        -4.40201335E-17
   60.9250069        -5.32030286E-18
   61.0517998         3.89306798E-17
   61.1785927         8.75746239E-17
   61.3053856         1.39109306E-16
   61.4321785         1.91710132E-16
   61.5589714         2.43268815E-16
   61.6857643         2.91449611E-16
   61.8125572         3.33762480E-16
   61.9393501         3.67652163E-16
   62.0661430         3.90601356E-16
   62.1929359         4.00244296E-16
   62.3197289         3.94488178E-16
   62.4465218         3.71636711E-16
   62.5733147         3.30511515E-16
   62.7001076         2.70565326E-16
   62.8268967         1.91981023E-16
   62.9536896         9.57508675E-17
   63.0804825        -1.62702555E-17
   63.2072754        -1.41342681E-16
   63.3340683        -2.75855470E-16
   63.4608612        -4.15378631E-16
   63.5876541        -5.54756923E-16
   63.7144470        -6.88245133E-16
   63.8412399        -8.09683559E-16
   63.9680328        -9.12711035E-16
   64.0948257        -9.91009808E-16
   64.2216187        -1.03857547E-15
   64.3484116        -1.05000301E-15
   64.4752045        -1.02077825E-15
   64.6019974        -9.47562629E-16
   64.7287903        -8.28459156E-16
   64.8555832        -6.63245062E-16
   64.9823761        -4.53558615E-16
   65.1091690        -2.03026876E-16
   65.2359619         8.26766361E-17
   65.3627548         3.95854204E-16
   65.4895477         7.26893288E-16
   65.6163330         1.06446694E-15
   65.7431259         1.39582633E-15
   65.8699188         1.70718051E-15
   65.9967117         1.98415922E-15
   66.1235046         2.21234206E-15
   66.2502975         2.37784425E-15
   66.3770905         2.46793425E-15
   66.5038834         2.47166501E-15
   66.6306763         2.38048932E-15
   66.7574692         2.18883499E-15
   66.8842621         1.89461047E-15
   67.0110550         1.49961371E-15
   67.1378479         1.00981923E-15
   67.2646408         4.35517925E-16
   67.3914337        -2.08708098E-16
   67.5182266        -9.04187237E-16
   67.6450195        -1.62854917E-15
   67.7718124        -2.35629955E-15
   67.8986053        -3.05957470E-15
   68.0253983        -3.70905860E-15
   68.1521912        -4.27503839E-15
   68.2789841        -4.72856482E-15
   68.4057770        -5.04268360E-15
   68.5325699        -5.19368204E-15
   68.6593628        -5.16231387E-15
   68.7861557        -4.93493550E-15
   68.9129486        -4.50451020E-15
   69.0397415        -3.87142126E-15
   69.1665344        -3.04404837E-15
   69.2933273        -2.03905797E-15
   69.4201126        -8.81382992E-16
   69.5469055         3.96144710E-16
   69.6736984         1.75350728E-15
   69.8004913         3.14457234E-15
   69.9272842         4.51848963E-15
   70.0540771         5.82139317E-15
   70.1808701         6.99835604E-15
   70.3076630         7.99552685E-15
   70.4344559         8.76239490E-15
   70.5612488         9.25406449E-15
   70.6880417         9.43348386E-15
   70.8148346         9.27349458E-15
   70.9416275         8.75862645E-15
   71.0684204         7.88652980E-15
   71.1952133         6.66896695E-15
   71.3220062         5.13228317E-15
   71.4487991         3.31729802E-15
   71.5755920         1.27858681E-15
   71.7023849        -9.16872190E-16
   71.8291779        -3.19166059E-15
   71.9559708        -5.46046354E-15
   72.0827637        -7.63311957E-15
   72.2095566        -9.61809215E-15
   72.3363495        -1.13262281E-14
   72.4631424        -1.26746741E-14
   72.5899353        -1.35907978E-14
   72.7167282        -1.40159245E-14
   72.8435211        -1.39087291E-14
   72.9703140        -1.32481162E-14
   73.0971069        -1.20354132E-14
   73.2238922        -1.02957321E-14
   73.3506851        -8.07838954E-15
   73.4774780        -5.45629741E-15
   73.6042709        -2.52426216E-15
   73.7310638         6.03795578E-16
   73.8578568         3.79866833E-15
   73.9846497         6.92063187E-15
   74.1114426         9.82503839E-15
   74.2382355         1.23685233E-14
   74.3650284         1.44156012E-14
   74.4918213         1.58454098E-14
   74.6186142         1.65582795E-14
   74.7454071         1.64818381E-14
   74.8722000         1.55763582E-14
   74.9989929         1.38390022E-14
   75.1257858         1.13067455E-14
   75.2525787         8.05771347E-15
   75.3793716         4.21073715E-15
   75.5061646        -7.69702677E-17
   75.6329575        -4.61408874E-15
   75.7597504        -9.18137213E-15
   75.8865433        -1.35396048E-14
   76.0133362        -1.74391480E-14
   76.1401291        -2.06307851E-14
   76.2669220        -2.28774722E-14
   76.3937149        -2.39665499E-14
   76.5205078        -2.37219217E-14
   76.6473007        -2.20156873E-14
   76.7740936        -1.87785951E-14
   76.9008865        -1.40088179E-14
   77.0276718        -7.77854411E-15
   77.1544647        -2.37775992E-16
   77.2812576         8.38490789E-15
   77.4080505         1.77850458E-14
   77.5348434         2.75885712E-14
   77.6616364         3.73617322E-14
   77.7884293         4.66245728E-14
   77.9152222         5.48676163E-14
   78.0420151         6.15714958E-14
   78.1688080         6.62287472E-14
   78.2956009         6.83672140E-14
   78.4223938         6.75741201E-14
   78.5491867         6.35197868E-14
   78.6759796         5.59802482E-14
   78.8027725         4.48573910E-14
   78.9295654         3.01957251E-14
   79.0563583         1.21948909E-14
   79.1831512        -8.78319295E-15
   79.3099442        -3.22131034E-14
   79.4367371        -5.74113240E-14
   79.5635300        -8.35485042E-14
   79.6903229        -1.09668791E-13
   79.8171158        -1.34715915E-13
   79.9439087        -1.57565774E-13
   80.0707016        -1.77064472E-13
   80.1974945        -1.92071009E-13
   80.3242874        -2.01503229E-13
   80.4510803        -2.04385554E-13
   80.5778732        -1.99896577E-13
   80.7046585        -1.87414957E-13
   80.8314514        -1.66561507E-13
   80.9582443        -1.37235492E-13
   81.0850372        -9.96434855E-14
   81.2118301        -5.43190540E-14
   81.3386230        -2.13155375E-15
   81.4654160         5.57168650E-14
   81.5922089         1.17706897E-13
   81.7190018         1.82030863E-13
   81.8457947         2.46634148E-13
   81.9725876         3.09269618E-13
   82.0993805         3.67562480E-13
   82.2261734         4.19085502E-13
   82.3529663         4.61441595E-13
   82.4797592         4.92351494E-13
   82.6065521         5.09743452E-13
   82.7333450         5.11842738E-13
   82.8601379         4.97256424E-13
   82.9869308         4.65050687E-13
   83.1137238         4.14817513E-13
   83.2405167         3.46727719E-13
   83.3673096         2.61566539E-13
   83.4941025         1.60750739E-13
   83.6208954         4.63247232E-14
   83.7476883        -7.90655451E-14
   83.8744812        -2.12220988E-13
   84.0012741        -3.49460098E-13
   84.1280670        -4.86710444E-13
   84.2548599        -6.19619265E-13
   84.3816528        -7.43680454E-13
   84.5084381        -8.54373863E-13
   84.6352310        -9.47313517E-13
   84.7620239        -1.01839988E-12
   84.8888168        -1.06397009E-12
   85.0156097        -1.08094349E-12
   85.1424026        -1.06695327E-12
   85.2691956        -1.02046334E-12
   85.3959885        -9.40862080E-13
   85.5227814        -8.28530929E-13
   85.6495743        -6.84883140E-13
   85.7763672        -5.12370528E-13
   85.9031601        -3.14456414E-13
   86.0299530        -9.55539901E-14
   86.1567459         1.39068797E-13
   86.2835388         3.83416497E-13
   86.4103317         6.30921801E-13
   86.5371246         8.74626814E-13
   86.6639175         1.10738317E-12
   86.7907104         1.32206550E-12
   86.9175034         1.51179221E-12
   87.0442963         1.67014471E-12
   87.1710892         1.79138074E-12
   87.2978821         1.87062909E-12
   87.4246750         1.90406588E-12
   87.5514679         1.88905835E-12
   87.6782608         1.82427597E-12
   87.8050537         1.70976200E-12
   87.9318466         1.54696199E-12
   88.0586395         1.33870866E-12
   88.1854324         1.08916077E-12
   88.3122177         8.03699934E-13
   88.4390106         4.88785444E-13
   88.5658035         1.51773816E-13
   88.6925964        -1.99293015E-13
   88.8193893        -5.55922441E-13
   88.9461823        -9.09420922E-13
   89.0729752        -1.25115098E-12
   89.1997681        -1.57278585E-12
   89.3265610        -1.86655118E-12
   89.4533539        -2.12544652E-12
   89.5801468        -2.34343990E-12
   89.7069397        -2.51562313E-12
   89.8337326        -2.63832749E-12
   89.9605255        -2.70919398E-12
   90.0873184        -2.72719130E-12
   90.2141113        -2.69259007E-12
   90.3409042        -2.60688433E-12
   90.4676971        -2.47267506E-12
   90.5944901        -2.29350935E-12
   90.7212830        -2.07369451E-12
   90.8480759        -1.81808615E-12
   90.9748688        -1.53186676E-12
   91.1016617        -1.22032126E-12
   91.2284546        -8.88624569E-13
   91.3552475        -5.41648703E-13
   91.4820404        -1.83801013E-13
   91.6088333         1.81096213E-13
   91.7356262         5.49878827E-13
   91.8624191         9.20061553E-13
   91.9892120         1.28980084E-12
   92.1159973         1.65780280E-12
   92.2427902         2.02317698E-12
   92.3695831         2.38524044E-12
   92.4963760         2.74328216E-12
   92.6231689         3.09630143E-12
   92.7499619         3.44272484E-12
   92.8767548         3.78012899E-12
   93.0035477         4.10497417E-12
   93.1303406         4.41237715E-12
   93.2571335         4.69592984E-12
   93.3839264         4.94758748E-12
   93.5107193         5.15764298E-12
   93.6375122         5.31478854E-12
   93.7643051         5.40628783E-12
   93.8910980         5.41825525E-12
   94.0178909         5.33604758E-12
   94.1446838         5.14476049E-12
   94.2714767         4.82982751E-12
   94.3982697         4.37769612E-12
   94.5250626         3.77657888E-12
   94.6518555         3.01723728E-12
   94.7786484         2.09378587E-12
   94.9054413         1.00447331E-12
   95.0322342        -2.47584830E-13
   95.1590271        -1.65376090E-12
   95.2858200        -3.19939084E-12
   95.4126129        -4.86340959E-12
   95.5394058        -6.61816912E-12
   95.6661987        -8.42946980E-12
   95.7929916        -1.02568388E-11
   95.9197769        -1.20540392E-11
   96.0465698        -1.37698620E-11
   96.1733627        -1.53491542E-11
   96.3001556        -1.67341020E-11
   96.4269485        -1.78657401E-11
   96.5537415        -1.86856520E-11
   96.6805344        -1.91378215E-11
   96.8073273        -1.91706061E-11
   96.9341202        -1.87387380E-11
   97.0609131        -1.78053336E-11
   97.1877060        -1.63438117E-11
   97.3144989        -1.43396701E-11
   97.4412918        -1.17920404E-11
   97.5680847        -8.71496104E-12
   97.6948776        -5.13829604E-12
   97.8216705        -1.10826084E-12
   97.9484634         3.31251823E-12
   98.0752563         8.04541590E-12
   98.2020493         1.29967460E-11
   98.3288422         1.80592000E-11
   98.4556351         2.31138043E-11
   98.5824280         2.80323473E-11
   98.7092209         3.26802613E-11
   98.8360138         3.69198699E-11
   98.9628067         4.06139636E-11
   99.0895996         4.36295583E-11
   99.2163925         4.58418165E-11
   99.3431854         4.71379463E-11
   99.4699783         4.74210081E-11
   99.5967712         4.66135013E-11
   99.7235565         4.46605981E-11
   99.8503494         4.15329507E-11
   99.9771423         3.72289248E-11
   100.103935         3.17761928E-11
   100.230728         2.52326007E-11
   100.357521         1.76862726E-11
   100.484314         9.25488158E-12
   100.611107         8.40973951E-14
   100.737900        -9.65477351E-12
   100.864693        -1.97679477E-11
   100.991486        -3.00430306E-11
   101.118279        -4.02535331E-11
   101.245071        -5.01639147E-11
   101.371864        -5.95350227E-11
   101.498657        -6.81298490E-11
   101.625450        -7.57193683E-11
   101.752243        -8.20883292E-11
   101.879036        -8.70409092E-11
   102.005829        -9.04059466E-11
   102.132622        -9.20417423E-11
   102.259415        -9.18401605E-11
   102.386208        -8.97299873E-11
   102.513000        -8.56794843E-11
   102.639793        -7.96979288E-11
   102.766586        -7.18362245E-11
   102.893379        -6.21864990E-11
   103.020172        -5.08807128E-11
   103.146965        -3.80882999E-11
   103.273758        -2.40129323E-11
   103.400551        -8.88850712E-12
   103.527336         7.02559452E-12
   103.654129         2.34497595E-11
   103.780922         4.00898065E-11
   103.907715         5.66429022E-11
   104.034508         7.28035757E-11
   104.161301         8.82696485E-11
   104.288094         1.02747914E-10
   104.414886         1.15959568E-10
   104.541679         1.27645033E-10
   104.668472         1.37568276E-10
   104.795265         1.45520429E-10
   104.922058         1.51322815E-10
   105.048851         1.54829094E-10
   105.175644         1.55926813E-10
   105.302437         1.54538160E-10
   105.429230         1.50620183E-10
   105.556023         1.44164389E-10
   105.682816         1.35195868E-10
   105.809608         1.23772062E-10
   105.936401         1.09981260E-10
   106.063194         9.39410008E-11
   106.189987         7.57963137E-11
   106.316780         5.57181142E-11
   106.443573         3.39016835E-11
   106.570366         1.05653030E-11
   106.697159        -1.40508568E-11
   106.823952        -3.96856437E-11
   106.950745        -6.60576663E-11
   107.077538        -9.28658192E-11
   107.204330        -1.19789831E-10
   107.331116        -1.46490750E-10
   107.457909        -1.72611592E-10
   107.584702        -1.97778349E-10
   107.711494        -2.21601348E-10
   107.838287        -2.43677190E-10
   107.965080        -2.63591426E-10
   108.091873        -2.80922036E-10
   108.218666        -2.95243802E-10
   108.345459        -3.06133757E-10
   108.472252        -3.13177623E-10
   108.599045        -3.15977411E-10
   108.725838        -3.14159726E-10
   108.852631        -3.07385256E-10
   108.979424        -2.95358737E-10
   109.106216        -2.77839612E-10
   109.233009        -2.54652993E-10
   109.359802        -2.25700500E-10
   109.486595        -1.90970698E-10
   109.613388        -1.50549254E-10
   109.740181        -1.04627668E-10
   109.866974        -5.35108000E-11
   109.993767         2.37744980E-12
   110.120560         6.24904503E-11
   110.247353         1.26157543E-10
   110.374146         1.92585559E-10
   110.500938         2.60863053E-10
   110.627731         3.29967609E-10
   110.754524         3.98776290E-10
   110.881317         4.66079009E-10
   111.008102         5.30595234E-10
   111.134895         5.90992866E-10
   111.261688         6.45910325E-10
   111.388481         6.93980762E-10
   111.515274         7.33857530E-10
   111.642067         7.64241614E-10
   111.768860         7.83909715E-10
   111.895653         7.91742061E-10
   112.022446         7.86750831E-10
   112.149239         7.68106800E-10
   112.276031         7.35164929E-10
   112.402824         6.87487289E-10
   112.529617         6.24864105E-10
   112.656410         5.47330958E-10
   112.783203         4.55182614E-10
   112.909996         3.48982704E-10
   113.036789         2.29569461E-10
   113.163582         9.80563478E-11
   113.290375        -4.41709343E-11
   113.417168        -1.95463534E-10
   113.543961        -3.53921670E-10
   113.670753        -5.17412724E-10
   113.797546        -6.83592849E-10
   113.924339        -8.49933124E-10
   114.051132        -1.01374897E-09
   114.177925        -1.17223431E-09
   114.304718        -1.32249733E-09
   114.431511        -1.46159973E-09
   114.558304        -1.58659863E-09
   114.685097        -1.69458925E-09
   114.811882        -1.78275028E-09
   114.938675        -1.84838977E-09
   115.065468        -1.88899096E-09
   115.192261        -1.90225813E-09
   115.319054        -1.88616478E-09
   115.445847        -1.83899673E-09
   115.572639        -1.75939696E-09
   115.699432        -1.64640734E-09
   115.826225        -1.49950830E-09
   115.953018        -1.31865530E-09
   116.079811        -1.10431209E-09
   116.206604        -8.57478644E-10
   116.333397        -5.79716164E-10
   116.460190        -2.73162826E-10
   116.586983         5.94536642E-11
   116.713776         4.14812101E-10
   116.840569         7.89003307E-10
   116.967361         1.17754284E-09
   117.094154         1.57539404E-09
   117.220947         1.97700256E-09
   117.347740         2.37634024E-09
   117.474533         2.76696244E-09
   117.601326         3.14207549E-09
   117.728119         3.49461660E-09
   117.854912         3.81734644E-09
   117.981705         4.10295042E-09
   118.108498         4.34415437E-09
   118.235291         4.53384663E-09
   118.362083         4.66521044E-09
   118.488876         4.73186068E-09
   118.615662         4.72798467E-09
   118.742455         4.64849181E-09
   118.869247         4.48915083E-09
   118.996040         4.24673363E-09
   119.122833         3.91915167E-09
   119.249626         3.50557294E-09
   119.376419         3.00653946E-09
   119.503212         2.42405807E-09
   119.630005         1.76167614E-09
   119.756798         1.02453179E-09
   119.883591         2.19381388E-10
   120.010384        -6.45405118E-10
   120.137177        -1.55988034E-09
   120.263969        -2.51258148E-09
   120.390762        -3.49063400E-09
   120.517555        -4.47988313E-09
   120.644348        -5.46506396E-09
   120.771141        -6.42999654E-09
   120.897934        -7.35782191E-09
   121.024727        -8.23125745E-09
   121.151520        -9.03287845E-09
   121.278313        -9.74542402E-09
   121.405106        -1.03521156E-08
   121.531898        -1.08369793E-08
   121.658691        -1.11851799E-08
   121.785484        -1.13833520E-08
   121.912277        -1.14199104E-08
   122.039070        -1.12853558E-08
   122.165863        -1.09725438E-08
   122.292656        -1.04769367E-08
   122.419441        -9.79679982E-09
   122.546234        -8.93336871E-09
   122.673027        -7.89095544E-09
   122.799820        -6.67700606E-09
   122.926613        -5.30210098E-09
   123.053406        -3.77988352E-09
   123.180199        -2.12694506E-09
   123.306992        -3.62623959E-10
   123.433784         1.49122925E-09
   123.560577         3.41056983E-09
   123.687370         5.36950884E-09
   123.814163         7.34072092E-09
   123.940956         9.29590005E-09
   124.067749         1.12062244E-08
   124.194542         1.30428699E-08
   124.321335         1.47775188E-08
   124.448128         1.63828702E-08
   124.574921         1.78331572E-08
   124.701714         1.91046094E-08
   124.828506         2.01759320E-08
   124.955299         2.10286899E-08
   125.082092         2.16476650E-08
   125.208885         2.20211529E-08
   125.335678         2.21411707E-08
   125.462471         2.20036043E-08
   125.589264         2.16082654E-08
   125.716057         2.09588631E-08
   125.842850         2.00628794E-08
   125.969643         1.89314022E-08
   126.096436         1.75788131E-08
   126.223221         1.60224474E-08
   126.350014         1.42821737E-08
   126.476807         1.23799193E-08
   126.603600         1.03391384E-08
   126.730392         8.18426038E-09
   126.857185         5.94011684E-09
   126.983978         3.63135300E-09
   127.110771         1.28189270E-09
   127.237564        -1.08561848E-09
   127.364357        -3.45028583E-09
   127.491150        -5.79338932E-09
   127.617943        -8.09874212E-09
   127.744736        -1.03529256E-08
   127.871529        -1.25454527E-08
   127.998322        -1.46688173E-08
   128.125107        -1.67183991E-08
   128.251907        -1.86922779E-08
   128.378693        -2.05909068E-08
   128.505493        -2.24166392E-08
   128.632278        -2.41731524E-08
   128.759079        -2.58647983E-08
   128.885864        -2.74957479E-08
   129.012665        -2.90691222E-08
   129.139450        -3.05860155E-08
   129.266251        -3.20444542E-08
   129.393036        -3.34382975E-08
   129.519836        -3.47561304E-08
   129.646622        -3.59801575E-08
   129.773422        -3.70850799E-08
   129.900208        -3.80370260E-08
   130.027008        -3.87925958E-08
   130.153793        -3.92979018E-08
   130.280594        -3.94877979E-08
   130.407379        -3.92851724E-08
   130.534180        -3.86004473E-08
   130.660965        -3.73311835E-08
   130.787766        -3.53619107E-08
   130.914551        -3.25641487E-08
   131.041351        -2.87966131E-08
   131.168137        -2.39056153E-08
   131.294937        -1.77257355E-08
   131.421722        -1.00806572E-08
   131.548523        -7.84228682E-10
   131.675308         1.03582174E-08
   131.802109         2.35484432E-08
   131.928894         3.89936368E-08
   132.055679         5.69046108E-08
   132.182480         7.74937803E-08
   132.309265         1.00973018E-07
   132.436066         1.27551658E-07
   132.562851         1.57433959E-07
   132.689651         1.90816948E-07
   132.816437         2.27888108E-07
   132.943237         2.68822959E-07
   133.070023         3.13782948E-07
   133.196823         3.62913141E-07
   133.323608         4.16340271E-07
   133.450409         4.74170861E-07
   133.577194         5.36489495E-07
   133.703995         6.03357478E-07
   133.830780         6.74811247E-07
   133.957581         7.50862000E-07
   134.084366         8.31494447E-07
   134.211166         9.16666579E-07
   134.337952         1.00630984E-06
   134.464752         1.10032875E-06
   134.591537         1.19860226E-06
   134.718338         1.30098420E-06
   134.845123         1.40730435E-06
   134.971924         1.51737026E-06
   135.098709         1.63096854E-06
   135.225510         1.74786703E-06
   135.352295         1.86781688E-06
   135.479095         1.99055489E-06
   135.605881         2.11580596E-06
   135.732666         2.24328528E-06
   135.859467         2.37270206E-06
   135.986252         2.50375979E-06
   136.113052         2.63616244E-06
   136.239838         2.76961305E-06
   136.366638         2.90381786E-06
   136.493423         3.03848856E-06
   136.620224         3.17334479E-06
   136.747009         3.30811531E-06
   136.873810         3.44253817E-06
   137.000595         3.57636463E-06
   137.127396         3.70935754E-06
   137.254181         3.84129362E-06
   137.380981         3.97196345E-06
   137.507767         4.10116945E-06
   137.634567         4.22872972E-06
   137.761353         4.35447328E-06
   137.888153         4.47824232E-06
   138.014938         4.59988996E-06
   138.141739         4.71927842E-06
   138.268524         4.83627764E-06
   138.395325         4.95076529E-06
   138.522110         5.06262404E-06
   138.648911         5.17174021E-06
   138.775696         5.27799875E-06
   138.902496         5.38128825E-06
   139.029282         5.48149092E-06
   139.156082         5.57848762E-06
   139.282867         5.67215329E-06
   139.409653         5.76235561E-06
   139.536453         5.84895361E-06
   139.663239         5.93179948E-06
   139.790039         6.01073316E-06
   139.916824         6.08558503E-06
   140.043625         6.15617319E-06
   140.170410         6.22230573E-06
   140.297211         6.28378029E-06
   140.423996         6.34038315E-06
   140.550797         6.39189238E-06
   140.677582         6.43807471E-06
   140.804382         6.47869183E-06
   140.931168         6.51350047E-06
   141.057968         6.54225141E-06
   141.184753         6.56469774E-06
   141.311554         6.58059071E-06
   141.438339         6.58968884E-06
   141.565140         6.59175475E-06
   141.691925         6.58656472E-06
   141.818726         6.57390865E-06
   141.945511         6.55359372E-06
   142.072311         6.52544986E-06
   142.199097         6.48933474E-06
   142.325897         6.44513420E-06
   142.452682         6.39277050E-06
   142.579483         6.33220634E-06
   142.706268         6.26344809E-06
   142.833069         6.18654985E-06
   142.959854         6.10161760E-06
   143.086655         6.00881640E-06
   143.213440         5.90836862E-06
   143.340225         5.80056212E-06
   143.467026         5.68574796E-06
   143.593811         5.56434588E-06
   143.720612         5.43684382E-06
   143.847397         5.30379884E-06
   143.974197         5.16583714E-06
   144.100983         5.02365037E-06
   144.227783         4.87799571E-06
   144.354568         4.72969032E-06
   144.481369         4.57960869E-06
   144.608154         4.42867531E-06
   144.734955         4.27785653E-06
   144.861740         4.12815507E-06
   144.988541         3.98059819E-06
   145.115326         3.83622591E-06
   145.242126         3.69608370E-06
   145.368912         3.56120654E-06
   145.495712         3.43260854E-06
   145.622498         3.31126830E-06
   145.749298         3.19811625E-06
   145.876083         3.09402071E-06
   146.002884         2.99977478E-06
   146.129669         2.91608308E-06
   146.256470         2.84355042E-06
   146.383255         2.78266998E-06
   146.510056         2.73381397E-06
   146.636841         2.69722432E-06
   146.763641         2.67300538E-06
   146.890427         2.66111965E-06
   147.017212         2.66138477E-06
   147.144012         2.67347082E-06
   147.270798         2.69690281E-06
   147.397598         2.73106411E-06
   147.524384         2.77520121E-06
   147.651184         2.82843212E-06
   147.777969         2.88975616E-06
   147.904770         2.95806694E-06
   148.031555         3.03216507E-06
   148.158356         3.11077383E-06
   148.285141         3.19255787E-06
   148.411942         3.27613839E-06
   148.538727         3.36011431E-06
   148.665527         3.44308000E-06
   148.792313         3.52364646E-06
   148.919113         3.60045942E-06
   149.045898         3.67221969E-06
   149.172699         3.73770058E-06
   149.299484         3.79576636E-06
   149.426285         3.84538589E-06
   149.553070         3.88564922E-06
   149.679871         3.91577942E-06
   149.806656         3.93514256E-06
   149.933456         3.94325525E-06
   150.060242         3.93979235E-06
   150.187042         3.92458878E-06
   150.313828         3.89764409E-06
   150.440628         3.85911562E-06
   150.567413         3.80932011E-06
   150.694214         3.74872661E-06
   150.820999         3.67794746E-06
   150.947784         3.59773071E-06
   151.074585         3.50894788E-06
   151.201370         3.41258078E-06
   151.328171         3.30970715E-06
   151.454956         3.20148661E-06
   151.581757         3.08914264E-06
   151.708542         2.97394786E-06
   151.835342         2.85720444E-06
   151.962128         2.74022796E-06
   152.088928         2.62432900E-06
   152.215714         2.51079632E-06
   152.342514         2.40087979E-06
   152.469299         2.29577313E-06
   152.596100         2.19659955E-06
   152.722885         2.10439657E-06
   152.849686         2.02010165E-06
   152.976471         1.94454014E-06
   153.103271         1.87841499E-06
   153.230057         1.82229496E-06
   153.356857         1.77660763E-06
   153.483643         1.74163199E-06
   153.610443         1.71749343E-06
   153.737228         1.70416013E-06
   153.864029         1.70144153E-06
   153.990814         1.70898863E-06
   154.117615         1.72629541E-06
   154.244400         1.75270418E-06
   154.371201         1.78741038E-06
   154.497986         1.82947122E-06
   154.624771         1.87781563E-06
   154.751572         1.93125584E-06
   154.878357         1.98850194E-06
   155.005157         2.04817638E-06
   155.131943         2.10883195E-06
   155.258743         2.16897024E-06
   155.385529         2.22706171E-06
   155.512329         2.28156637E-06
   155.639114         2.33095557E-06
   155.765915         2.37373433E-06
   155.892700         2.40846248E-06
   156.019501         2.43377872E-06
   156.146286         2.44841954E-06
   156.273087         2.45124238E-06
   156.399872         2.44124317E-06
   156.526672         2.41757402E-06
   156.653458         2.37956033E-06
   156.780258         2.32671232E-06
   156.907043         2.25873691E-06
   157.033844         2.17554521E-06
   157.160629         2.07725839E-06
   157.287430         1.96420842E-06
   157.414215         1.83693726E-06
   157.541016         1.69619113E-06
   157.667801         1.54291354E-06
   157.794601         1.37823338E-06
   157.921387         1.20345112E-06
   158.048187         1.02002150E-06
   158.174973         8.29535111E-07
   158.301773         6.33695947E-07
   158.428558         4.34299267E-07
   158.555344         2.33207487E-07
   158.682144         3.23238645E-08
   158.808929        -1.66431278E-07
   158.935730        -3.61147698E-07
   159.062515        -5.49949959E-07
   159.189316        -7.31021714E-07
   159.316101        -9.02630291E-07
   159.442902        -1.06314678E-06
   159.569687        -1.21106712E-06
   159.696487        -1.34503057E-06
   159.823273        -1.46383388E-06
   159.950073        -1.56644626E-06
   160.076859        -1.65201880E-06
   160.203659        -1.71989427E-06
