  -4.50000000         0.00000000    
  -4.39856577         0.00000000    
  -4.29713154         0.00000000    
  -4.19569778         0.00000000    
  -4.09426355         0.00000000    
  -3.99282932         0.00000000    
  -3.89139533         0.00000000    
  -3.78996110         0.00000000    
  -3.68852711         0.00000000    
  -3.58709288         0.00000000    
  -3.48565888         0.00000000    
  -3.38422465         0.00000000    
  -3.28279042         0.00000000    
  -3.18135643         0.00000000    
  -3.07992220         0.00000000    
  -2.97848821         1.04992106E-32
  -2.87705398         2.41636387E-34
  -2.77561998        -3.44606366E-32
  -2.67418575        -1.21947300E-31
  -2.57275176        -2.32346497E-31
  -2.47131753        -2.04735428E-31
  -2.36988354         4.31922704E-31
  -2.26844931         2.76315614E-30
  -2.16701531        -1.77008324E-29
  -2.06558108        -1.13422083E-28
  -1.96414697        -2.94571972E-28
  -1.86271286        -5.41988801E-28
  -1.76127875        -7.61188566E-28
  -1.65984464        -7.84961764E-28
  -1.55841053        -2.52708611E-28
  -1.45697629         1.43217100E-27
  -1.35554218         5.22969790E-27
  -1.25410807         1.25742934E-26
  -1.15267396         2.55061549E-26
  -1.05123985         4.67914202E-26
 -0.949805737         8.00185497E-26
 -0.848371625         1.29648143E-25
 -0.746937513         2.01008821E-25
 -0.645503342         3.00225620E-25
 -0.544069231         4.34080229E-25
 -0.442635119         6.09799390E-25
 -0.341201007         8.34759791E-25
 -0.239766881         1.11607508E-24
 -0.138332769         1.45999684E-24
  -3.68986391E-02     1.87103351E-24
   6.45354837E-02     2.35065956E-24
  0.165969610         2.89551967E-24
  0.267403722         3.49509005E-24
  0.368837833         4.12888181E-24
  0.470271975         4.76343639E-24
  0.571706116         5.34944960E-24
  0.673140228         5.81936616E-24
  0.774574339         6.08551047E-24
  0.876008451         6.03825849E-24
  0.977442563         5.54291103E-24
   1.07887673         4.43296284E-24
   1.18031085         2.49676587E-24
   1.28174496        -5.45303897E-25
   1.38317907        -5.07455327E-24
   1.48461318        -1.16165716E-23
   1.58604729        -2.08853938E-23
   1.68748140        -3.38151380E-23
   1.78891551        -5.15585888E-23
   1.89034963        -7.54280146E-23
   1.99178374        -1.06754741E-22
   2.09321785        -1.46653761E-22
   2.19465208        -1.95698909E-22
   2.29608607        -2.53542924E-22
   2.39752030        -3.18550894E-22
   2.49895430        -3.87547925E-22
   2.60038853        -4.55799843E-22
   2.70182276        -5.17339626E-22
   2.80325675        -5.65708942E-22
   2.90469098        -5.95096472E-22
   3.00612497        -6.01732648E-22
   3.10755920        -5.85251690E-22
   3.20899320        -5.49595328E-22
   3.31042743        -5.02940959E-22
   3.41186142        -4.56144518E-22
   3.51329565        -4.19327509E-22
   3.61472964        -3.96528368E-22
   3.71616387        -3.78787480E-22
   3.81759810        -3.36567114E-22
   3.91903210        -2.12952560E-22
   4.02046633         8.04727990E-23
   4.12190056         6.63033325E-22
   4.22333431         1.67776038E-21
   4.32476854         3.27638445E-21
   4.42620277         5.59640110E-21
   4.52763700         8.73157961E-21
   4.62907076         1.26989147E-20
   4.73050499         1.74065943E-20
   4.83193922         2.26286113E-20
   4.93337345         2.79920924E-20
   5.03480768         3.29827509E-20
   5.13624144         3.69722689E-20
   5.23767567         3.92685675E-20
   5.33910990         3.91868673E-20
   5.44054413         3.61352041E-20
   5.54197788         2.97051673E-20
   5.64341211         1.97555950E-20
   5.74484634         6.47579062E-21
   5.84628057        -9.58414917E-21
   5.94771433        -2.75266547E-20
   6.04914856        -4.61692474E-20
   6.15058279        -6.41563933E-20
   6.25201702        -8.01133535E-20
   6.35345125        -9.28277335E-20
   6.45488501        -1.01438083E-19
   6.55631924        -1.05604242E-19
   6.65775347        -1.05632108E-19
   6.75918770        -1.02527531E-19
   6.86062145        -9.79605184E-20
   6.96205568        -9.41301875E-20
   7.06348991        -9.35351280E-20
   7.16492414        -9.86662198E-20
   7.26635790        -1.11655825E-19
   7.36779213        -1.33921123E-19
   7.46922636        -1.65844556E-19
   7.57066059        -2.06522054E-19
   7.67209482        -2.53594990E-19
   7.77352858        -3.03153009E-19
   7.87496281        -3.49667288E-19
   7.97639704        -3.85898678E-19
   8.07783127        -4.02711821E-19
   8.17926502        -3.88770209E-19
   8.28069973        -3.30115892E-19
   8.38213348        -2.09758747E-19
   8.48356724        -7.47830404E-21
   8.58500195         2.99820247E-19
   8.68643570         7.36813250E-19
   8.78787041         1.32709114E-18
   8.88930416         2.08882998E-18
   8.99073792         3.02867901E-18
   9.09217262         4.13412504E-18
   9.19360638         5.36501073E-18
   9.29504013         6.64538293E-18
   9.39647484         7.85728607E-18
   9.49790859         8.83836777E-18
   9.59934330         9.38520198E-18
   9.70077705         9.26393813E-18
   9.80221081         8.22904006E-18
   9.90364552         6.04997129E-18
   10.0050793         2.54418588E-18
   10.1065140        -2.38660818E-18
   10.2079477        -8.72118854E-18
   10.3093815        -1.62897588E-17
   10.4108162        -2.47565761E-17
   10.5122499        -3.36188502E-17
   10.6136837        -4.22254990E-17
   10.7151184        -4.98165785E-17
   10.8165522        -5.55813888E-17
   10.9179869        -5.87306308E-17
   11.0194206        -5.85743069E-17
   11.1208544        -5.45962465E-17
   11.2222891        -4.65141128E-17
   11.3237228        -3.43156936E-17
   11.4251575        -1.82639808E-17
   11.5265913         1.13197547E-18
   11.6280251         2.31785686E-17
   11.7294598         4.70840866E-17
   11.8308935         7.20575693E-17
   11.9323273         9.74040905E-17
   12.0337620         1.22598715E-16
   12.1351957         1.47322852E-16
   12.2366304         1.71450917E-16
   12.3380642         1.94981770E-16
   12.4394979         2.17919091E-16
   12.5409327         2.40114041E-16
   12.6423664         2.61090653E-16
   12.7438011         2.79883112E-16
   12.8452349         2.94914955E-16
   12.9466686         3.03945015E-16
   13.0481033         3.04100366E-16
   13.1495371         2.92001347E-16
   13.2509708         2.63965774E-16
   13.3524055         2.16268727E-16
   13.4538393         1.45416671E-16
   13.5552740         4.83895232E-17
   13.6567078        -7.71917536E-17
   13.7581415        -2.33002961E-16
   13.8595762        -4.20061797E-16
   13.9610100        -6.38865760E-16
   14.0624447        -8.89539178E-16
   14.1638784        -1.17192112E-15
   14.2653122        -1.48545650E-15
   14.3667469        -1.82878416E-15
   14.4681807        -2.19891638E-15
   14.5696154        -2.58995824E-15
   14.6710491        -2.99138029E-15
   14.7724829        -3.38597863E-15
   14.8739176        -3.74771379E-15
   14.9753513        -4.03976398E-15
   15.0767851        -4.21317957E-15
   15.1782198        -4.20658457E-15
   15.2796535        -3.94734972E-15
   15.3810883        -3.35460622E-15
   15.4825220        -2.34433944E-15
   15.5839558        -8.36582255E-16
   15.6853905         1.23541788E-15
   15.7868242         3.91462587E-15
   15.8882589         7.20880603E-15
   15.9896927         1.10792646E-14
   16.0911274         1.54309210E-14
   16.1925602         2.01047692E-14
   16.2939949         2.48739492E-14
   16.3954296         2.94445491E-14
   16.4968624         3.34617791E-14
   16.5982971         3.65221362E-14
   16.6997318         3.81914688E-14
   16.8011646         3.80286724E-14
   16.9025993         3.56138492E-14
   17.0040340         3.05800578E-14
   17.1054688         2.26463474E-14
   17.2069016         1.16507061E-14
   17.3083363        -2.41978932E-15
   17.4097710        -1.94030972E-14
   17.5112038        -3.89431732E-14
   17.6126385        -6.04792028E-14
   17.7140732        -8.32444736E-14
   17.8155060        -1.06275577E-13
   17.9169407        -1.28433370E-13
   18.0183754        -1.48434379E-13
   18.1198101        -1.64892974E-13
   18.2212429        -1.76374188E-13
   18.3226776        -1.81454895E-13
   18.4241123        -1.78792772E-13
   18.5255451        -1.67201905E-13
   18.6269798        -1.45731964E-13
   18.7284145        -1.13749328E-13
   18.8298473        -7.10176750E-14
   18.9312820        -1.77730890E-14
   19.0327168         4.52090825E-14
   19.1341496         1.16562101E-13
   19.2355843         1.94295250E-13
   19.3370190         2.75787775E-13
   19.4384537         3.57814825E-13
   19.5398865         4.36611874E-13
   19.6413212         5.07981135E-13
   19.7427559         5.67442144E-13
   19.8441887         6.10426531E-13
   19.9456234         6.32512218E-13
   20.0470581         6.29687600E-13
   20.1484909         5.98635128E-13
   20.2499256         5.37016558E-13
   20.3513603         4.43741642E-13
   20.4527931         3.19197360E-13
   20.5542278         1.65417810E-13
   20.6556625        -1.38250515E-14
   20.7570972        -2.13028217E-13
   20.8585300        -4.25071057E-13
   20.9599648        -6.41441869E-13
   21.0613995        -8.52572082E-13
   21.1628323        -1.04827041E-12
   21.2642670        -1.21823309E-12
   21.3657017        -1.35260845E-12
   21.4671345        -1.44258141E-12
   21.5685692        -1.48094395E-12
   21.6700039        -1.46261757E-12
   21.7714367        -1.38508584E-12
   21.8728714        -1.24871305E-12
   21.9743061        -1.05691822E-12
   22.0757408        -8.16186799E-13
   22.1771736        -5.35902757E-13
   22.2786083        -2.28004735E-13
   22.3800430         9.35334845E-14
   22.4814758         4.13380539E-13
   22.5829105         7.15663585E-13
   22.6843452         9.84886218E-13
   22.7857780         1.20691207E-12
   22.8872128         1.36996621E-12
   22.9886475         1.46560010E-12
   23.0900803         1.48956119E-12
   23.1915150         1.44250313E-12
   23.2929497         1.33047794E-12
   23.3943844         1.16515716E-12
   23.4958172         9.63706979E-13
   23.5972519         7.48299697E-13
   23.6986866         5.45226678E-13
   23.8001194         3.83592084E-13
   23.9015541         2.93628403E-13
   24.0029888         3.04658019E-13
   24.1044216         4.42784535E-13
   24.2058563         7.28410550E-13
   24.3072910         1.17371813E-12
   24.4087238         1.78024913E-12
   24.5101585         2.53678046E-12
   24.6115932         3.41765006E-12
   24.7130280         4.38172849E-12
   24.8144608         5.37219271E-12
   24.9158955         6.31723666E-12
   25.0173302         7.13187148E-12
   25.1187630         7.72078495E-12
   25.2201977         7.98232747E-12
   25.3216324         7.81356403E-12
   25.4230652         7.11616139E-12
   25.5244999         5.80303817E-12
   25.6259346         3.80537832E-12
   25.7273674         1.07975814E-12
   25.8288021        -2.38503119E-12
   25.9302368        -6.56187474E-12
   26.0316715        -1.13803203E-11
   26.1331043        -1.67231385E-11
   26.2345390        -2.24247409E-11
   26.3359737        -2.82719455E-11
   26.4374065        -3.40070819E-11
   26.5388412        -3.93338834E-11
   26.6402760        -4.39260052E-11
   26.7417088        -4.74381298E-11
   26.8431435        -4.95196002E-11
   26.9445782        -4.98299492E-11
   27.0460110        -4.80561077E-11
   27.1474457        -4.39305571E-11
   27.2488804        -3.72497380E-11
   27.3503151        -2.78918520E-11
   27.4517479        -1.58332791E-11
   27.5531826        -1.16265862E-12
   27.6546173         1.59082365E-11
   27.7560501         3.50377123E-11
   27.8574848         5.57521113E-11
   27.9589195         7.74491235E-11
   28.0603523         9.94068924E-11
   28.1617870         1.20799287E-10
   28.2632217         1.40716647E-10
   28.3646545         1.58192695E-10
   28.4660892         1.72236239E-10
   28.5675240         1.81866980E-10
   28.6689587         1.86154869E-10
   28.7703915         1.84260940E-10
   28.8718262         1.75479006E-10
   28.9732609         1.59275898E-10
   29.0746937         1.35329220E-10
   29.1761284         1.03560591E-10
   29.2775631         6.41631678E-11
   29.3789959         1.76214963E-11
   29.4804306        -3.52769619E-11
   29.5818653        -9.34402763E-11
   29.6832981        -1.55480989E-10
   29.7847328        -2.19735799E-10
   29.8861675        -2.84296725E-10
   29.9876022        -3.47052970E-10
   30.0890350        -4.05743078E-10
   30.1904697        -4.58016264E-10
   30.2919044        -5.01501951E-10
   30.3933372        -5.33884770E-10
   30.4947720        -5.52984325E-10
   30.5962067        -5.56836133E-10
   30.6976395        -5.43771861E-10
   30.7990742        -5.12496046E-10
   30.9005089        -4.62156563E-10
   31.0019417        -3.92405997E-10
   31.1033764        -3.03452041E-10
   31.2048111        -1.96094058E-10
   31.3062458        -7.17441939E-11
   31.4076786         6.75679096E-11
   31.5091133         2.19208457E-10
   31.6105480         3.79970666E-10
   31.7119808         5.46124590E-10
   31.8134155         7.13482273E-10
   31.9148502         8.77481754E-10
   32.0162849         1.03328379E-09
   32.1177177         1.17588062E-09
   32.2191505         1.30021727E-09
   32.3205872         1.40131851E-09
   32.4220200         1.47442014E-09
   32.5234528         1.51510593E-09
   32.6248894         1.51943980E-09
   32.7263222         1.48409540E-09
   32.8277550         1.40648004E-09
   32.9291916         1.28484734E-09
   33.0306244         1.11839726E-09
   33.1320610         9.07362463E-10
   33.2334938         6.53074095E-10
   33.3349266         3.58008984E-10
   33.4363632         2.58142223E-11
   33.5377960        -3.38692546E-10
   33.6392288        -7.29549032E-10
   33.7406654        -1.13969967E-09
   33.8420982        -1.56107383E-09
   33.9435310        -1.98469308E-09
   34.0449677        -2.40080178E-09
   34.1464005        -2.79902501E-09
   34.2478333        -3.16854742E-09
   34.3492699        -3.49831986E-09
   34.4507027        -3.77727760E-09
   34.5521355        -3.99457756E-09
   34.6535721        -4.13984669E-09
   34.7550049        -4.20344204E-09
   34.8564377        -4.17670876E-09
   34.9578743        -4.05224077E-09
   35.0593071        -3.82413301E-09
   35.1607399        -3.48822304E-09
   35.2621765        -3.04231818E-09
   35.3636093        -2.48638954E-09
   35.4650421        -1.82274862E-09
   35.5664787        -1.05618303E-09
   35.6679115        -1.94050206E-10
   35.7693481         7.53669793E-10
   35.8707809         1.77437587E-09
   35.9722137         2.85289947E-09
   36.0736504         3.97161859E-09
   36.1750832         5.11062392E-09
   36.2765160         6.24795682E-09
   36.3779526         7.35989270E-09
   36.4793854         8.42129300E-09
   36.5808182         9.40600753E-09
   36.6822548         1.02873301E-08
   36.7836876         1.10384830E-08
   36.8851204         1.16331611E-08
   36.9865570         1.20460806E-08
   37.0879898         1.22535537E-08
   37.1894226         1.22340742E-08
   37.2908592         1.19688810E-08
   37.3922920         1.14425234E-08
   37.4937248         1.06433777E-08
   37.5951614         9.56413526E-09
   37.6965942         8.20222645E-09
   37.7980270         6.56017596E-09
   37.8994637         4.64589611E-09
   38.0008965         2.47288345E-09
   38.1023293         6.03187986E-11
   38.2037659        -2.56692090E-09
   38.3051987        -5.37836398E-09
   38.4066353        -8.33814617E-09
   38.5080681        -1.14053176E-08
   38.6095009        -1.45342804E-08
   38.7109375        -1.76752781E-08
   38.8123703        -2.07750492E-08
   38.9138031        -2.37775328E-08
   39.0152397        -2.66246598E-08
   39.1166725        -2.92572651E-08
   39.2181053        -3.16160040E-08
   39.3195419        -3.36423902E-08
   39.4209747        -3.52798573E-08
   39.5224075        -3.64748338E-08
   39.6238441        -3.71778590E-08
   39.7252769        -3.73447406E-08
   39.8267097        -3.69376245E-08
   39.9281464        -3.59260888E-08
   40.0295792        -3.42882274E-08
   40.1310120        -3.20115561E-08
   40.2324486        -2.90939379E-08
   40.3338814        -2.55443613E-08
   40.4353142        -2.13835634E-08
   40.5367508        -1.66444938E-08
   40.6381836        -1.13726060E-08
   40.7396202        -5.62591573E-09
   40.8410530         5.25206434E-10
   40.9424858         6.99848046E-09
   41.0439224         1.37005101E-08
   41.1453552         2.05278514E-08
   41.2467880         2.73684613E-08
   41.3482246         3.41034472E-08
   41.4496574         4.06091907E-08
   41.5510902         4.67598333E-08
   41.6525269         5.24300177E-08
   41.7539597         5.74979779E-08
   41.8553925         6.18488301E-08
   41.9568291         6.53781385E-08
   42.0582619         6.79955221E-08
   42.1596947         6.96283706E-08
   42.2611313         7.02255534E-08
   42.3625641         6.97610432E-08
   42.4639969         6.82371706E-08
   42.5654335         6.56879209E-08
   42.6668663         6.21814849E-08
   42.7682991         5.78225361E-08
   42.8697357         5.27539612E-08
   42.9711685         4.71578119E-08
   43.0726013         4.12556531E-08
   43.1740379         3.53081901E-08
   43.2754707         2.96139522E-08
   43.3769073         2.45073810E-08
   43.4783401         2.03559090E-08
   43.5797729         1.75563759E-08
   43.6812096         1.65306169E-08
   43.7826424         1.77203727E-08
   43.8840752         2.15815330E-08
   43.9855118         2.85778743E-08
   44.0869446         3.91742780E-08
   44.1883774         5.38296590E-08
   44.2898140         7.29895291E-08
   44.3912468         9.70785621E-08
   44.4926796         1.26493049E-07
   44.5941162         1.61593491E-07
   44.6955490         2.02697308E-07
   44.7969818         2.50071963E-07
   44.8984184         3.03928374E-07
   44.9998512         3.64414888E-07
   45.1012840         4.31611227E-07
   45.2027206         5.05524383E-07
   45.3041534         5.86083047E-07
   45.4055862         6.73134764E-07
   45.5070229         7.66442440E-07
   45.6084557         8.65681500E-07
   45.7098885         9.70439146E-07
   45.8113251         1.08021209E-06
   45.9127579         1.19440733E-06
   46.0141945         1.31234151E-06
   46.1156273         1.43324246E-06
   46.2170601         1.55625241E-06
   46.3184967         1.68042936E-06
   46.4199295         1.80475115E-06
   46.5213623         1.92812172E-06
   46.6227989         2.04937487E-06
   46.7242317         2.16728540E-06
   46.8256645         2.28057502E-06
   46.9271011         2.38792063E-06
   47.0285339         2.48797323E-06
   47.1299667         2.57936199E-06
   47.2314034         2.66071606E-06
   47.3328362         2.73067826E-06
   47.4342690         2.78792095E-06
   47.5357056         2.83116947E-06
   47.6371384         2.85921874E-06
   47.7385712         2.87095531E-06
   47.8400078         2.86537920E-06
   47.9414406         2.84162775E-06
   48.0428734         2.79898927E-06
   48.1443100         2.73693468E-06
   48.2457428         2.65512745E-06
   48.3471756         2.55344389E-06
   48.4486122         2.43198929E-06
   48.5500450         2.29110492E-06
   48.6514816         2.13138128E-06
   48.7529144         1.95365510E-06
   48.8543472         1.75901221E-06
   48.9557838         1.54877546E-06
   49.0572166         1.32449975E-06
   49.1586494         1.08794518E-06
   49.2600861         8.41060967E-07
   49.3615189         5.85952478E-07
   49.4629517         3.24844450E-07
   49.5643883         6.00489543E-08
   49.6658211        -2.06086014E-07
   49.7672539        -4.71213980E-07
   49.8686905        -7.33044544E-07
   49.9701233        -9.89389378E-07
   50.0715561        -1.23821508E-06
   50.1729927        -1.47768844E-06
   50.2744255        -1.70622093E-06
   50.3758583        -1.92251355E-06
   50.4772949        -2.12558984E-06
   50.5787277        -2.31483023E-06
   50.6801605        -2.48998617E-06
   50.7815971        -2.65120434E-06
   50.8830299        -2.79902429E-06
   50.9844627        -2.93437688E-06
   51.0858994        -3.05857111E-06
   51.1873322        -3.17326544E-06
   51.2887688        -3.28044007E-06
   51.3902016        -3.38235031E-06
   51.4916344        -3.48147637E-06
   51.5930710        -3.58046350E-06
   51.6945038        -3.68206452E-06
   51.7959366        -3.78906702E-06
   51.8973732        -3.90421746E-06
   51.9988060        -4.03016293E-06
   52.1002388        -4.16936564E-06
   52.2016754        -4.32404704E-06
   52.3031082        -4.49612025E-06
   52.4045410        -4.68712778E-06
   52.5059776        -4.89820604E-06
   52.6074104        -5.13003533E-06
   52.7088432        -5.38281665E-06
   52.8102798        -5.65625987E-06
   52.9117126        -5.94956964E-06
   53.0131454        -6.26146175E-06
   53.1145821        -6.59017678E-06
   53.2160149        -6.93352922E-06
   53.3174477        -7.28893201E-06
   53.4188843        -7.65345794E-06
   53.5203171        -8.02390878E-06
   53.6217537        -8.39688073E-06
   53.7231865        -8.76883587E-06
   53.8246193        -9.13618533E-06
   53.9260559        -9.49537025E-06
   54.0274887        -9.84294365E-06
   54.1289215        -1.01756359E-05
   54.2303581        -1.04904402E-05
   54.3317909        -1.07846590E-05
   54.4332237        -1.10559913E-05
   54.5346603        -1.13025462E-05
   54.6360931        -1.15228986E-05
   54.7375259        -1.17161162E-05
   54.8389626        -1.18817625E-05
   54.9403954        -1.20199084E-05
   55.0418282        -1.21311132E-05
   55.1432648        -1.22164201E-05
   55.2446976        -1.22773108E-05
   55.3461304        -1.23156806E-05
   55.4475670        -1.23337741E-05
   55.5489998        -1.23341533E-05
   55.6504326        -1.23196260E-05
   55.7518692        -1.22931970E-05
   55.8533020        -1.22580032E-05
   55.9547348        -1.22172532E-05
   56.0561714        -1.21741714E-05
   56.1576042        -1.21319545E-05
   56.2590408        -1.20936938E-05
   56.3604736        -1.20623617E-05
   56.4619064        -1.20407567E-05
   56.5633430        -1.20314762E-05
   56.6647758        -1.20368813E-05
   56.7662086        -1.20590976E-05
   56.8676453        -1.20999830E-05
   56.9690781        -1.21611356E-05
   57.0705109        -1.22438832E-05
   57.1719475        -1.23492837E-05
   57.2733803        -1.24781436E-05
   57.3748131        -1.26310142E-05
   57.4762497        -1.28082165E-05
   57.5776825        -1.30098351E-05
   57.6791153        -1.32357409E-05
   57.7805519        -1.34856064E-05
   57.8819847        -1.37588959E-05
   57.9834175        -1.40548900E-05
   58.0848541        -1.43726811E-05
   58.1862869        -1.47111887E-05
   58.2877197        -1.50691412E-05
   58.3891563        -1.54450845E-05
   58.4905891        -1.58373859E-05
   58.5920219        -1.62442175E-05
   58.6934586        -1.66635655E-05
   58.7948914        -1.70932162E-05
   58.8963280        -1.75307650E-05
   58.9977608        -1.79736180E-05
   59.0991936        -1.84189867E-05
   59.2006302        -1.88639151E-05
   59.3020630        -1.93052838E-05
   59.4034958        -1.97398203E-05
   59.5049324        -2.01641524E-05
   59.6063652        -2.05748092E-05
   59.7077980        -2.09682821E-05
   59.8092346        -2.13410603E-05
   59.9106674        -2.16896806E-05
   60.0121002        -2.20107722E-05
   60.1135368        -2.23011248E-05
   60.2149696        -2.25577605E-05
   60.3164024        -2.27779601E-05
   60.4178391        -2.29593516E-05
   60.5192719        -2.30999740E-05
   60.6207047        -2.31983067E-05
   60.7221413        -2.32533621E-05
   60.8235741        -2.32646908E-05
   60.9250069        -2.32324546E-05
   61.0264435        -2.31574522E-05
   61.1278763        -2.30411224E-05
   61.2293091        -2.28855952E-05
   61.3307457        -2.26936554E-05
   61.4321785        -2.24687665E-05
   61.5336151        -2.22150338E-05
   61.6350479        -2.19371705E-05
   61.7364807        -2.16404860E-05
   61.8379173        -2.13307831E-05
   61.9393501        -2.10143317E-05
   62.0407829        -2.06977893E-05
   62.1422195        -2.03880991E-05
   62.2436523        -2.00924369E-05
   62.3450851        -1.98180551E-05
   62.4465218        -1.95722496E-05
   62.5479546        -1.93621927E-05
   62.6493874        -1.91948566E-05
   62.7508240        -1.90768915E-05
   62.8522568        -1.90145292E-05
   62.9536896        -1.90134451E-05
   63.0551262        -1.90786868E-05
   63.1565590        -1.92145490E-05
   63.2579918        -1.94244949E-05
   63.3594284        -1.97110730E-05
   63.4608612        -2.00758259E-05
   63.5622940        -2.05192518E-05
   63.6637306        -2.10407325E-05
   63.7651634        -2.16384979E-05
   63.8665962        -2.23096285E-05
   63.9680328        -2.30500209E-05
   64.0694656        -2.38544017E-05
   64.1708984        -2.47163971E-05
   64.2723312        -2.56284929E-05
   64.3737717        -2.65822018E-05
   64.4752045        -2.75680632E-05
   64.5766373        -2.85757887E-05
   64.6780701        -2.95943482E-05
   64.7795029        -3.06121183E-05
   64.8809357        -3.16170153E-05
   64.9823761        -3.25966466E-05
   65.0838089        -3.35384648E-05
   65.1852417        -3.44299733E-05
   65.2866745        -3.52588650E-05
   65.3881073        -3.60131962E-05
   65.4895477        -3.66815948E-05
   65.5909805        -3.72534123E-05
   65.6924133        -3.77188589E-05
   65.7938461        -3.80692363E-05
   65.8952789        -3.82969847E-05
   65.9967117        -3.83958941E-05
   66.0981522        -3.83611768E-05
   66.1995850        -3.81895552E-05
   66.3010178        -3.78793593E-05
   66.4024506        -3.74305491E-05
   66.5038834        -3.68447654E-05
   66.6053162        -3.61253078E-05
   66.7067566        -3.52771494E-05
   66.8081894        -3.43068677E-05
   66.9096222        -3.32225827E-05
   67.0110550        -3.20338768E-05
   67.1124878        -3.07516857E-05
   67.2139206        -2.93881803E-05
   67.3153610        -2.79566048E-05
   67.4167938        -2.64711525E-05
   67.5182266        -2.49467739E-05
   67.6196594        -2.33990195E-05
   67.7210922        -2.18438363E-05
   67.8225327        -2.02974188E-05
   67.9239655        -1.87759833E-05
   68.0253983        -1.72956188E-05
   68.1268311        -1.58720813E-05
   68.2282639        -1.45206359E-05
   68.3296967        -1.32558962E-05
   68.4311371        -1.20916411E-05
   68.5325699        -1.10407045E-05
   68.6340027        -1.01148189E-05
   68.7354355        -9.32451348E-06
   68.8368683        -8.67899689E-06
   68.9383011        -8.18608260E-06
   69.0397415        -7.85209613E-06
   69.1411743        -7.68183054E-06
   69.2426071        -7.67848996E-06
   69.3440399        -7.84366057E-06
   69.4454727        -8.17729142E-06
   69.5469055        -8.67770450E-06
   69.6483459        -9.34158470E-06
   69.7497787        -1.01640144E-05
   69.8512115        -1.11385079E-05
   69.9526443        -1.22570691E-05
   70.0540771        -1.35102355E-05
   70.1555099        -1.48871759E-05
   70.2569504        -1.63757650E-05
   70.3583832        -1.79626968E-05
   70.4598160        -1.96335641E-05
   70.5612488        -2.13730491E-05
   70.6626816        -2.31650047E-05
   70.7641220        -2.49926125E-05
   70.8655548        -2.68385793E-05
   70.9669876        -2.86852501E-05
   71.0684204        -3.05148405E-05
   71.1698532        -3.23095774E-05
   71.2712860        -3.40518818E-05
   71.3727264        -3.57246099E-05
   71.4741592        -3.73111725E-05
   71.5755920        -3.87957662E-05
   71.6770248        -4.01635552E-05
   71.7784576        -4.14007955E-05
   71.8798904        -4.24950413E-05
   71.9813309        -4.34352696E-05
   72.0827637        -4.42120436E-05
   72.1841965        -4.48175451E-05
   72.2856293        -4.52457498E-05
   72.3870621        -4.54924375E-05
   72.4884949        -4.55552799E-05
   72.5899353        -4.54338115E-05
   72.6913681        -4.51294327E-05
   72.7928009        -4.46454287E-05
   72.8942337        -4.39868672E-05
   72.9956665        -4.31604967E-05
   73.0971069        -4.21747427E-05
   73.1985397        -4.10394932E-05
   73.2999725        -3.97660151E-05
   73.4014053        -3.83667902E-05
   73.5028381        -3.68553774E-05
   73.6042709        -3.52462193E-05
   73.7057114        -3.35544864E-05
   73.8071442        -3.17959239E-05
   73.9085770        -2.99866369E-05
   74.0100098        -2.81429675E-05
   74.1114426        -2.62813355E-05
   74.2128754        -2.44180555E-05
   74.3143158        -2.25692620E-05
   74.4157486        -2.07507255E-05
   74.5171814        -1.89778220E-05
   74.6186142        -1.72653745E-05
   74.7200470        -1.56276292E-05
   74.8214798        -1.40781840E-05
   74.9229202        -1.26299656E-05
   75.0243530        -1.12951693E-05
   75.1257858        -1.00852885E-05
   75.2272186        -9.01108251E-06
   75.3286514        -8.08260120E-06
   75.4300842        -7.30919282E-06
   75.5315247        -6.69951442E-06
   75.6329575        -6.26155406E-06
   75.7343903        -6.00265457E-06
   75.8358231        -5.92950619E-06
   75.9372559        -6.04816842E-06
   76.0386963        -6.36405593E-06
   76.1401291        -6.88193404E-06
   76.2415619        -7.60588591E-06
   76.3429947        -8.53928304E-06
   76.4444275        -9.68472432E-06
   76.5458603        -1.10439814E-05
   76.6473007        -1.26179284E-05
   76.7487335        -1.44064488E-05
   76.8501663        -1.64083394E-05
   76.9515991        -1.86212164E-05
   77.0530319        -2.10414037E-05
   77.1544647        -2.36638280E-05
   77.2559052        -2.64819082E-05
   77.3573380        -2.94874408E-05
   77.4587708        -3.26705522E-05
   77.5602036        -3.60195481E-05
   77.6616364        -3.95209208E-05
   77.7630692        -4.31592562E-05
   77.8645096        -4.69172119E-05
   77.9659424        -5.07755467E-05
   78.0673752        -5.47131276E-05
   78.1688080        -5.87070099E-05
   78.2702408        -6.27324844E-05
   78.3716812        -6.67632776E-05
   78.4731140        -7.07716172E-05
   78.5745468        -7.47284721E-05
   78.6759796        -7.86037781E-05
   78.7774124        -8.23666560E-05
   78.8788452        -8.59856882E-05
   78.9802856        -8.94292098E-05
   79.0817184        -9.26656430E-05
   79.1831512        -9.56638250E-05
   79.2845840        -9.83932841E-05
   79.3860168        -1.00824676E-04
   79.4874496        -1.02930077E-04
   79.5888901        -1.04683306E-04
   79.6903229        -1.06060259E-04
   79.7917557        -1.07039225E-04
   79.8931885        -1.07601103E-04
   79.9946213        -1.07729684E-04
   80.0960541        -1.07411899E-04
   80.1974945        -1.06637861E-04
   80.2989273        -1.05401145E-04
   80.4003601        -1.03698658E-04
   80.5017929        -1.01530888E-04
   80.6032257        -9.89016844E-05
   80.7046585        -9.58182936E-05
   80.8060989        -9.22912004E-05
   80.9075317        -8.83339235E-05
   81.0089645        -8.39628628E-05
   81.1103973        -7.91969869E-05
   81.2118301        -7.40576143E-05
   81.3132706        -6.85679915E-05
   81.4147034        -6.27530972E-05
   81.5161362        -5.66391900E-05
   81.6175690        -5.02534967E-05
   81.7190018        -4.36238515E-05
   81.8204346        -3.67783759E-05
   81.9218750        -2.97451079E-05
   82.0233078        -2.25517251E-05
   82.1247406        -1.52252633E-05
   82.2261734        -7.79184575E-06
   82.3276062        -2.76488350E-07
   82.4290390         7.29710337E-06
   82.5304794         1.49066391E-05
   82.6319122         2.25313579E-05
   82.7333450         3.01521086E-05
   82.8347778         3.77513206E-05
   82.9362106         4.53130415E-05
   83.0376434         5.28228229E-05
   83.1390839         6.02676810E-05
   83.2405167         6.76359705E-05
   83.3419495         7.49172614E-05
   83.4433823         8.21021385E-05
   83.5448151         8.91821110E-05
   83.6462555         9.61493788E-05
   83.7476883         1.02996666E-04
   83.8491211         1.09717083E-04
   83.9505539         1.16303883E-04
   84.0519867         1.22750425E-04
   84.1534195         1.29049891E-04
   84.2548599         1.35195267E-04
   84.3562927         1.41179218E-04
   84.4577255         1.46993916E-04
   84.5591583         1.52631110E-04
   84.6605911         1.58082054E-04
   84.7620239         1.63337478E-04
   84.8634644         1.68387545E-04
   84.9648972         1.73222070E-04
   85.0663300         1.77830429E-04
   85.1677628         1.82201693E-04
   85.2691956         1.86324789E-04
   85.3706284         1.90188541E-04
   85.4720688         1.93781903E-04
   85.5735016         1.97094007E-04
   85.6749344         2.00114562E-04
   85.7763672         2.02833689E-04
   85.8778000         2.05242308E-04
   85.9792404         2.07332385E-04
   86.0806732         2.09096877E-04
   86.1821060         2.10530096E-04
   86.2835388         2.11627645E-04
   86.3849716         2.12386862E-04
   86.4864044         2.12806641E-04
   86.5878448         2.12887651E-04
   86.6892776         2.12632440E-04
   86.7907104         2.12045445E-04
   86.8921432         2.11132952E-04
   86.9935760         2.09903301E-04
   87.0950089         2.08366531E-04
   87.1964493         2.06534649E-04
   87.2978821         2.04421274E-04
   87.3993149         2.02041774E-04
   87.5007477         1.99412985E-04
   87.6021805         1.96553068E-04
   87.7036133         1.93481377E-04
   87.8050537         1.90218387E-04
   87.9064865         1.86785299E-04
   88.0079193         1.83204073E-04
   88.1093521         1.79497045E-04
   88.2107849         1.75686844E-04
   88.3122177         1.71796288E-04
   88.4136581         1.67848018E-04
   88.5150909         1.63864461E-04
   88.6165237         1.59867734E-04
   88.7179565         1.55879359E-04
   88.8193893         1.51920336E-04
   88.9208298         1.48010862E-04
   89.0222626         1.44170379E-04
   89.1236954         1.40417498E-04
   89.2251282         1.36769901E-04
   89.3265610         1.33244350E-04
   89.4279938         1.29856708E-04
   89.5294342         1.26621802E-04
   89.6308670         1.23553516E-04
   89.7322998         1.20664765E-04
   89.8337326         1.17967487E-04
   89.9351654         1.15472569E-04
   90.0365982         1.13189955E-04
   90.1380386         1.11128538E-04
   90.2394714         1.09296139E-04
   90.3409042         1.07699467E-04
   90.4423370         1.06344160E-04
   90.5437698         1.05234532E-04
   90.6452026         1.04373736E-04
   90.7466431         1.03763537E-04
   90.8480759         1.03404273E-04
   90.9495087         1.03294798E-04
   91.0509415         1.03432409E-04
   91.1523743         1.03812716E-04
   91.2538147         1.04429600E-04
   91.3552475         1.05275249E-04
   91.4566803         1.06339925E-04
   91.5581131         1.07612112E-04
   91.6595459         1.09078348E-04
   91.7609787         1.10723369E-04
   91.8624191         1.12530106E-04
   91.9638519         1.14479655E-04
   92.0652847         1.16551426E-04
   92.1667175         1.18723307E-04
   92.2681503         1.20971687E-04
   92.3695831         1.23271646E-04
   92.4710236         1.25597260E-04
   92.5724564         1.27921710E-04
   92.6738892         1.30217493E-04
   92.7753220         1.32456844E-04
   92.8767548         1.34611866E-04
   92.9781876         1.36654940E-04
   93.0796280         1.38558928E-04
   93.1810608         1.40297663E-04
   93.2824936         1.41846089E-04
   93.3839264         1.43180689E-04
   93.4853592         1.44279722E-04
   93.5867920         1.45123573E-04
   93.6882324         1.45695070E-04
   93.7896652         1.45979517E-04
   93.8910980         1.45965125E-04
   93.9925308         1.45643062E-04
   94.0939636         1.45007594E-04
   94.1954041         1.44056175E-04
   94.2968369         1.42789475E-04
   94.3982697         1.41211320E-04
   94.4997025         1.39328680E-04
   94.6011353         1.37151466E-04
   94.7025681         1.34692396E-04
   94.8040085         1.31966779E-04
   94.9054413         1.28992164E-04
   95.0068741         1.25788152E-04
   95.1083069         1.22375917E-04
   95.2097397         1.18777956E-04
   95.3111725         1.15017610E-04
   95.4126129         1.11118687E-04
   95.5140457         1.07105072E-04
   95.6154785         1.03000370E-04
   95.7169113         9.88273896E-05
   95.8183441         9.46079963E-05
   95.9197769         9.03625769E-05
   96.0212173         8.61098815E-05
   96.1226501         8.18667686E-05
   96.2240829         7.76479428E-05
   96.3255157         7.34659407E-05
   96.4269485         6.93309485E-05
   96.5283890         6.52508315E-05
   96.6298218         6.12311851E-05
   96.7312546         5.72753925E-05
   96.8326874         5.33848361E-05
   96.9341202         4.95590357E-05
   97.0355530         4.57959359E-05
   97.1369934         4.20921933E-05
   97.2384262         3.84434388E-05
   97.3398590         3.48446629E-05
   97.4412918         3.12905322E-05
   97.5427246         2.77757317E-05
   97.6441574         2.42953211E-05
   97.7455978         2.08450183E-05
   97.8470306         1.74215220E-05
   97.9484634         1.40227476E-05
   98.0498962         1.06480720E-05
   98.1513290         7.29846761E-06
   98.2527618         3.97663689E-06
   98.3542023         6.87072145E-07
   98.4556351        -2.56394719E-06
   98.5570679        -5.76840102E-06
   98.6585007        -8.91665695E-06
   98.7599335        -1.19976339E-05
   98.8613739        -1.49989964E-05
   98.9628067        -1.79074359E-05
   99.0642395        -2.07089579E-05
   99.1656723        -2.33892042E-05
   99.2671051        -2.59337721E-05
   99.3685379        -2.83285990E-05
   99.4699783        -3.05602844E-05
   99.5714111        -3.26164336E-05
   99.6728439        -3.44859873E-05
   99.7742767        -3.61595048E-05
   99.8757095        -3.76294338E-05
   99.9771423        -3.88903318E-05
   100.078583        -3.99390337E-05
   100.180016        -4.07748084E-05
   100.281448        -4.13994130E-05
   100.382881        -4.18171330E-05
   100.484314        -4.20347897E-05
   100.585747        -4.20616416E-05
   100.687187        -4.19093012E-05
   100.788620        -4.15915929E-05
   100.890053        -4.11243454E-05
   100.991486        -4.05252104E-05
   101.092918        -3.98134180E-05
   101.194351        -3.90095265E-05
   101.295792        -3.81351419E-05
   101.397224        -3.72126560E-05
   101.498657        -3.62649698E-05
   101.600090        -3.53152063E-05
   101.701523        -3.43864740E-05
   101.802963        -3.35015466E-05
   101.904396        -3.26826630E-05
   102.005829        -3.19512801E-05
   102.107262        -3.13278251E-05
   102.208694        -3.08315175E-05
   102.310127        -3.04801542E-05
   102.411568        -3.02899371E-05
   102.513000        -3.02753215E-05
   102.614433        -3.04488385E-05
   102.715866        -3.08209819E-05
   102.817299        -3.14000717E-05
   102.918732        -3.21921725E-05
   103.020172        -3.32009549E-05
   103.121605        -3.44276632E-05
   103.223038        -3.58710167E-05
   103.324471        -3.75271811E-05
   103.425903        -3.93897353E-05
   103.527336        -4.14496535E-05
   103.628777        -4.36953378E-05
   103.730209        -4.61126365E-05
   103.831642        -4.86848985E-05
   103.933075        -5.13930790E-05
   104.034508        -5.42158377E-05
   104.135948        -5.71296951E-05
   104.237381        -6.01091851E-05
   104.338814        -6.31270668E-05
   104.440247        -6.61545710E-05
   104.541679        -6.91616369E-05
   104.643112        -7.21172109E-05
   104.744553        -7.49895844E-05
   104.845985        -7.77466485E-05
   104.947418        -8.03563526E-05
   105.048851        -8.27870099E-05
   105.150284        -8.50076467E-05
   105.251717        -8.69884752E-05
   105.353157        -8.87011920E-05
   105.454590        -9.01194289E-05
   105.556023        -9.12190080E-05
   105.657455        -9.19784216E-05
   105.758888        -9.23790649E-05
   105.860321        -9.24055712E-05
   105.961761        -9.20461098E-05
   106.063194        -9.12925461E-05
   106.164627        -9.01406602E-05
   106.266060        -8.85903573E-05
   106.367493        -8.66456176E-05
   106.468925        -8.43146336E-05
   106.570366        -8.16097745E-05
   106.671799        -7.85475058E-05
   106.773232        -7.51481857E-05
   106.874664        -7.14359703E-05
   106.976097        -6.74385592E-05
   107.077538        -6.31868097E-05
   107.178970        -5.87144859E-05
   107.280403        -5.40578403E-05
   107.381836        -4.92552099E-05
   107.483269        -4.43465178E-05
   107.584702        -3.93728624E-05
   107.686142        -3.43760003E-05
   107.787575        -2.93978446E-05
   107.889008        -2.44799903E-05
   107.990440        -1.96632063E-05
   108.091873        -1.49869811E-05
   108.193306        -1.04890541E-05
   108.294746        -6.20499941E-06
   108.396179        -2.16783769E-06
   108.497612         1.59232104E-06
   108.599045         5.04858190E-06
   108.700478         8.17753153E-06
   108.801910         1.09594403E-05
   108.903351         1.33784515E-05
   109.004784         1.54226636E-05
   109.106216         1.70842177E-05
   109.207649         1.83593038E-05
   109.309082         1.92481402E-05
   109.410522         1.97548925E-05
   109.511955         1.98875769E-05
   109.613388         1.96579167E-05
   109.714821         1.90811643E-05
   109.816254         1.81759151E-05
   109.917686         1.69638661E-05
   110.019127         1.54695954E-05
   110.120560         1.37202924E-05
   110.221992         1.17454838E-05
   110.323425         9.57674274E-06
   110.424858         7.24739539E-06
   110.526291         4.79219898E-06
   110.627731         2.24701444E-06
   110.729164        -3.51512369E-07
   110.830597        -2.96633698E-06
   110.932030        -5.56033092E-06
   111.033463        -8.09667927E-06
   111.134895        -1.05392492E-05
   111.236336        -1.28529464E-05
   111.337769        -1.50041269E-05
   111.439201        -1.69609448E-05
   111.540634        -1.86937432E-05
   111.642067        -2.01754028E-05
   111.743507        -2.13816875E-05
   111.844940        -2.22915642E-05
   111.946373        -2.28874906E-05
   112.047806        -2.31556805E-05
   112.149239        -2.30862915E-05
   112.250671        -2.26736338E-05
   112.352112        -2.19162393E-05
   112.453545        -2.08169167E-05
   112.554977        -1.93827655E-05
   112.656410        -1.76250815E-05
   112.757843        -1.55592006E-05
   112.859276        -1.32042933E-05
   112.960716        -1.05830950E-05
   113.062149        -7.72154544E-06
   113.163582        -4.64840286E-06
   113.265015        -1.39480892E-06
   113.366447         2.00622458E-06
   113.467880         5.52031725E-06
   113.569321         9.11226562E-06
   113.670753         1.27465855E-05
   113.772186         1.63880686E-05
   113.873619         2.00023223E-05
   113.975052         2.35562675E-05
   114.076485         2.70186483E-05
   114.177925         3.03604393E-05
   114.279358         3.35552795E-05
   114.380791         3.65797387E-05
   114.482224         3.94136805E-05
   114.583656         4.20403812E-05
   114.685097         4.44467223E-05
   114.786530         4.66232559E-05
   114.887962         4.85641904E-05
   114.989395         5.02673174E-05
   115.090828         5.17339431E-05
   115.192261         5.29686258E-05
   115.293701         5.39789908E-05
   115.395134         5.47754425E-05
   115.496567         5.53708160E-05
   115.598000         5.57800122E-05
   115.699432         5.60196859E-05
   115.800865         5.61077286E-05
   115.902306         5.60629705E-05
   116.003738         5.59046712E-05
   116.105171         5.56521809E-05
   116.206604         5.53245009E-05
   116.308037         5.49399520E-05
   116.409470         5.45157673E-05
   116.510910         5.40678229E-05
   116.612343         5.36103253E-05
   116.713776         5.31555888E-05
   116.815208         5.27138327E-05
   116.916641         5.22930422E-05
   117.018082         5.18988527E-05
   117.119514         5.15344982E-05
   117.220947         5.12008191E-05
   117.322380         5.08963130E-05
   117.423813         5.06172000E-05
   117.525246         5.03575902E-05
   117.626686         5.01096729E-05
   117.728119         4.98638838E-05
   117.829552         4.96092434E-05
   117.930984         4.93335465E-05
   118.032417         4.90237289E-05
   118.133850         4.86661775E-05
   118.235291         4.82470496E-05
   118.336723         4.77525937E-05
   118.438156         4.71694766E-05
   118.539589         4.64851255E-05
   118.641022         4.56879934E-05
   118.742455         4.47678358E-05
   118.843895         4.37159251E-05
   118.945328         4.25252947E-05
   119.046761         4.11908586E-05
   119.148193         3.97095500E-05
   119.249626         3.80804086E-05
   119.351059         3.63045910E-05
   119.452499         3.43853972E-05
   119.553932         3.23281893E-05
   119.655365         3.01403306E-05
   119.756798         2.78310745E-05
   119.858231         2.54114129E-05
   119.959671         2.28939371E-05
   120.061104         2.02926221E-05
   120.162537         1.76226768E-05
   120.263969         1.49003263E-05
   120.365402         1.21426428E-05
   120.466835         9.36733795E-06
   120.568275         6.59260832E-06
   120.669708         3.83696170E-06
   120.771141         1.11907184E-06
   120.872574        -1.54234874E-06
   120.974007        -4.12867485E-06
   121.075439        -6.62145658E-06
   121.176880        -9.00251962E-06
   121.278313        -1.12540274E-05
   121.379745        -1.33585781E-05
   121.481178        -1.52992434E-05
   121.582611        -1.70596722E-05
   121.684044        -1.86241377E-05
   121.785484        -1.99776296E-05
   121.886917        -2.11059705E-05
   121.988350        -2.19959056E-05
   122.089783        -2.26352404E-05
   122.191216        -2.30130008E-05
   122.292656        -2.31195881E-05
   122.394089        -2.29469570E-05
   122.495522        -2.24888172E-05
   122.596954        -2.17408324E-05
   122.698387        -2.07008234E-05
   122.799820        -1.93689684E-05
   122.901260        -1.77479778E-05
   123.002693        -1.58432867E-05
   123.104126        -1.36631734E-05
   123.205559        -1.12188936E-05
   123.306992        -8.52473840E-06
   123.408424        -5.59806813E-06
   123.509865        -2.45929550E-06
   123.611298         8.68211714E-07
   123.712730         4.35823313E-06
   123.814163         7.98190467E-06
   123.915596         1.17079599E-05
   124.017029         1.55030302E-05
   124.118469         1.93320084E-05
   124.219902         2.31584327E-05
   124.321335         2.69449538E-05
   124.422768         3.06537841E-05
   124.524200         3.42472267E-05
   124.625633         3.76881544E-05
   124.727074         4.09405402E-05
   124.828506         4.39699652E-05
   124.929939         4.67440768E-05
   125.031372         4.92330910E-05
   125.132805         5.14101666E-05
   125.234245         5.32517915E-05
   125.335678         5.47380914E-05
   125.437111         5.58530701E-05
   125.538544         5.65847695E-05
   125.639977         5.69254007E-05
   125.741409         5.68713585E-05
   125.842850         5.64231741E-05
   125.944283         5.55854167E-05
   126.045715         5.43664901E-05
   126.147148         5.27784541E-05
   126.248581         5.08366320E-05
   126.350014         4.85593810E-05
   126.451454         4.59676885E-05
   126.552887         4.30847795E-05
   126.654320         3.99357777E-05
   126.755753         3.65472479E-05
   126.857185         3.29468894E-05
   126.958618         2.91631059E-05
   127.060059         2.52247391E-05
   127.161491         2.11607276E-05
   127.262924         1.69998748E-05
   127.364357         1.27706007E-05
   127.465790         8.50077686E-06
   127.567230         4.21758750E-06
   127.668663        -5.25816795E-08
   127.770096        -4.28421481E-06
   127.871529        -8.45269642E-06
   127.972961        -1.25343331E-05
   128.074402        -1.65063448E-05
   128.175827        -2.03468499E-05
   128.277267        -2.40348745E-05
   128.378693        -2.75502589E-05
   128.480133        -3.08737217E-05
   128.581573        -3.39868056E-05
   128.682999        -3.68719047E-05
   128.784439        -3.95122734E-05
   128.885864        -4.18920899E-05
   128.987305        -4.39965224E-05
   129.088745        -4.58117756E-05
   129.190170        -4.73252476E-05
   129.291611        -4.85255950E-05
   129.393036        -4.94029300E-05
   129.494476        -4.99488851E-05
   129.595901        -5.01568211E-05
   129.697342        -5.00219649E-05
   129.798782        -4.95415552E-05
   129.900208        -4.87149919E-05
   130.001648        -4.75439592E-05
   130.103073        -4.60325718E-05
   130.204514        -4.41874145E-05
   130.305954        -4.20176839E-05
   130.407379        -3.95352217E-05
   130.508820        -3.67545035E-05
   130.610245        -3.36927042E-05
   130.711685        -3.03695779E-05
   130.813126        -2.68074455E-05
   130.914551        -2.30310834E-05
   131.015991        -1.90675455E-05
   131.117416        -1.49460293E-05
   131.218857        -1.06976440E-05
   131.320282        -6.35515516E-06
   131.421722        -1.95270536E-06
   131.523163         2.47450134E-06
   131.624588         6.89055241E-06
   131.726028         1.12592043E-05
   131.827454         1.55442794E-05
   131.928894         1.97100890E-05
   132.030334         2.37218683E-05
   132.131760         2.75462116E-05
   132.233200         3.11514996E-05
   132.334625         3.45083281E-05
   132.436066         3.75899290E-05
   132.537506         4.03725280E-05
   132.638931         4.28357307E-05
   132.740372         4.49627732E-05
   132.841797         4.67408172E-05
   132.943237         4.81611423E-05
   133.044662         4.92192812E-05
   133.146103         4.99150883E-05
   133.247543         5.02527473E-05
   133.348969         5.02406838E-05
   133.450409         4.98914378E-05
   133.551834         4.92214385E-05
   133.653275         4.82506621E-05
   133.754715         4.70023915E-05
   133.856140         4.55026566E-05
   133.957581         4.37798262E-05
   134.059006         4.18640957E-05
   134.160446         3.97869117E-05
   134.261871         3.75803866E-05
   134.363312         3.52767347E-05
   134.464752         3.29076793E-05
   134.566177         3.05038975E-05
   134.667618         2.80944860E-05
   134.769043         2.57064676E-05
   134.870483         2.33643677E-05
   134.971924         2.10898415E-05
   135.073349         1.89013790E-05
   135.174789         1.68140668E-05
   135.276215         1.48394674E-05
   135.377655         1.29855553E-05
   135.479095         1.12567377E-05
   135.580521         9.65395793E-06
   135.681961         8.17488853E-06
   135.783386         6.81417032E-06
   135.884827         5.56373880E-06
   135.986252         4.41319617E-06
   136.087692         3.35022378E-06
   136.189133         2.36104938E-06
   136.290558         1.43091802E-06
   136.391998         5.44580871E-07
   136.493423        -3.13200957E-07
   136.594864        -1.15718274E-06
   136.696304        -2.00117756E-06
   136.797729        -2.85762758E-06
   136.899170        -3.73722173E-06
   137.000595        -4.64856203E-06
   137.102036        -5.59789532E-06
   137.203461        -6.58889439E-06
   137.304901        -7.62251420E-06
   137.406342        -8.69691667E-06
   137.507767        -9.80746245E-06
   137.609207        -1.09467683E-05
   137.710632        -1.21048442E-05
   137.812073        -1.32692730E-05
   137.913513        -1.44254591E-05
   138.014938        -1.55569342E-05
   138.116379        -1.66456975E-05
   138.217804        -1.76725916E-05
   138.319244        -1.86177349E-05
   138.420685        -1.94609202E-05
   138.522110        -2.01820767E-05
   138.623550        -2.07617031E-05
   138.724976        -2.11812985E-05
   138.826416        -2.14237534E-05
   138.927841        -2.14737483E-05
   139.029282        -2.13180811E-05
   139.130722        -2.09459577E-05
   139.232147        -2.03492345E-05
   139.333588        -1.95226276E-05
   139.435013        -1.84637956E-05
   139.536453        -1.71734700E-05
   139.637894        -1.56554233E-05
   139.739319        -1.39164586E-05
   139.840759        -1.19663046E-05
   139.942184        -9.81748144E-06
   140.043625        -7.48513139E-06
   140.145065        -4.98678719E-06
   140.246490        -2.34213621E-06
   140.347931         4.27241758E-07
   140.449356         3.29816226E-06
   140.550797         6.24613176E-06
   140.652222         9.24563392E-06
   140.753662         1.22704214E-05
   140.855103         1.52938028E-05
   140.956528         1.82889107E-05
   141.057968         2.12289488E-05
   141.159393         2.40874160E-05
   141.260834         2.68383392E-05
   141.362274         2.94564488E-05
   141.463699         3.19173232E-05
   141.565140         3.41976083E-05
   141.666565         3.62751016E-05
   141.768005         3.81288701E-05
   141.869431         3.97394178E-05
   141.970871         4.10887624E-05
   142.072311         4.21606128E-05
   142.173737         4.29404063E-05
   142.275177         4.34155227E-05
   142.376602         4.35753864E-05
   142.478043         4.34115937E-05
   142.579483         4.29180946E-05
   142.680908         4.20913202E-05
   142.782349         4.09303393E-05
   142.883774         3.94369854E-05
   142.985214         3.76160024E-05
   143.086655         3.54751392E-05
   143.188080         3.30252369E-05
   143.289520         3.02802910E-05
   143.390945         2.72574725E-05
   143.492386         2.39771198E-05
   143.593811         2.04626831E-05
   143.695251         1.67406379E-05
   143.796692         1.28403326E-05
   143.898117         8.79383242E-06
   143.999557         4.63566266E-06
   144.100983         4.02559607E-07
   144.202423        -3.86685224E-06
   144.303864        -8.13240058E-06
   144.405289        -1.23527525E-05
   144.506729        -1.64858284E-05
   144.608154        -2.04892403E-05
   144.709595        -2.43207051E-05
   144.811020        -2.79385567E-05
   144.912460        -3.13021774E-05
   145.013901        -3.43724532E-05
   145.115326        -3.71122333E-05
   145.216766        -3.94867493E-05
   145.318192        -4.14640490E-05
   145.419632        -4.30153741E-05
   145.521072        -4.41154989E-05
   145.622498        -4.47431121E-05
   145.723938        -4.48810679E-05
   145.825363        -4.45166843E-05
   145.926804        -4.36419577E-05
   146.028244        -4.22537451E-05
   146.129669        -4.03539307E-05
   146.231110        -3.79494850E-05
   146.332535        -3.50525661E-05
   146.433975        -3.16804944E-05
   146.535400        -2.78557072E-05
   146.636841        -2.36056767E-05
   146.738281        -1.89627262E-05
   146.839706        -1.39638523E-05
   146.941147        -8.65043057E-06
   147.042572        -3.06791867E-06
   147.144012         2.73453020E-06
   147.245453         8.70448457E-06
   147.346878         1.47867149E-05
   147.448318         2.09237151E-05
   147.549744         2.70562832E-05
   147.651184         3.31241026E-05
   147.752609         3.90664063E-05
   147.854050         4.48226201E-05
   147.955490         5.03330484E-05
   148.056915         5.55395709E-05
   148.158356         6.03863045E-05
   148.259781         6.48203059E-05
   148.361221         6.87921129E-05
   148.462662         7.22565019E-05
   148.564087         7.51729094E-05
   148.665527         7.75059671E-05
   148.766953         7.92259671E-05
   148.868393         8.03092043E-05
   148.969833         8.07382239E-05
   149.071259         8.05020754E-05
   149.172699         7.95964879E-05
   149.274124         7.80237315E-05
   149.375565         7.57928283E-05
   149.476990         7.29192470E-05
   149.578430         6.94247865E-05
   149.679871         6.53373063E-05
   149.781296         6.06904214E-05
   149.882736         5.55230981E-05
   149.984161         4.98791851E-05
   150.085602         4.38069837E-05
   150.187042         3.73586518E-05
   150.288467         3.05897083E-05
   150.389908         2.35584339E-05
   150.491333         1.63252716E-05
   150.592773         8.95224730E-06
   150.694214         1.50236610E-06
   150.795639        -5.96096061E-06
   150.897079        -1.33744916E-05
   150.998505        -2.06757068E-05
   151.099945        -2.78033185E-05
   151.201370        -3.46977977E-05
   151.302811        -4.13018242E-05
   151.404251        -4.75607376E-05
   151.505676        -5.34229694E-05
   151.607117        -5.88404182E-05
   151.708542        -6.37687772E-05
   151.809982        -6.81679521E-05
   151.911423        -7.20023017E-05
   152.012848        -7.52408669E-05
   152.114288        -7.78577014E-05
   152.215714        -7.98320325E-05
   152.317154        -8.11484642E-05
   152.418579        -8.17970358E-05
   152.520020        -8.17734253E-05
   152.621460        -8.10789352E-05
   152.722885        -7.97205357E-05
   152.824326        -7.77108144E-05
   152.925751        -7.50679101E-05
   153.027191        -7.18153824E-05
   153.128632        -6.79820077E-05
   153.230057        -6.36015830E-05
   153.331497        -5.87125796E-05
   153.432922        -5.33579114E-05
   153.534363        -4.75844099E-05
   153.635803        -4.14424867E-05
   153.737228        -3.49855873E-05
   153.838669        -2.82697056E-05
   153.940094        -2.13528019E-05
   154.041534        -1.42942108E-05
   154.142960        -7.15405577E-06
   154.244400         7.38922301E-09
   154.345840         7.13030977E-06
   154.447266         1.41559412E-05
   154.548706         2.10271828E-05
   154.650131         2.76891551E-05
   154.751572         3.40896986E-05
   154.853012         4.01798861E-05
   154.954437         4.59144649E-05
   155.055878         5.12522165E-05
   155.157303         5.61562920E-05
   155.258743         6.05944842E-05
   155.360168         6.45394757E-05
   155.461609         6.79689183E-05
   155.563049         7.08656080E-05
   155.664474         7.32174303E-05
   155.765915         7.50174295E-05
   155.867340         7.62636628E-05
   155.968781         7.69591061E-05
   156.070221         7.71114574E-05
   156.171646         7.67330130E-05
   156.273087         7.58402894E-05
   156.374512         7.44538702E-05
   156.475952         7.25980499E-05
   156.577393         7.03005644E-05
   156.678818         6.75921838E-05
   156.780258         6.45064938E-05
   156.881683         6.10794086E-05
   156.983124         5.73489233E-05
   157.084549         5.33547027E-05
   157.185989         4.91377068E-05
   157.287430         4.47398670E-05
   157.388855         4.02036349E-05
   157.490295         3.55716911E-05
   157.591721         3.08864983E-05
   157.693161         2.61899804E-05
