  -4.50000000         0.00000000    
  -4.39856577         0.00000000    
  -4.29713154         0.00000000    
  -4.19569778         0.00000000    
  -4.09426355         0.00000000    
  -3.99282932         0.00000000    
  -3.89139533         0.00000000    
  -3.78996110         0.00000000    
  -3.68852711         0.00000000    
  -3.58709288         0.00000000    
  -3.48565888         0.00000000    
  -3.38422465         0.00000000    
  -3.28279042         0.00000000    
  -3.18135643         0.00000000    
  -3.07992220         0.00000000    
  -2.97848821         9.61538877E-33
  -2.87705398        -2.69116472E-32
  -2.77561998        -1.43834253E-31
  -2.67418575        -4.34702936E-31
  -2.57275176        -1.03513863E-30
  -2.47131753        -2.11572413E-30
  -2.36988354        -3.96555934E-30
  -2.26844931        -7.04911876E-30
  -2.16701531        -1.23443247E-29
  -2.06558108        -2.42241362E-29
  -1.96414697        -4.65641381E-29
  -1.86271286        -1.38498389E-28
  -1.76127875        -3.19748523E-28
  -1.65984464        -6.06522910E-28
  -1.55841053        -1.02435418E-27
  -1.45697629        -1.52239591E-27
  -1.35554218        -1.95394009E-27
  -1.25410807        -2.03278901E-27
  -1.15267396        -1.27119109E-27
  -1.05123985         1.09351375E-27
 -0.949805737         6.20956099E-27
 -0.848371625         1.57455235E-26
 -0.746937513         3.20765265E-26
 -0.645503342         5.84898884E-26
 -0.544069231         9.93448961E-26
 -0.442635119         1.60045678E-25
 -0.341201007         2.46605388E-25
 -0.239766881         3.64521112E-25
 -0.138332769         5.16693588E-25
  -3.68986391E-02     7.00287800E-25
   6.45354837E-02     9.02776956E-25
  0.165969610         1.09799488E-24
  0.267403722         1.24374788E-24
  0.368837833         1.28326419E-24
  0.470271975         1.15316279E-24
  0.571706116         8.00331041E-25
  0.673140228         2.08629748E-25
  0.774574339        -5.66537124E-25
  0.876008451        -1.36212977E-24
  0.977442563        -1.88151905E-24
   1.07887673        -1.69543563E-24
   1.18031085        -2.89673767E-25
   1.28174496         2.82189824E-24
   1.38317907         7.90844023E-24
   1.48461318         1.47630585E-23
   1.58604729         2.24040536E-23
   1.68748140         2.87976892E-23
   1.78891551         3.06951774E-23
   1.89034963         2.36997545E-23
   1.99178374         2.68402350E-24
   2.09321785        -3.73486700E-23
   2.19465208        -9.99311514E-23
   2.29608607        -1.85410219E-22
   2.39752030        -2.89063829E-22
   2.49895430        -3.99452480E-22
   2.60038853        -4.97548078E-22
   2.70182276        -5.57276234E-22
   2.80325675        -5.48085512E-22
   2.90469098        -4.39975217E-22
   3.00612497        -2.11039086E-22
   3.10755920         1.42986151E-22
   3.20899320         5.98396208E-22
   3.31042743         1.09441185E-21
   3.41186142         1.52793800E-21
   3.51329565         1.75518638E-21
   3.61472964         1.60297606E-21
   3.71616387         8.91658392E-22
   3.81759810        -5.30098726E-22
   3.91903210        -2.74085589E-21
   4.02046633        -5.69745931E-21
   4.12190056        -9.18982151E-21
   4.22333431        -1.28101463E-20
   4.32476854        -1.59484784E-20
   4.42620277        -1.78255499E-20
   4.52763700        -1.75704148E-20
   4.62907076        -1.43440130E-20
   4.73050499        -7.50102647E-21
   4.83193922         3.22783263E-21
   4.93337345         1.75609038E-20
   5.03480768         3.45335143E-20
   5.13624144         5.24471509E-20
   5.23767567         6.89344599E-20
   5.33910990         8.11630780E-20
   5.44054413         8.61816539E-20
   5.54197788         8.13860355E-20
   5.64341211         6.50553447E-20
   5.74484634         3.68821094E-20
   5.84628057        -1.59678261E-21
   5.94771433        -4.67665817E-20
   6.04914856        -9.29821577E-20
   6.15058279        -1.32950245E-19
   6.25201702        -1.58450867E-19
   6.35345125        -1.61345249E-19
   6.45488501        -1.34759289E-19
   6.55631924        -7.42833264E-20
   6.65775347         2.09964564E-20
   6.75918770         1.47815069E-19
   6.86062145         2.98536152E-19
   6.96205568         4.61521597E-19
   7.06348991         6.22045146E-19
   7.16492414         7.63636133E-19
   7.26635790         8.69657888E-19
   7.36779213         9.24881913E-19
   7.46922636         9.16818557E-19
   7.57066059         8.36625257E-19
   7.67209482         6.79522773E-19
   7.77352858         4.44783287E-19
   7.87496281         1.35501762E-19
   7.97639704        -2.41537049E-19
   8.07783127        -6.75546464E-19
   8.17926502        -1.15069416E-18
   8.28069973        -1.64421296E-18
   8.38213348        -2.12383172E-18
   8.48356724        -2.54503064E-18
   8.58500195        -2.84897257E-18
   8.68643570        -2.96225289E-18
   8.78787041        -2.79972430E-18
   8.88930416        -2.27154922E-18
   8.99073792        -1.29522494E-18
   9.09217262         1.87387079E-19
   9.19360638         2.18898460E-18
   9.29504013         4.65385130E-18
   9.39647484         7.43632806E-18
   9.49790859         1.02850802E-17
   9.59934330         1.28380838E-17
   9.70077705         1.46332055E-17
   9.80221081         1.51381232E-17
   9.90364552         1.38015788E-17
   10.0050793         1.01248379E-17
   10.1065140         3.74871843E-18
   10.2079477        -5.45241726E-18
   10.3093815        -1.72819851E-17
   10.4108162        -3.11527766E-17
   10.5122499        -4.60545445E-17
   10.6136837        -6.05721334E-17
   10.7151184        -7.29643445E-17
   10.8165522        -8.13066926E-17
   10.9179869        -8.36926190E-17
   11.0194206        -7.84771129E-17
   11.1208544        -6.45364858E-17
   11.2222891        -4.15110366E-17
   11.3237228        -9.99196212E-18
   11.4251575         2.83838623E-17
   11.5265913         7.09611976E-17
   11.6280251         1.14232399E-16
   11.7294598         1.54140965E-16
   11.8308935         1.86500919E-16
   11.9323273         2.07490342E-16
   12.0337620         2.14161997E-16
   12.1351957         2.04904112E-16
   12.2366304         1.79784794E-16
   12.3380642         1.40725908E-16
   12.4394979         9.14705387E-17
   12.5409327         3.73373149E-17
   12.6423664        -1.52153025E-17
   12.7438011        -5.91642389E-17
   12.8452349        -8.75657168E-17
   12.9466686        -9.41902490E-17
   13.0481033        -7.40777098E-17
   13.1495371        -2.39649824E-17
   13.2509708         5.74281985E-17
   13.3524055         1.69229427E-16
   13.4538393         3.08298446E-16
   13.5552740         4.69079435E-16
   13.6567078         6.43331423E-16
   13.7581415         8.19668966E-16
   13.8595762         9.82898832E-16
   13.9610100         1.11320987E-15
   14.0624447         1.18537486E-15
   14.1638784         1.16820391E-15
   14.2653122         1.02458101E-15
   14.3667469         7.12434541E-16
   14.4681807         1.87002018E-16
   14.5696154        -5.95343989E-16
   14.6710491        -1.67160756E-15
   14.7724829        -3.06511472E-15
   14.8739176        -4.77726667E-15
   14.9753513        -6.77878477E-15
   15.0767851        -9.00137339E-15
   15.1782198        -1.13309622E-14
   15.2796535        -1.36037964E-14
   15.3810883        -1.56066380E-14
   15.4825220        -1.70820880E-14
   15.5839558        -1.77397990E-14
   15.6853905        -1.72737309E-14
   15.7868242        -1.53850440E-14
   15.8882589        -1.18095256E-14
   15.9896927        -6.34787370E-15
   16.0911274         1.10359520E-15
   16.1925602         1.05243547E-14
   16.2939949         2.17461564E-14
   16.3954296         3.44371172E-14
   16.4968624         4.80959436E-14
   16.5982971         6.20575775E-14
   16.6997318         7.55113338E-14
   16.8011646         8.75310634E-14
   16.9025993         9.71162509E-14
   17.0040340         1.03241973E-13
   17.1054688         1.04914870E-13
   17.2069016         1.01232404E-13
   17.3083363         9.14416722E-14
   17.4097710         7.49951520E-14
   17.5112038         5.16008473E-14
   17.6126385         2.12645724E-14
   17.7140732        -1.56766469E-14
   17.8155060        -5.85311218E-14
   17.9169407        -1.06239602E-13
   18.0183754        -1.57373138E-13
   18.1198101        -2.10143033E-13
   18.2212429        -2.62422815E-13
   18.3226776        -3.11785808E-13
   18.4241123        -3.55558302E-13
   18.5255451        -3.90892017E-13
   18.6269798        -4.14857981E-13
   18.7284145        -4.24561943E-13
   18.8298473        -4.17282474E-13
   18.9312820        -3.90628908E-13
   19.0327168        -3.42713352E-13
   19.1341496        -2.72330796E-13
   19.2355843        -1.79134390E-13
   19.3370190        -6.37942254E-14
   19.4384537         7.18755906E-14
   19.5398865         2.24836683E-13
   19.6413212         3.90806528E-13
   19.7427559         5.64310263E-13
   19.8441887         7.38810001E-13
   19.9456234         9.06914572E-13
   20.0470581         1.06066100E-12
   20.1484909         1.19185998E-12
   20.2499256         1.29248251E-12
   20.3513603         1.35507003E-12
   20.4527931         1.37313598E-12
   20.5542278         1.34153767E-12
   20.6556625         1.25678818E-12
   20.7570972         1.11729181E-12
   20.8585300         9.23483729E-13
   20.9599648         6.77867918E-13
   21.0613995         3.84953679E-13
   21.1628323         5.10985941E-14
   21.2642670        -3.15727994E-13
   21.3657017        -7.06239808E-13
   21.4671345        -1.11016263E-12
   21.5685692        -1.51657636E-12
   21.6700039        -1.91424437E-12
   21.7714367        -2.29191449E-12
   21.8728714        -2.63857491E-12
   21.9743061        -2.94365964E-12
   22.0757408        -3.19719576E-12
   22.1771736        -3.38990338E-12
   22.2786083        -3.51324894E-12
   22.3800430        -3.55946652E-12
   22.4814758        -3.52156173E-12
   22.5829105        -3.39330820E-12
   22.6843452        -3.16925913E-12
   22.7857780        -2.84479081E-12
   22.8872128        -2.41618899E-12
   22.9886475        -1.88079847E-12
   23.0900803        -1.23725585E-12
   23.1915150        -4.85805461E-13
   23.2929497         3.71279071E-13
   23.3943844         1.32917928E-12
   23.4958172         2.37992091E-12
   23.5972519         3.51169332E-12
   23.6986866         4.70812668E-12
   23.8001194         5.94759918E-12
   23.9015541         7.20260527E-12
   24.0029888         8.43930394E-12
   24.1044216         9.61731129E-12
   24.2058563         1.06898327E-11
   24.3072910         1.16042419E-11
   24.4087238         1.23031576E-11
   24.5101585         1.27260745E-11
   24.6115932         1.28115704E-11
   24.7130280         1.25000487E-11
   24.8144608         1.17369690E-11
   24.9158955         1.04764175E-11
   25.0173302         8.68489655E-12
   25.1187630         6.34510413E-12
   25.2201977         3.45950525E-12
   25.3216324         5.34551753E-14
   25.4230652        -3.82236950E-12
   25.5244999        -8.09040855E-12
   25.6259346        -1.26457855E-11
   25.7273674        -1.73570637E-11
   25.8288021        -2.20683818E-11
   25.9302368        -2.66029525E-11
   26.0316715        -3.07679819E-11
   26.1331043        -3.43608891E-11
   26.2345390        -3.71767027E-11
   26.3359737        -3.90165678E-11
   26.4374065        -3.96969090E-11
   26.5388412        -3.90591760E-11
   26.6402760        -3.69796624E-11
   26.7417088        -3.33789801E-11
   26.8431435        -2.82309055E-11
   26.9445782        -2.15697807E-11
   27.0460110        -1.34962441E-11
   27.1474457        -4.18055261E-12
   27.2488804         6.13682412E-12
   27.3503151         1.71480382E-11
   27.4517479         2.84840311E-11
   27.5531826         3.97247270E-11
   27.6546173         5.04126255E-11
   27.7560501         6.00702196E-11
   27.8574848         6.82201448E-11
   27.9589195         7.44077716E-11
   28.0603523         7.82250584E-11
   28.1617870         7.93347471E-11
   28.2632217         7.74931647E-11
   28.3646545         7.25708729E-11
   28.4660892         6.45692805E-11
   28.5675240         5.36322549E-11
   28.6689587         4.00514101E-11
   28.7703915         2.42645851E-11
   28.8718262         6.84644355E-12
   28.9732609        -1.15082961E-11
   29.0746937        -3.00090855E-11
   29.1761284        -4.78005135E-11
   29.2775631        -6.39986952E-11
   29.3789959        -7.77318834E-11
   29.4804306        -8.81833773E-11
   29.5818653        -9.46349041E-11
   29.6832981        -9.65083777E-11
   29.7847328        -9.34039929E-11
   29.8861675        -8.51325746E-11
   29.9876022        -7.17410784E-11
   30.0890350        -5.35280639E-11
   30.1904697        -3.10502665E-11
   30.2919044        -5.11750971E-12
   30.3933372         2.32233677E-11
   30.4947720         5.27163938E-11
   30.5962067         8.19333490E-11
   30.6976395         1.09323182E-10
   30.7990742         1.33265912E-10
   30.9005089         1.52137331E-10
   31.0019417         1.64374223E-10
   31.1033764         1.68544526E-10
   31.2048111         1.63415600E-10
   31.3062458         1.48020582E-10
   31.4076786         1.21718843E-10
   31.5091133         8.42488995E-11
   31.6105480         3.57715801E-11
   31.7119808        -2.30983982E-11
   31.8134155        -9.12747308E-11
   31.9148502        -1.67195008E-10
   32.0162849        -2.48832122E-10
   32.1177177        -3.33721162E-10
   32.2191505        -4.19000029E-10
   32.3205872        -5.01466979E-10
   32.4220200        -5.77650261E-10
   32.5234528        -6.43890941E-10
   32.6248894        -6.96438851E-10
   32.7263222        -7.31555927E-10
   32.8277550        -7.45630502E-10
   32.9291916        -7.35296157E-10
   33.0306244        -6.97555291E-10
   33.1320610        -6.29905239E-10
   33.2334938        -5.30463007E-10
   33.3349266        -3.98086480E-10
   33.4363632        -2.32488445E-10
   33.5377960        -3.43398990E-11
   33.6392288         1.94640373E-10
   33.7406654         4.51615662E-10
   33.8420982         7.32583327E-10
   33.9435310         1.03235365E-09
   34.0449677         1.34455791E-09
   34.1464005         1.66169078E-09
   34.2478333         1.97518890E-09
   34.3492699         2.27554731E-09
   34.4507027         2.55247024E-09
   34.5521355         2.79506662E-09
   34.6535721         2.99207725E-09
   34.7550049         3.13213566E-09
   34.8564377         3.20406079E-09
   34.9578743         3.19717852E-09
   35.0593071         3.10165160E-09
   35.1607399         2.90883562E-09
   35.2621765         2.61163469E-09
   35.3636093         2.20485474E-09
   35.4650421         1.68555203E-09
   35.5664787         1.05335385E-09
   35.6679115         3.10761195E-10
   35.7693481        -5.36593492E-10
   35.8707809        -1.47973378E-09
   35.9722137        -2.50618593E-09
   36.0736504        -3.59989394E-09
   36.1750832        -4.74120743E-09
   36.2765160        -5.90697047E-09
   36.3779526        -7.07068359E-09
   36.4793854        -8.20280732E-09
   36.5808182        -9.27112609E-09
   36.6822548        -1.02412923E-08
   36.7836876        -1.10774074E-08
   36.8851204        -1.17427845E-08
   36.9865570        -1.22007835E-08
   37.0879898        -1.24157609E-08
   37.1894226        -1.23540751E-08
   37.2908592        -1.19851933E-08
   37.3922920        -1.12828227E-08
   37.4937248        -1.02260458E-08
   37.5951614        -8.80045370E-09
   37.6965942        -6.99921410E-09
   37.7980270        -4.82404916E-09
   37.8994637        -2.28608998E-09
   38.0008965         5.93452010E-10
   38.1023293         3.78282206E-09
   38.2037659         7.23949523E-09
   38.3051987         1.09102389E-08
   38.4066353         1.47314729E-08
   38.5080681         1.86299385E-08
   38.6095009         2.25237464E-08
   38.7109375         2.63236579E-08
   38.8123703         2.99348244E-08
   38.9138031         3.32586829E-08
   39.0152397         3.61952210E-08
   39.1166725         3.86454282E-08
   39.2181053         4.05138785E-08
   39.3195419         4.17114698E-08
   39.4209747         4.21582023E-08
   39.5224075         4.17858708E-08
   39.6238441         4.05406730E-08
   39.7252769         3.83856182E-08
   39.8267097         3.53026657E-08
   39.9281464         3.12944515E-08
   40.0295792         2.63857221E-08
   40.1310120         2.06241779E-08
   40.2324486         1.40808138E-08
   40.3338814         6.84971635E-09
   40.4353142        -9.52750989E-10
   40.5367508        -9.18935061E-09
   40.6381836        -1.77039929E-08
   40.7396202        -2.63243383E-08
   40.8410530        -3.48649003E-08
   40.9424858        -4.31306972E-08
   41.0439224        -5.09213152E-08
   41.1453552        -5.80353259E-08
   41.2467880        -6.42749569E-08
   41.3482246        -6.94510121E-08
   41.4496574        -7.33877741E-08
   41.5510902        -7.59279928E-08
   41.6525269        -7.69378516E-08
   41.7539597        -7.63114443E-08
   41.8553925        -7.39752153E-08
   41.9568291        -6.98920317E-08
   42.0582619        -6.40647073E-08
   42.1596947        -5.65390366E-08
   42.2611313        -4.74064166E-08
   42.3625641        -3.68058295E-08
   42.4639969        -2.49251730E-08
   42.5654335        -1.20021539E-08
   42.6668663         1.67553993E-09
   42.7682991         1.57705191E-08
   42.8697357         2.98966221E-08
   42.9711685         4.36201937E-08
   43.0726013         5.64618574E-08
   43.1740379         6.78987817E-08
   43.2754707         7.73671331E-08
   43.3769073         8.42649257E-08
   43.4783401         8.79551507E-08
   43.5797729         8.77689530E-08
   43.6812096         8.30092830E-08
   43.7826424         7.29542791E-08
   43.8840752         5.68612215E-08
   43.9855118         3.39702630E-08
   44.0869446         3.50859652E-09
   44.1883774        -3.53055540E-08
   44.2898140        -8.32584703E-08
   44.3912468        -1.41136525E-07
   44.4926796        -2.09721378E-07
   44.5941162        -2.89784964E-07
   44.6955490        -3.82083982E-07
   44.7969818        -4.87354839E-07
   44.8984184        -6.06306514E-07
   44.9998512        -7.39615189E-07
   45.1012840        -8.87916258E-07
   45.2027206        -1.05179822E-06
   45.3041534        -1.23179314E-06
   45.4055862        -1.42837064E-06
   45.5070229        -1.64192704E-06
   45.6084557        -1.87277874E-06
   45.7098885        -2.12115219E-06
   45.8113251        -2.38717371E-06
   45.9127579        -2.67086352E-06
   46.0141945        -2.97212455E-06
   46.1156273        -3.29073464E-06
   46.2170601        -3.62634228E-06
   46.3184967        -3.97845361E-06
   46.4199295        -4.34643607E-06
   46.5213623        -4.72950842E-06
   46.6227989        -5.12673614E-06
   46.7242317        -5.53704422E-06
   46.8256645        -5.95920756E-06
   46.9271011        -6.39185509E-06
   47.0285339        -6.83349117E-06
   47.1299667        -7.28249142E-06
   47.2314034        -7.73712054E-06
   47.3328362        -8.19555589E-06
   47.4342690        -8.65588936E-06
   47.5357056        -9.11616826E-06
   47.6371384        -9.57440716E-06
   47.7385712        -1.00286152E-05
   47.8400078        -1.04768305E-05
   47.9414406        -1.09171424E-05
   48.0428734        -1.13477172E-05
   48.1443100        -1.17668415E-05
   48.2457428        -1.21729381E-05
   48.3471756        -1.25645947E-05
   48.4486122        -1.29405935E-05
   48.5500450        -1.32999330E-05
   48.6514816        -1.36418430E-05
   48.7529144        -1.39658041E-05
   48.8543472        -1.42715498E-05
   48.9557838        -1.45590802E-05
   49.0572166        -1.48286526E-05
   49.1586494        -1.50807828E-05
   49.2600861        -1.53162309E-05
   49.3615189        -1.55359849E-05
   49.4629517        -1.57412287E-05
   49.5643883        -1.59333285E-05
   49.6658211        -1.61137923E-05
   49.7672539        -1.62842316E-05
   49.8686905        -1.64463381E-05
   49.9701233        -1.66018235E-05
   50.0715561        -1.67523885E-05
   50.1729927        -1.68996885E-05
   50.2744255        -1.70452822E-05
   50.3758583        -1.71906031E-05
   50.4772949        -1.73369208E-05
   50.5787277        -1.74853158E-05
   50.6801605        -1.76366630E-05
   50.7815971        -1.77916008E-05
   50.8830299        -1.79505332E-05
   50.9844627        -1.81136202E-05
   51.0858994        -1.82807908E-05
   51.1873322        -1.84517394E-05
   51.2887688        -1.86259658E-05
   51.3902016        -1.88027843E-05
   51.4916344        -1.89813527E-05
   51.5930710        -1.91607305E-05
   51.6945038        -1.93398882E-05
   51.7959366        -1.95177818E-05
   51.8973732        -1.96933579E-05
   51.9988060        -1.98656417E-05
   52.1002388        -2.00337381E-05
   52.2016754        -2.01969069E-05
   52.3031082        -2.03545605E-05
   52.4045410        -2.05063261E-05
   52.5059776        -2.06520417E-05
   52.6074104        -2.07917965E-05
   52.7088432        -2.09259033E-05
   52.8102798        -2.10549279E-05
   52.9117126        -2.11796614E-05
   53.0131454        -2.13010935E-05
   53.1145821        -2.14203938E-05
   53.2160149        -2.15388754E-05
   53.3174477        -2.16579465E-05
   53.4188843        -2.17790493E-05
   53.5203171        -2.19036410E-05
   53.6217537        -2.20330858E-05
   53.7231865        -2.21686569E-05
   53.8246193        -2.23114312E-05
   53.9260559        -2.24622636E-05
   54.0274887        -2.26217417E-05
   54.1289215        -2.27901273E-05
   54.2303581        -2.29673478E-05
   54.3317909        -2.31529484E-05
   54.4332237        -2.33461014E-05
   54.5346603        -2.35456009E-05
   54.6360931        -2.37498643E-05
   54.7375259        -2.39569690E-05
   54.8389626        -2.41646903E-05
   54.9403954        -2.43705399E-05
   55.0418282        -2.45718329E-05
   55.1432648        -2.47657463E-05
   55.2446976        -2.49494151E-05
   55.3461304        -2.51199908E-05
   55.4475670        -2.52747341E-05
   55.5489998        -2.54111201E-05
   55.6504326        -2.55268897E-05
   55.7518692        -2.56201620E-05
   55.8533020        -2.56895055E-05
   55.9547348        -2.57339689E-05
   56.0561714        -2.57531974E-05
   56.1576042        -2.57474312E-05
   56.2590408        -2.57175579E-05
   56.3604736        -2.56651128E-05
   56.4619064        -2.55922969E-05
   56.5633430        -2.55019258E-05
   56.6647758        -2.53974304E-05
   56.7662086        -2.52827667E-05
   56.8676453        -2.51623787E-05
   56.9690781        -2.50410849E-05
   57.0705109        -2.49240093E-05
   57.1719475        -2.48164397E-05
   57.2733803        -2.47237385E-05
   57.3748131        -2.46511954E-05
   57.4762497        -2.46039290E-05
   57.5776825        -2.45867268E-05
   57.6791153        -2.46039381E-05
   57.7805519        -2.46593518E-05
   57.8819847        -2.47561038E-05
   57.9834175        -2.48965425E-05
   58.0848541        -2.50821959E-05
   58.1862869        -2.53136586E-05
   58.2877197        -2.55905852E-05
   58.3891563        -2.59116423E-05
   58.4905891        -2.62745143E-05
   58.5920219        -2.66759034E-05
   58.6934586        -2.71116023E-05
   58.7948914        -2.75765178E-05
   58.8963280        -2.80647782E-05
   58.9977608        -2.85698043E-05
   59.0991936        -2.90844546E-05
   59.2006302        -2.96011185E-05
   59.3020630        -3.01118689E-05
   59.4034958        -3.06086149E-05
   59.5049324        -3.10832402E-05
   59.6063652        -3.15277430E-05
   59.7077980        -3.19344144E-05
   59.8092346        -3.22959640E-05
   59.9106674        -3.26056397E-05
   60.0121002        -3.28573915E-05
   60.1135368        -3.30459588E-05
   60.2149696        -3.31669798E-05
   60.3164024        -3.32170566E-05
   60.4178391        -3.31938390E-05
   60.5192719        -3.30960720E-05
   60.6207047        -3.29236027E-05
   60.7221413        -3.26774061E-05
   60.8235741        -3.23595777E-05
   60.9250069        -3.19732826E-05
   61.0264435        -3.15227480E-05
   61.1278763        -3.10131654E-05
   61.2293091        -3.04506320E-05
   61.3307457        -2.98420691E-05
   61.4321785        -2.91951037E-05
   61.5336151        -2.85179885E-05
   61.6350479        -2.78194584E-05
   61.7364807        -2.71086192E-05
   61.8379173        -2.63948241E-05
   61.9393501        -2.56875537E-05
   62.0407829        -2.49962541E-05
   62.1422195        -2.43302511E-05
   62.2436523        -2.36986089E-05
   62.3450851        -2.31099912E-05
   62.4465218        -2.25725871E-05
   62.5479546        -2.20939673E-05
   62.6493874        -2.16810131E-05
   62.7508240        -2.13398107E-05
   62.8522568        -2.10755879E-05
   62.9536896        -2.08926267E-05
   63.0551262        -2.07942430E-05
   63.1565590        -2.07827215E-05
   63.2579918        -2.08592937E-05
   63.3594284        -2.10241251E-05
   63.4608612        -2.12763207E-05
   63.5622940        -2.16139360E-05
   63.6637306        -2.20340025E-05
   63.7651634        -2.25325693E-05
   63.8665962        -2.31047507E-05
   63.9680328        -2.37448057E-05
   64.0694656        -2.44461989E-05
   64.1708984        -2.52016762E-05
   64.2723312        -2.60033739E-05
   64.3737717        -2.68429249E-05
   64.4752045        -2.77115269E-05
   64.5766373        -2.86000904E-05
   64.6780701        -2.94993260E-05
   64.7795029        -3.03998786E-05
   64.8809357        -3.12924058E-05
   64.9823761        -3.21677217E-05
   65.0838089        -3.30168841E-05
   65.1852417        -3.38313148E-05
   65.2866745        -3.46028683E-05
   65.3881073        -3.53239448E-05
   65.4895477        -3.59875630E-05
   65.5909805        -3.65874366E-05
   65.6924133        -3.71180395E-05
   65.7938461        -3.75746422E-05
   65.8952789        -3.79533885E-05
   65.9967117        -3.82513317E-05
   66.0981522        -3.84664163E-05
   66.1995850        -3.85975472E-05
   66.3010178        -3.86445790E-05
   66.4024506        -3.86083120E-05
   66.5038834        -3.84905034E-05
   66.6053162        -3.82938269E-05
   66.7067566        -3.80218808E-05
   66.8081894        -3.76791213E-05
   66.9096222        -3.72708855E-05
   67.0110550        -3.68032852E-05
   67.1124878        -3.62831961E-05
   67.2139206        -3.57182180E-05
   67.3153610        -3.51165800E-05
   67.4167938        -3.44871078E-05
   67.5182266        -3.38391183E-05
   67.6196594        -3.31824012E-05
   67.7210922        -3.25270958E-05
   67.8225327        -3.18836028E-05
   67.9239655        -3.12625234E-05
   68.0253983        -3.06745424E-05
   68.1268311        -3.01303353E-05
   68.2282639        -2.96404651E-05
   68.3296967        -2.92152308E-05
   68.4311371        -2.88646279E-05
   68.5325699        -2.85981714E-05
   68.6340027        -2.84248054E-05
   68.7354355        -2.83527606E-05
   68.8368683        -2.83895042E-05
   68.9383011        -2.85415535E-05
   69.0397415        -2.88144111E-05
   69.1411743        -2.92124878E-05
   69.2426071        -2.97389761E-05
   69.3440399        -3.03958332E-05
   69.4454727        -3.11836629E-05
   69.5469055        -3.21017069E-05
   69.6483459        -3.31478332E-05
   69.7497787        -3.43184765E-05
   69.8512115        -3.56086930E-05
   69.9526443        -3.70121634E-05
   70.0540771        -3.85212334E-05
   70.1555099        -4.01269717E-05
   70.2569504        -4.18192831E-05
   70.3583832        -4.35869406E-05
   70.4598160        -4.54177643E-05
   70.5612488        -4.72986721E-05
   70.6626816        -4.92158833E-05
   70.7641220        -5.11549879E-05
   70.8655548        -5.31011574E-05
   70.9669876        -5.50392506E-05
   71.0684204        -5.69539989E-05
   71.1698532        -5.88301518E-05
   71.2712860        -6.06526119E-05
   71.3727264        -6.24065651E-05
   71.4741592        -6.40776852E-05
   71.5755920        -6.56522243E-05
   71.6770248        -6.71171438E-05
   71.7784576        -6.84601837E-05
   71.8798904        -6.96700590E-05
   71.9813309        -7.07364889E-05
   72.0827637        -7.16503200E-05
   72.1841965        -7.24035417E-05
   72.2856293        -7.29894164E-05
   72.3870621        -7.34025089E-05
   72.4884949        -7.36387301E-05
   72.5899353        -7.36953589E-05
   72.6913681        -7.35711074E-05
   72.7928009        -7.32661065E-05
   72.8942337        -7.27819061E-05
   72.9956665        -7.21215401E-05
   73.0971069        -7.12894253E-05
   73.1985397        -7.02914622E-05
   73.2999725        -6.91349051E-05
   73.4014053        -6.78284050E-05
   73.5028381        -6.63819737E-05
   73.6042709        -6.48068817E-05
   73.7057114        -6.31156727E-05
   73.8071442        -6.13220764E-05
   73.9085770        -5.94408921E-05
   74.0100098        -5.74879668E-05
   74.1114426        -5.54800645E-05
   74.2128754        -5.34347564E-05
   74.3143158        -5.13703126E-05
   74.4157486        -4.93055522E-05
   74.5171814        -4.72597094E-05
   74.6186142        -4.52522509E-05
   74.7200470        -4.33027417E-05
   74.8214798        -4.14306160E-05
   74.9229202        -3.96550095E-05
   75.0243530        -3.79945704E-05
   75.1257858        -3.64672305E-05
   75.2272186        -3.50900154E-05
   75.3286514        -3.38787977E-05
   75.4300842        -3.28481328E-05
   75.5315247        -3.20110266E-05
   75.6329575        -3.13787496E-05
   75.7343903        -3.09606439E-05
   75.8358231        -3.07639857E-05
   75.9372559        -3.07937953E-05
   76.0386963        -3.10527685E-05
   76.1401291        -3.15411162E-05
   76.2415619        -3.22565538E-05
   76.3429947        -3.31942247E-05
   76.4444275        -3.43467182E-05
   76.5458603        -3.57040735E-05
   76.6473007        -3.72538743E-05
   76.7487335        -3.89813285E-05
   76.8501663        -4.08693959E-05
   76.9515991        -4.28989806E-05
   77.0530319        -4.50491098E-05
   77.1544647        -4.72971660E-05
   77.2559052        -4.96191351E-05
   77.3573380        -5.19899040E-05
   77.4587708        -5.43834904E-05
   77.5602036        -5.67734423E-05
   77.6616364        -5.91330609E-05
   77.7630692        -6.14357559E-05
   77.8645096        -6.36553596E-05
   77.9659424        -6.57664204E-05
   78.0673752        -6.77444623E-05
   78.1688080        -6.95663330E-05
   78.2702408        -7.12103720E-05
   78.3716812        -7.26566868E-05
   78.4731140        -7.38873059E-05
   78.5745468        -7.48863531E-05
   78.6759796        -7.56401496E-05
   78.7774124        -7.61372939E-05
   78.8788452        -7.63687422E-05
   78.9802856        -7.63277494E-05
   79.0817184        -7.60098555E-05
   79.1831512        -7.54128123E-05
   79.2845840        -7.45364450E-05
   79.3860168        -7.33825364E-05
   79.4874496        -7.19546515E-05
   79.5888901        -7.02578909E-05
   79.6903229        -6.82988102E-05
   79.7917557        -6.60850492E-05
   79.8931885        -6.36251716E-05
   79.9946213        -6.09284798E-05
   80.0960541        -5.80047272E-05
   80.1974945        -5.48639619E-05
   80.2989273        -5.15163010E-05
   80.4003601        -4.79718001E-05
   80.5017929        -4.42402852E-05
   80.6032257        -4.03312515E-05
   80.7046585        -3.62538049E-05
   80.8060989        -3.20165746E-05
   80.9075317        -2.76277387E-05
   81.0089645        -2.30950209E-05
   81.1103973        -1.84257169E-05
   81.2118301        -1.36267972E-05
   81.3132706        -8.70495205E-06
   81.4147034        -3.66676704E-06
   81.5161362         1.48122126E-06
   81.6175690         6.73239219E-06
   81.7190018         1.20798504E-05
   81.8204346         1.75163586E-05
   81.9218750         2.30342212E-05
   82.0233078         2.86251034E-05
   82.1247406         3.42800522E-05
   82.2261734         3.99893106E-05
   82.3276062         4.57423448E-05
   82.4290390         5.15277861E-05
   82.5304794         5.73334110E-05
   82.6319122         6.31462462E-05
   82.7333450         6.89524895E-05
   82.8347778         7.47376980E-05
   82.9362106         8.04867959E-05
   83.0376434         8.61842491E-05
   83.1390839         9.18141450E-05
   83.2405167         9.73603601E-05
   83.3419495         1.02806691E-04
   83.4433823         1.08137014E-04
   83.5448151         1.13335387E-04
   83.6462555         1.18386335E-04
   83.7476883         1.23274818E-04
   83.8491211         1.27986495E-04
   83.9505539         1.32507819E-04
   84.0519867         1.36826056E-04
   84.1534195         1.40929507E-04
   84.2548599         1.44807564E-04
   84.3562927         1.48450621E-04
   84.4577255         1.51850239E-04
   84.5591583         1.54999216E-04
   84.6605911         1.57891394E-04
   84.7620239         1.60521828E-04
   84.8634644         1.62886659E-04
   84.9648972         1.64983037E-04
   85.0663300         1.66809215E-04
   85.1677628         1.68364146E-04
   85.2691956         1.69647814E-04
   85.3706284         1.70660860E-04
   85.4720688         1.71404638E-04
   85.5735016         1.71881067E-04
   85.6749344         1.72092565E-04
   85.7763672         1.72042011E-04
   85.8778000         1.71732696E-04
   85.9792404         1.71168213E-04
   86.0806732         1.70352418E-04
   86.1821060         1.69289575E-04
   86.2835388         1.67984079E-04
   86.3849716         1.66440732E-04
   86.4864044         1.64664540E-04
   86.5878448         1.62660886E-04
   86.6892776         1.60435637E-04
   86.7907104         1.57994931E-04
   86.8921432         1.55345551E-04
   86.9935760         1.52494831E-04
   87.0950089         1.49450745E-04
   87.1964493         1.46222068E-04
   87.2978821         1.42818302E-04
   87.3993149         1.39249940E-04
   87.5007477         1.35528360E-04
   87.6021805         1.31666049E-04
   87.7036133         1.27676452E-04
   87.8050537         1.23574209E-04
   87.9064865         1.19375029E-04
   88.0079193         1.15095798E-04
   88.1093521         1.10754474E-04
   88.2107849         1.06370084E-04
   88.3122177         1.01962723E-04
   88.4136581         9.75533694E-05
   88.5150909         9.31638424E-05
   88.6165237         8.88166833E-05
   88.7179565         8.45349714E-05
   88.8193893         8.03421863E-05
   88.9208298         7.62619966E-05
   89.0222626         7.23180856E-05
   89.1236954         6.85338237E-05
   89.2251282         6.49321955E-05
   89.3265610         6.15353929E-05
   89.4279938         5.83646361E-05
   89.5294342         5.54399230E-05
   89.6308670         5.27797019E-05
   89.7322998         5.04006894E-05
   89.8337326         4.83175827E-05
   89.9351654         4.65428311E-05
   90.0365982         4.50864718E-05
   90.1380386         4.39558607E-05
   90.2394714         4.31556000E-05
   90.3409042         4.26873557E-05
   90.4423370         4.25498147E-05
   90.5437698         4.27385785E-05
   90.6452026         4.32462075E-05
   90.7466431         4.40622280E-05
   90.8480759         4.51732267E-05
   90.9495087         4.65629346E-05
   91.0509415         4.82124633E-05
   91.1523743         5.01004179E-05
   91.2538147         5.22031914E-05
   91.3552475         5.44952636E-05
   91.4566803         5.69494405E-05
   91.5581131         5.95372621E-05
   91.6595459         6.22293010E-05
   91.7609787         6.49955546E-05
   91.8624191         6.78058641E-05
   91.9638519         7.06302235E-05
   92.0652847         7.34392088E-05
   92.1667175         7.62043128E-05
   92.2681503         7.88983889E-05
   92.3695831         8.14958257E-05
   92.4710236         8.39730128E-05
   92.5724564         8.63085006E-05
   92.6738892         8.84832843E-05
   92.7753220         9.04810076E-05
   92.8767548         9.22880645E-05
   92.9781876         9.38937665E-05
   93.0796280         9.52903356E-05
   93.1810608         9.64729697E-05
   93.2824936         9.74397481E-05
   93.3839264         9.81915291E-05
   93.4853592         9.87318926E-05
   93.5867920         9.90668850E-05
   93.6882324         9.92048153E-05
   93.7896652         9.91560228E-05
   93.8910980         9.89325636E-05
   93.9925308         9.85478910E-05
   94.0939636         9.80166587E-05
   94.1954041         9.73541828E-05
   94.2968369         9.65762956E-05
   94.3982697         9.56988879E-05
   94.4997025         9.47377048E-05
   94.6011353         9.37079167E-05
   94.7025681         9.26239954E-05
   94.8040085         9.14993216E-05
   94.9054413         9.03460750E-05
   95.0068741         8.91750387E-05
   95.1083069         8.79954241E-05
   95.2097397         8.68148636E-05
   95.3111725         8.56392799E-05
   95.4126129         8.44729366E-05
   95.5140457         8.33184749E-05
   95.6154785         8.21770154E-05
   95.7169113         8.10481652E-05
   95.8183441         7.99303089E-05
   95.9197769         7.88207108E-05
   96.0212173         7.77157111E-05
   96.1226501         7.66109297E-05
   96.2240829         7.55014844E-05
   96.3255157         7.43822384E-05
   96.4269485         7.32479966E-05
   96.5283890         7.20936878E-05
   96.6298218         7.09145752E-05
   96.7312546         6.97064170E-05
   96.8326874         6.84655970E-05
   96.9341202         6.71892849E-05
   97.0355530         6.58754507E-05
   97.1369934         6.45229811E-05
   97.2384262         6.31316507E-05
   97.3398590         6.17021433E-05
   97.4412918         6.02359869E-05
   97.5427246         5.87355353E-05
   97.6441574         5.72038116E-05
   97.7455978         5.56444429E-05
   97.8470306         5.40615438E-05
   97.9484634         5.24595380E-05
   98.0498962         5.08430785E-05
   98.1513290         4.92169056E-05
   98.2527618         4.75856650E-05
   98.3542023         4.59538678E-05
   98.4556351         4.43257231E-05
   98.5570679         4.27051127E-05
   98.6585007         4.10954890E-05
   98.7599335         3.94998569E-05
   98.8613739         3.79207486E-05
   98.9628067         3.63602558E-05
   99.0642395         3.48200447E-05
   99.1656723         3.33014250E-05
   99.2671051         3.18054190E-05
   99.3685379         3.03328470E-05
   99.4699783         2.88844367E-05
   99.5714111         2.74609120E-05
   99.6728439         2.60631132E-05
   99.7742767         2.46920572E-05
   99.8757095         2.33490646E-05
   99.9771423         2.20357979E-05
   100.078583         2.07543180E-05
   100.180016         1.95071425E-05
   100.281448         1.82971889E-05
   100.382881         1.71277879E-05
   100.484314         1.60026411E-05
   100.585747         1.49257094E-05
   100.687187         1.39011254E-05
   100.788620         1.29330820E-05
   100.890053         1.20256409E-05
   100.991486         1.11826084E-05
   101.092918         1.04073433E-05
   101.194351         9.70255314E-06
   101.295792         9.07015419E-06
   101.397224         8.51105870E-06
   101.498657         8.02502927E-06
   101.600090         7.61052161E-06
   101.701523         7.26457620E-06
   101.802963         6.98273288E-06
   101.904396         6.75894307E-06
   102.005829         6.58556837E-06
   102.107262         6.45342107E-06
   102.208694         6.35179231E-06
   102.310127         6.26854398E-06
   102.411568         6.19030743E-06
   102.513000         6.10257757E-06
   102.614433         5.99002078E-06
   102.715866         5.83662131E-06
   102.817299         5.62602008E-06
   102.918732         5.34178753E-06
   103.020172         4.96771645E-06
   103.121605         4.48818764E-06
   103.223038         3.88841954E-06
   103.324471         3.15488728E-06
   103.425903         2.27551959E-06
   103.527336         1.24009307E-06
   103.628777         4.04253591E-08
   103.730209        -1.32935486E-06
   103.831642        -2.87261764E-06
   103.933075        -4.59005696E-06
   104.034508        -6.47958632E-06
   104.135948        -8.53627171E-06
   104.237381        -1.07523119E-05
   104.338814        -1.31170582E-05
   104.440247        -1.56170954E-05
   104.541679        -1.82363765E-05
   104.643112        -2.09563877E-05
   104.744553        -2.37563490E-05
   104.845985        -2.66135085E-05
   104.947418        -2.95033642E-05
   105.048851        -3.24000684E-05
   105.150284        -3.52766765E-05
   105.251717        -3.81055979E-05
   105.353157        -4.08589294E-05
   105.454590        -4.35088659E-05
   105.556023        -4.60280680E-05
   105.657455        -4.83900949E-05
   105.758888        -5.05697535E-05
   105.860321        -5.25434807E-05
   105.961761        -5.42897178E-05
   106.063194        -5.57891908E-05
   106.164627        -5.70252705E-05
   106.266060        -5.79841799E-05
   106.367493        -5.86552705E-05
   106.468925        -5.90312011E-05
   106.570366        -5.91080498E-05
   106.671799        -5.88854709E-05
   106.773232        -5.83667097E-05
   106.874664        -5.75586091E-05
   106.976097        -5.64715701E-05
   107.077538        -5.51194280E-05
   107.178970        -5.35193249E-05
   107.280403        -5.16914988E-05
   107.381836        -4.96590110E-05
   107.483269        -4.74474546E-05
   107.584702        -4.50846637E-05
   107.686142        -4.26002589E-05
   107.787575        -4.00252866E-05
   107.889008        -3.73917828E-05
   107.990440        -3.47322894E-05
   108.091873        -3.20794243E-05
   108.193306        -2.94653837E-05
   108.294746        -2.69214688E-05
   108.396179        -2.44776420E-05
   108.497612        -2.21620649E-05
   108.599045        -2.00007053E-05
   108.700478        -1.80169427E-05
   108.801910        -1.62312172E-05
   108.903351        -1.46607645E-05
   109.004784        -1.33193607E-05
   109.106216        -1.22171468E-05
   109.207649        -1.13605138E-05
   109.309082        -1.07520545E-05
   109.410522        -1.03905813E-05
   109.511955        -1.02712029E-05
   109.613388        -1.03854727E-05
   109.714821        -1.07215983E-05
   109.816254        -1.12647094E-05
   109.917686        -1.19971628E-05
   110.019127        -1.28989141E-05
   110.120560        -1.39479125E-05
   110.221992        -1.51205295E-05
   110.323425        -1.63920049E-05
   110.424858        -1.77369147E-05
   110.526291        -1.91296185E-05
   110.627731        -2.05447177E-05
   110.729164        -2.19574977E-05
   110.830597        -2.33443006E-05
   110.932030        -2.46829204E-05
   111.033463        -2.59529243E-05
   111.134895        -2.71359168E-05
   111.236336        -2.82157707E-05
   111.337769        -2.91787910E-05
   111.439201        -3.00138054E-05
   111.540634        -3.07122318E-05
   111.642067        -3.12680531E-05
   111.743507        -3.16777478E-05
   111.844940        -3.19401734E-05
   111.946373        -3.20563995E-05
   112.047806        -3.20295039E-05
   112.149239        -3.18643361E-05
   112.250671        -3.15672478E-05
   112.352112        -3.11458243E-05
   112.453545        -3.06085603E-05
   112.554977        -2.99646235E-05
   112.656410        -2.92235291E-05
   112.757843        -2.83948939E-05
   112.859276        -2.74881750E-05
   112.960716        -2.65124690E-05
   113.062149        -2.54763218E-05
   113.163582        -2.43875584E-05
   113.265015        -2.32532020E-05
   113.366447        -2.20793791E-05
   113.467880        -2.08712827E-05
   113.569321        -1.96331821E-05
   113.670753        -1.83684369E-05
   113.772186        -1.70795738E-05
   113.873619        -1.57683626E-05
   113.975052        -1.44359337E-05
   114.076485        -1.30829021E-05
   114.177925        -1.17095042E-05
   114.279358        -1.03157445E-05
   114.380791        -8.90153115E-06
   114.482224        -7.46684873E-06
   114.583656        -6.01185093E-06
   114.685097        -4.53703160E-06
   114.786530        -3.04331002E-06
   114.887962        -1.53212534E-06
   114.989395        -5.51794166E-09
   115.090828         1.53381836E-06
   115.192261         3.08252083E-06
   115.293701         4.63653168E-06
   115.395134         6.19113871E-06
   115.496567         7.74099681E-06
   115.598000         9.28019927E-06
   115.699432         1.08023587E-05
   115.800865         1.23007048E-05
   115.902306         1.37682027E-05
   116.003738         1.51976783E-05
   116.105171         1.65819492E-05
   116.206604         1.79139824E-05
   116.308037         1.91870295E-05
   116.409470         2.03947602E-05
   116.510910         2.15314067E-05
   116.612343         2.25918775E-05
   116.713776         2.35718708E-05
   116.815208         2.44679577E-05
   116.916641         2.52776354E-05
   117.018082         2.59993922E-05
   117.119514         2.66327042E-05
   117.220947         2.71780118E-05
   117.322380         2.76366991E-05
   117.423813         2.80110107E-05
   117.525246         2.83039681E-05
   117.626686         2.85192364E-05
   117.728119         2.86609975E-05
   117.829552         2.87337789E-05
   117.930984         2.87422863E-05
   118.032417         2.86912218E-05
   118.133850         2.85850674E-05
   118.235291         2.84279504E-05
   118.336723         2.82233923E-05
   118.438156         2.79742035E-05
   118.539589         2.76822830E-05
   118.641022         2.73485293E-05
   118.742455         2.69727225E-05
   118.843895         2.65534836E-05
   118.945328         2.60882425E-05
   119.046761         2.55732612E-05
   119.148193         2.50037046E-05
   119.249626         2.43737486E-05
   119.351059         2.36767173E-05
   119.452499         2.29052821E-05
   119.553932         2.20516740E-05
   119.655365         2.11079569E-05
   119.756798         2.00662853E-05
   119.858231         1.89192160E-05
   119.959671         1.76600242E-05
   120.061104         1.62830220E-05
   120.162537         1.47838728E-05
   120.263969         1.31598936E-05
   120.365402         1.14103614E-05
   120.466835         9.53676044E-06
   120.568275         7.54301618E-06
   120.669708         5.43567694E-06
   120.771141         3.22404208E-06
   120.872574         9.20243338E-07
   120.974007        -1.46075070E-06
   121.075439        -3.90118566E-06
   121.176880        -6.38064330E-06
   121.278313        -8.87623082E-06
   121.379745        -1.13628339E-05
   121.481178        -1.38134383E-05
   121.582611        -1.61994958E-05
   121.684044        -1.84913515E-05
   121.785484        -2.06587156E-05
   121.886917        -2.26711600E-05
   121.988350        -2.44986295E-05
   122.089783        -2.61120040E-05
   122.191216        -2.74836057E-05
   122.292656        -2.85877759E-05
   122.394089        -2.94013480E-05
   122.495522        -2.99041440E-05
   122.596954        -3.00794454E-05
   122.698387        -2.99143430E-05
   122.799820        -2.94001129E-05
   122.901260        -2.85324677E-05
   123.002693        -2.73117585E-05
   123.104126        -2.57431038E-05
   123.205559        -2.38364155E-05
   123.306992        -2.16063745E-05
   123.408424        -1.90723003E-05
   123.509865        -1.62579418E-05
   123.611298        -1.31912084E-05
   123.712730        -9.90382159E-06
   123.814163        -6.43088060E-06
   123.915596        -2.81041548E-06
   124.017029         9.17156910E-07
   124.118469         4.70957684E-06
   124.219902         8.52333415E-06
   124.321335         1.23142818E-05
   124.422768         1.60382478E-05
   124.524200         1.96516539E-05
   124.625633         2.31120957E-05
   124.727074         2.63789461E-05
   124.828506         2.94138863E-05
   124.929939         3.21814005E-05
   125.031372         3.46492270E-05
   125.132805         3.67887660E-05
   125.234245         3.85753920E-05
   125.335678         3.99887213E-05
   125.437111         4.10128123E-05
   125.538544         4.16362600E-05
   125.639977         4.18522686E-05
   125.741409         4.16586008E-05
   125.842850         4.10575376E-05
   125.944283         4.00556746E-05
   126.045715         3.86637621E-05
   126.147148         3.68964065E-05
   126.248581         3.47718269E-05
   126.350014         3.23114982E-05
   126.451454         2.95397786E-05
   126.552887         2.64835944E-05
   126.654320         2.31720023E-05
   126.755753         1.96358251E-05
   126.857185         1.59072861E-05
   126.958618         1.20195900E-05
   127.060059         8.00661928E-06
   127.161491         3.90254172E-06
   127.262924        -2.58480128E-07
   127.364357        -4.44259786E-06
   127.465790        -8.61655371E-06
   127.567230        -1.27479143E-05
   127.668663        -1.68053120E-05
   127.770096        -2.07586290E-05
   127.871529        -2.45791962E-05
   127.972961        -2.82399178E-05
   128.074402        -3.17154918E-05
   128.175827        -3.49824259E-05
   128.277267        -3.80192905E-05
   128.378693        -4.08067244E-05
   128.480133        -4.33275854E-05
   128.581573        -4.55670342E-05
   128.682999        -4.75126326E-05
   128.784439        -4.91543942E-05
   128.885864        -5.04849049E-05
   128.987305        -5.14993226E-05
   129.088745        -5.21954425E-05
   129.190170        -5.25737451E-05
   129.291611        -5.26373879E-05
   129.393036        -5.23921735E-05
   129.494476        -5.18465495E-05
   129.595901        -5.10115096E-05
   129.697342        -4.99005182E-05
   129.798782        -4.85293858E-05
   129.900208        -4.69161059E-05
   130.001648        -4.50806801E-05
   130.103073        -4.30449145E-05
   130.204514        -4.08321648E-05
   130.305954        -3.84670639E-05
   130.407379        -3.59752376E-05
   130.508820        -3.33829994E-05
   130.610245        -3.07170303E-05
   130.711685        -2.80040131E-05
   130.813126        -2.52703267E-05
   130.914551        -2.25416934E-05
   131.015991        -1.98428388E-05
   131.117416        -1.71971897E-05
   131.218857        -1.46265611E-05
   131.320282        -1.21509083E-05
   131.421722        -9.78806020E-06
   131.523163        -7.55353722E-06
   131.624588        -5.46038382E-06
   131.726028        -3.51905010E-06
   131.827454        -1.73733008E-06
   131.928894        -1.20327087E-07
   132.030334         1.32950936E-06
   132.131760         2.61231867E-06
   132.233200         3.73071384E-06
   132.334625         4.68962025E-06
   132.436066         5.49608512E-06
   132.537506         6.15904764E-06
   132.638931         6.68909070E-06
   132.740372         7.09815140E-06
   132.841797         7.39923644E-06
   132.943237         7.60612238E-06
   133.044662         7.73303782E-06
   133.146103         7.79437050E-06
   133.247543         7.80435676E-06
   133.348969         7.77681817E-06
   133.450409         7.72487601E-06
   133.551834         7.66072935E-06
   133.653275         7.59542718E-06
   133.754715         7.53871109E-06
   133.856140         7.49885339E-06
   133.957581         7.48253115E-06
   134.059006         7.49478295E-06
   134.160446         7.53895392E-06
   134.261871         7.61669344E-06
   134.363312         7.72798739E-06
   134.464752         7.87122644E-06
   134.566177         8.04328829E-06
   134.667618         8.23967275E-06
   134.769043         8.45462182E-06
   134.870483         8.68128973E-06
   134.971924         8.91191576E-06
   135.073349         9.13800250E-06
   135.174789         9.35050230E-06
   135.276215         9.54001280E-06
   135.377655         9.69695793E-06
   135.479095         9.81177527E-06
   135.580521         9.87507337E-06
   135.681961         9.87781095E-06
   135.783386         9.81141420E-06
   135.884827         9.66792595E-06
   135.986252         9.44011390E-06
   136.087692         9.12156156E-06
   136.189133         8.70676195E-06
   136.290558         8.19118668E-06
   136.391998         7.57135331E-06
   136.493423         6.84487941E-06
   136.594864         6.01053398E-06
   136.696304         5.06828792E-06
   136.797729         4.01935631E-06
   136.899170         2.86624049E-06
   137.000595         1.61276898E-06
   137.102036         2.64128346E-07
   137.203461        -1.17310776E-06
   137.304901        -2.69095744E-06
   137.406342        -4.28002068E-06
   137.507767        -5.92948390E-06
   137.609207        -7.62712716E-06
   137.710632        -9.35936987E-06
   137.812073        -1.11113131E-05
   137.913513        -1.28668207E-05
   138.014938        -1.46086104E-05
   138.116379        -1.63183831E-05
   138.217804        -1.79769831E-05
   138.319244        -1.95645625E-05
   138.420685        -2.10608196E-05
   138.522110        -2.24452106E-05
   138.623550        -2.36972628E-05
   138.724976        -2.47968383E-05
   138.826416        -2.57244628E-05
   138.927841        -2.64616665E-05
   139.029282        -2.69913307E-05
   139.130722        -2.72980124E-05
   139.232147        -2.73683108E-05
   139.333588        -2.71911758E-05
   139.435013        -2.67582127E-05
   139.536453        -2.60639517E-05
   139.637894        -2.51060992E-05
   139.739319        -2.38857046E-05
   139.840759        -2.24073210E-05
   139.942184        -2.06791010E-05
   140.043625        -1.87128062E-05
   140.145065        -1.65237925E-05
   140.246490        -1.41309238E-05
   140.347931        -1.15564126E-05
   140.449356        -8.82560198E-06
   140.550797        -5.96669997E-06
   140.652222        -3.01043519E-06
   140.753662         1.03202726E-08
   140.855103         3.06099037E-06
   140.956528         6.10577263E-06
   141.057968         9.10812832E-06
   141.159393         1.20313225E-05
   141.260834         1.48389572E-05
   141.362274         1.74954985E-05
   141.463699         1.99668193E-05
   141.565140         2.22206872E-05
   141.666565         2.42272545E-05
   141.768005         2.59594835E-05
   141.869431         2.73935493E-05
   141.970871         2.85091464E-05
   142.072311         2.92898294E-05
   142.173737         2.97231691E-05
   142.275177         2.98009581E-05
   142.376602         2.95192749E-05
   142.478043         2.88785486E-05
   142.579483         2.78834796E-05
   142.680908         2.65429917E-05
   142.782349         2.48700635E-05
   142.883774         2.28815006E-05
   142.985214         2.05977376E-05
   143.086655         1.80424813E-05
   143.188080         1.52424354E-05
   143.289520         1.22268930E-05
   143.390945         9.02739248E-06
   143.492386         5.67730831E-06
   143.593811         2.21144683E-06
   143.695251        -1.33434639E-06
   143.796692        -4.92358913E-06
   143.898117        -8.51952609E-06
   143.999557        -1.20855320E-05
   144.100983        -1.55854304E-05
   144.202423        -1.89838320E-05
   144.303864        -2.22464460E-05
   144.405289        -2.53403723E-05
   144.506729        -2.82343262E-05
   144.608154        -3.08989183E-05
   144.709595        -3.33068419E-05
   144.811020        -3.54330405E-05
   144.912460        -3.72549548E-05
   145.013901        -3.87525615E-05
   145.115326        -3.99086093E-05
   145.216766        -4.07086518E-05
   145.318192        -4.11411347E-05
   145.419632        -4.11975416E-05
   145.521072        -4.08723608E-05
   145.622498        -4.01631660E-05
   145.723938        -3.90706518E-05
   145.825363        -3.75985837E-05
   145.926804        -3.57539029E-05
   146.028244        -3.35465920E-05
   146.129669        -3.09897223E-05
   146.231110        -2.80993881E-05
   146.332535        -2.48946508E-05
   146.433975        -2.13974563E-05
   146.535400        -1.76325557E-05
   146.636841        -1.36273875E-05
   146.738281        -9.41193230E-06
   146.839706        -5.01855993E-06
   146.941147        -4.81839209E-07
   147.042572         4.16167086E-06
   147.144012         8.87366787E-06
   147.245453         1.36143599E-05
   147.346878         1.83427674E-05
   147.448318         2.30170172E-05
   147.549744         2.75947077E-05
   147.651184         3.20332365E-05
   147.752609         3.62901847E-05
   147.854050         4.03237063E-05
   147.955490         4.40929252E-05
   148.056915         4.75583693E-05
   148.158356         5.06823890E-05
   148.259781         5.34295614E-05
   148.361221         5.57671374E-05
   148.462662         5.76654638E-05
   148.564087         5.90983800E-05
   148.665527         6.00436069E-05
   148.766953         6.04831184E-05
   148.868393         6.04034358E-05
   148.969833         5.97959333E-05
   149.071259         5.86570677E-05
   149.172699         5.69885669E-05
   149.274124         5.47975469E-05
   149.375565         5.20965295E-05
   149.476990         4.89035338E-05
   149.578430         4.52418753E-05
   149.679871         4.11401015E-05
   149.781296         3.66317618E-05
   149.882736         3.17550694E-05
   149.984161         2.65525941E-05
   150.085602         2.10708022E-05
   150.187042         1.53595738E-05
   150.288467         9.47166882E-06
   150.389908         3.46212164E-06
   150.491333        -2.61239074E-06
   150.592773        -8.69421547E-06
   150.694214        -1.47254177E-05
   150.795639        -2.06484619E-05
   150.897079        -2.64069131E-05
   150.998505        -3.19461251E-05
   151.099945        -3.72138747E-05
   151.201370        -4.21610057E-05
   151.302811        -4.67419668E-05
   151.404251        -5.09153579E-05
   151.505676        -5.46444207E-05
   151.607117        -5.78973195E-05
   151.708542        -6.06475878E-05
   151.809982        -6.28742710E-05
   151.911423        -6.45621694E-05
   152.012848        -6.57018754E-05
   152.114288        -6.62898237E-05
   152.215714        -6.63281680E-05
   152.317154        -6.58247227E-05
   152.418579        -6.47926863E-05
   152.520020        -6.32504307E-05
   152.621460        -6.12211152E-05
   152.722885        -5.87323921E-05
   152.824326        -5.58158717E-05
   152.925751        -5.25067771E-05
   153.027191        -4.88433907E-05
   153.128632        -4.48665705E-05
   153.230057        -4.06192739E-05
   153.331497        -3.61459570E-05
   153.432922        -3.14921417E-05
   153.534363        -2.67038413E-05
   153.635803        -2.18271143E-05
   153.737228        -1.69075520E-05
   153.838669        -1.19898341E-05
   153.940094        -7.11728808E-06
   154.041534        -2.33149740E-06
   154.142960         2.32808202E-06
   154.244400         6.82445852E-06
   154.345840         1.11234040E-05
   154.447266         1.51937184E-05
   154.548706         1.90074516E-05
   154.650131         2.25400872E-05
   154.751572         2.57706761E-05
   154.853012         2.86819286E-05
   154.954437         3.12602679E-05
   155.055878         3.34958313E-05
   155.157303         3.53824325E-05
   155.258743         3.69174850E-05
   155.360168         3.81018908E-05
   155.461609         3.89398774E-05
   155.563049         3.94387971E-05
   155.664474         3.96089454E-05
   155.765915         3.94632589E-05
   155.867340         3.90170899E-05
   155.968781         3.82879043E-05
   156.070221         3.72949507E-05
   156.171646         3.60590166E-05
   156.273087         3.46020679E-05
   156.374512         3.29470058E-05
   156.475952         3.11173208E-05
   156.577393         2.91368979E-05
   156.678818         2.70297078E-05
   156.780258         2.48196720E-05
   156.881683         2.25304047E-05
   156.983124         2.01850944E-05
   157.084549         1.78063747E-05
   157.185989         1.54162062E-05
   157.287430         1.30358003E-05
   157.388855         1.06855496E-05
   157.490295         8.38495998E-06
   157.591721         6.15260569E-06
   157.693161         4.00606405E-06
