 # Source Time function
 # source type CMT
 # scaling scalar moment (M0) =    2.26056663E+25
 # format: #time(s)   #stf   #scalar_moment
  -4.5000000000000000        2.76671373E-04   2.26056663E+25
  -4.3985658781987942        3.68188601E-04   2.26056663E+25
  -4.2971317563975893        4.87194629E-04   2.26056663E+25
  -4.1956976345963835        6.41011749E-04   2.26056663E+25
  -4.0942635127951785        8.38622160E-04   2.26056663E+25
  -3.9928293909939732        1.09096139E-03   2.26056663E+25
  -3.8913952691927678        1.41124078E-03   2.26056663E+25
  -3.7899611473915624        1.81529799E-03   2.26056663E+25
  -3.6885270255903571        2.32196925E-03   2.26056663E+25
  -3.5870929037891517        2.95347790E-03   2.26056663E+25
  -3.4856587819879463        3.73582914E-03   2.26056663E+25
  -3.3842246601867405        4.69920086E-03   2.26056663E+25
  -3.2827905383855356        5.87831391E-03   2.26056663E+25
  -3.1813564165843298        7.31276814E-03   2.26056663E+25
  -3.0799222947831248        9.04732011E-03   2.26056663E+25
  -2.9784881729819190        1.11320885E-02   2.26056663E+25
  -2.8770540511807141        1.36226509E-02   2.26056663E+25
  -2.7756199293795083        1.65800303E-02   2.26056663E+25
  -2.6741858075783034        2.00705156E-02   2.26056663E+25
  -2.5727516857770976        2.41653305E-02   2.26056663E+25
  -2.4713175639758922        2.89401002E-02   2.26056663E+25
  -2.3698834421746868        3.44741121E-02   2.26056663E+25
  -2.2684493203734815        4.08493616E-02   2.26056663E+25
  -2.1670151985722761        4.81493771E-02   2.26056663E+25
  -2.0655810767710707        5.64578287E-02   2.26056663E+25
  -1.9641469549698654        6.58569187E-02   2.26056663E+25
  -1.8627128331686600        7.64256120E-02   2.26056663E+25
  -1.7612787113674546        8.82376879E-02   2.26056663E+25
  -1.6598445895662493       0.101359703       2.26056663E+25
  -1.5584104677650439       0.115848914       2.26056663E+25
  -1.4569763459638385       0.131751150       2.26056663E+25
  -1.3555422241626331       0.149098828       2.26056663E+25
  -1.2541081023614278       0.167909056       2.26056663E+25
  -1.1526739805602224       0.188181967       2.26056663E+25
  -1.0512398587590170       0.209899381       2.26056663E+25
 -0.94980573695781167       0.233023733       2.26056663E+25
 -0.84837161515660631       0.257497460       2.26056663E+25
 -0.74693749335540094       0.283242941       2.26056663E+25
 -0.64550337155419557       0.310162663       2.26056663E+25
 -0.54406924975299020       0.338140249       2.26056663E+25
 -0.44263512795178439       0.367041677       2.26056663E+25
 -0.34120100615057947       0.396717191       2.26056663E+25
 -0.23976688434937365       0.427003473       2.26056663E+25
 -0.13833276254816873       0.457726508       2.26056663E+25
  -3.6898640746962919E-002  0.488704354       2.26056663E+25
   6.4535481054242005E-002  0.519750535       2.26056663E+25
  0.16596960285544782       0.550677299       2.26056663E+25
  0.26740372465665274       0.581299126       2.26056663E+25
  0.36883784645785855       0.611435831       2.26056663E+25
  0.47027196825906348       0.640916109       2.26056663E+25
  0.57170609006026929       0.669580042       2.26056663E+25
  0.67314021186147421       0.697282016       2.26056663E+25
  0.77457433366268003       0.723892570       2.26056663E+25
  0.87600845546388495       0.749300361       2.26056663E+25
  0.97744257726509076       0.773413301       2.26056663E+25
   1.0788766990662957       0.796159148       2.26056663E+25
   1.1803108208675015       0.817485869       2.26056663E+25
   1.2817449426687064       0.837361276       2.26056663E+25
   1.3831790644699122       0.855772257       2.26056663E+25
   1.4846131862711172       0.872723758       2.26056663E+25
   1.5860473080723230       0.888237178       2.26056663E+25
   1.6874814298735279       0.902348816       2.26056663E+25
   1.7889155516747337       0.915107846       2.26056663E+25
   1.8903496734759386       0.926574171       2.26056663E+25
   1.9917837952771444       0.936816633       2.26056663E+25
   2.0932179170783503       0.945910573       2.26056663E+25
   2.1946520388795552       0.953936040       2.26056663E+25
   2.2960861606807610       0.960975766       2.26056663E+25
   2.3975202824819659       0.967113554       2.26056663E+25
   2.4989544042831717       0.972432673       2.26056663E+25
   2.6003885260843767       0.977014482       2.26056663E+25
   2.7018226478855825       0.980937302       2.26056663E+25
   2.8032567696867874       0.984275699       2.26056663E+25
   2.9046908914879932       0.987099528       2.26056663E+25
   3.0061250132891981       0.989473701       2.26056663E+25
   3.1075591350904039       0.991457760       2.26056663E+25
   3.2089932568916089       0.993105829       2.26056663E+25
   3.3104273786928147       0.994466484       2.26056663E+25
   3.4118615004940196       0.995583117       2.26056663E+25
   3.5132956222952245       0.996493936       2.26056663E+25
   3.6147297440964312       0.997232378       2.26056663E+25
   3.7161638658976361       0.997827470       2.26056663E+25
   3.8175979876988411       0.998304129       2.26056663E+25
   3.9190321095000460       0.998683631       2.26056663E+25
   4.0204662313012527       0.998983920       2.26056663E+25
   4.1219003531024576       0.999220133       2.26056663E+25
   4.2233344749036625       0.999404848       2.26056663E+25
   4.3247685967048675       0.999548316       2.26056663E+25
   4.4262027185060742       0.999659181       2.26056663E+25
   4.5276368403072791       0.999744296       2.26056663E+25
   4.6290709621084840       0.999809265       2.26056663E+25
   4.7305050839096889       0.999858499       2.26056663E+25
   4.8319392057108956       0.999895632       2.26056663E+25
   4.9333733275121006       0.999923468       2.26056663E+25
   5.0348074493133055       0.999944210       2.26056663E+25
   5.1362415711145104       0.999959588       2.26056663E+25
   5.2376756929157171       0.999970853       2.26056663E+25
   5.3391098147169220       0.999979138       2.26056663E+25
   5.4405439365181270       0.999985099       2.26056663E+25
   5.5419780583193337       0.999989450       2.26056663E+25
   5.6434121801205386       0.999992549       2.26056663E+25
   5.7448463019217435       0.999994814       2.26056663E+25
   5.8462804237229484       0.999996364       2.26056663E+25
   5.9477145455241551       0.999997497       2.26056663E+25
   6.0491486673253601       0.999998271       2.26056663E+25
   6.1505827891265650       0.999998808       2.26056663E+25
   6.2520169109277699       0.999999225       2.26056663E+25
   6.3534510327289766       0.999999464       2.26056663E+25
   6.4548851545301815       0.999999642       2.26056663E+25
   6.5563192763313864       0.999999762       2.26056663E+25
   6.6577533981325914       0.999999821       2.26056663E+25
   6.7591875199337981       0.999999881       2.26056663E+25
   6.8606216417350030       0.999999940       2.26056663E+25
   6.9620557635362079       0.999999940       2.26056663E+25
   7.0634898853374128        1.00000000       2.26056663E+25
   7.1649240071386195        1.00000000       2.26056663E+25
   7.2663581289398245        1.00000000       2.26056663E+25
   7.3677922507410294        1.00000000       2.26056663E+25
   7.4692263725422343        1.00000000       2.26056663E+25
   7.5706604943434410        1.00000000       2.26056663E+25
   7.6720946161446459        1.00000000       2.26056663E+25
   7.7735287379458509        1.00000000       2.26056663E+25
   7.8749628597470558        1.00000000       2.26056663E+25
   7.9763969815482625        1.00000000       2.26056663E+25
   8.0778311033494674        1.00000000       2.26056663E+25
   8.1792652251506723        1.00000000       2.26056663E+25
   8.2806993469518773        1.00000000       2.26056663E+25
   8.3821334687530840        1.00000000       2.26056663E+25
   8.4835675905542889        1.00000000       2.26056663E+25
   8.5850017123554938        1.00000000       2.26056663E+25
   8.6864358341567005        1.00000000       2.26056663E+25
   8.7878699559579054        1.00000000       2.26056663E+25
   8.8893040777591104        1.00000000       2.26056663E+25
   8.9907381995603153        1.00000000       2.26056663E+25
   9.0921723213615220        1.00000000       2.26056663E+25
   9.1936064431627269        1.00000000       2.26056663E+25
   9.2950405649639318        1.00000000       2.26056663E+25
   9.3964746867651368        1.00000000       2.26056663E+25
   9.4979088085663435        1.00000000       2.26056663E+25
   9.5993429303675484        1.00000000       2.26056663E+25
   9.7007770521687533        1.00000000       2.26056663E+25
   9.8022111739699582        1.00000000       2.26056663E+25
   9.9036452957711649        1.00000000       2.26056663E+25
   10.005079417572370        1.00000000       2.26056663E+25
   10.106513539373575        1.00000000       2.26056663E+25
   10.207947661174780        1.00000000       2.26056663E+25
   10.309381782975986        1.00000000       2.26056663E+25
   10.410815904777191        1.00000000       2.26056663E+25
   10.512250026578396        1.00000000       2.26056663E+25
   10.613684148379601        1.00000000       2.26056663E+25
   10.715118270180808        1.00000000       2.26056663E+25
   10.816552391982013        1.00000000       2.26056663E+25
   10.917986513783218        1.00000000       2.26056663E+25
   11.019420635584423        1.00000000       2.26056663E+25
   11.120854757385629        1.00000000       2.26056663E+25
   11.222288879186834        1.00000000       2.26056663E+25
   11.323723000988039        1.00000000       2.26056663E+25
   11.425157122789244        1.00000000       2.26056663E+25
   11.526591244590449        1.00000000       2.26056663E+25
   11.628025366391654        1.00000000       2.26056663E+25
   11.729459488192862        1.00000000       2.26056663E+25
   11.830893609994067        1.00000000       2.26056663E+25
   11.932327731795272        1.00000000       2.26056663E+25
   12.033761853596477        1.00000000       2.26056663E+25
   12.135195975397682        1.00000000       2.26056663E+25
   12.236630097198887        1.00000000       2.26056663E+25
   12.338064219000092        1.00000000       2.26056663E+25
   12.439498340801300        1.00000000       2.26056663E+25
   12.540932462602505        1.00000000       2.26056663E+25
   12.642366584403710        1.00000000       2.26056663E+25
   12.743800706204915        1.00000000       2.26056663E+25
   12.845234828006120        1.00000000       2.26056663E+25
   12.946668949807325        1.00000000       2.26056663E+25
   13.048103071608530        1.00000000       2.26056663E+25
   13.149537193409735        1.00000000       2.26056663E+25
   13.250971315210943        1.00000000       2.26056663E+25
   13.352405437012148        1.00000000       2.26056663E+25
   13.453839558813353        1.00000000       2.26056663E+25
   13.555273680614558        1.00000000       2.26056663E+25
   13.656707802415763        1.00000000       2.26056663E+25
   13.758141924216968        1.00000000       2.26056663E+25
   13.859576046018173        1.00000000       2.26056663E+25
   13.961010167819378        1.00000000       2.26056663E+25
   14.062444289620586        1.00000000       2.26056663E+25
   14.163878411421791        1.00000000       2.26056663E+25
   14.265312533222996        1.00000000       2.26056663E+25
   14.366746655024201        1.00000000       2.26056663E+25
   14.468180776825406        1.00000000       2.26056663E+25
   14.569614898626611        1.00000000       2.26056663E+25
   14.671049020427816        1.00000000       2.26056663E+25
   14.772483142229021        1.00000000       2.26056663E+25
   14.873917264030229        1.00000000       2.26056663E+25
   14.975351385831434        1.00000000       2.26056663E+25
   15.076785507632639        1.00000000       2.26056663E+25
   15.178219629433844        1.00000000       2.26056663E+25
   15.279653751235049        1.00000000       2.26056663E+25
   15.381087873036254        1.00000000       2.26056663E+25
   15.482521994837459        1.00000000       2.26056663E+25
   15.583956116638667        1.00000000       2.26056663E+25
   15.685390238439872        1.00000000       2.26056663E+25
   15.786824360241077        1.00000000       2.26056663E+25
   15.888258482042282        1.00000000       2.26056663E+25
   15.989692603843487        1.00000000       2.26056663E+25
   16.091126725644692        1.00000000       2.26056663E+25
   16.192560847445897        1.00000000       2.26056663E+25
   16.293994969247102        1.00000000       2.26056663E+25
   16.395429091048310        1.00000000       2.26056663E+25
   16.496863212849515        1.00000000       2.26056663E+25
   16.598297334650720        1.00000000       2.26056663E+25
   16.699731456451925        1.00000000       2.26056663E+25
   16.801165578253130        1.00000000       2.26056663E+25
   16.902599700054335        1.00000000       2.26056663E+25
   17.004033821855540        1.00000000       2.26056663E+25
   17.105467943656745        1.00000000       2.26056663E+25
   17.206902065457953        1.00000000       2.26056663E+25
   17.308336187259158        1.00000000       2.26056663E+25
   17.409770309060363        1.00000000       2.26056663E+25
   17.511204430861568        1.00000000       2.26056663E+25
   17.612638552662773        1.00000000       2.26056663E+25
   17.714072674463978        1.00000000       2.26056663E+25
   17.815506796265183        1.00000000       2.26056663E+25
   17.916940918066388        1.00000000       2.26056663E+25
   18.018375039867596        1.00000000       2.26056663E+25
   18.119809161668801        1.00000000       2.26056663E+25
   18.221243283470006        1.00000000       2.26056663E+25
   18.322677405271211        1.00000000       2.26056663E+25
   18.424111527072416        1.00000000       2.26056663E+25
   18.525545648873621        1.00000000       2.26056663E+25
   18.626979770674826        1.00000000       2.26056663E+25
   18.728413892476034        1.00000000       2.26056663E+25
   18.829848014277239        1.00000000       2.26056663E+25
   18.931282136078444        1.00000000       2.26056663E+25
   19.032716257879649        1.00000000       2.26056663E+25
   19.134150379680854        1.00000000       2.26056663E+25
   19.235584501482059        1.00000000       2.26056663E+25
   19.337018623283264        1.00000000       2.26056663E+25
   19.438452745084469        1.00000000       2.26056663E+25
   19.539886866885677        1.00000000       2.26056663E+25
   19.641320988686882        1.00000000       2.26056663E+25
   19.742755110488087        1.00000000       2.26056663E+25
   19.844189232289292        1.00000000       2.26056663E+25
   19.945623354090497        1.00000000       2.26056663E+25
   20.047057475891702        1.00000000       2.26056663E+25
   20.148491597692907        1.00000000       2.26056663E+25
   20.249925719494112        1.00000000       2.26056663E+25
   20.351359841295320        1.00000000       2.26056663E+25
   20.452793963096525        1.00000000       2.26056663E+25
   20.554228084897730        1.00000000       2.26056663E+25
   20.655662206698935        1.00000000       2.26056663E+25
   20.757096328500140        1.00000000       2.26056663E+25
   20.858530450301345        1.00000000       2.26056663E+25
   20.959964572102550        1.00000000       2.26056663E+25
   21.061398693903755        1.00000000       2.26056663E+25
   21.162832815704963        1.00000000       2.26056663E+25
   21.264266937506168        1.00000000       2.26056663E+25
   21.365701059307373        1.00000000       2.26056663E+25
   21.467135181108578        1.00000000       2.26056663E+25
   21.568569302909783        1.00000000       2.26056663E+25
   21.670003424710988        1.00000000       2.26056663E+25
   21.771437546512193        1.00000000       2.26056663E+25
   21.872871668313401        1.00000000       2.26056663E+25
   21.974305790114606        1.00000000       2.26056663E+25
   22.075739911915811        1.00000000       2.26056663E+25
   22.177174033717016        1.00000000       2.26056663E+25
   22.278608155518221        1.00000000       2.26056663E+25
   22.380042277319426        1.00000000       2.26056663E+25
   22.481476399120631        1.00000000       2.26056663E+25
   22.582910520921835        1.00000000       2.26056663E+25
   22.684344642723044        1.00000000       2.26056663E+25
   22.785778764524249        1.00000000       2.26056663E+25
   22.887212886325454        1.00000000       2.26056663E+25
   22.988647008126659        1.00000000       2.26056663E+25
   23.090081129927864        1.00000000       2.26056663E+25
   23.191515251729069        1.00000000       2.26056663E+25
   23.292949373530274        1.00000000       2.26056663E+25
   23.394383495331478        1.00000000       2.26056663E+25
   23.495817617132687        1.00000000       2.26056663E+25
   23.597251738933892        1.00000000       2.26056663E+25
   23.698685860735097        1.00000000       2.26056663E+25
   23.800119982536302        1.00000000       2.26056663E+25
   23.901554104337507        1.00000000       2.26056663E+25
   24.002988226138712        1.00000000       2.26056663E+25
   24.104422347939916        1.00000000       2.26056663E+25
   24.205856469741121        1.00000000       2.26056663E+25
   24.307290591542330        1.00000000       2.26056663E+25
   24.408724713343535        1.00000000       2.26056663E+25
   24.510158835144740        1.00000000       2.26056663E+25
   24.611592956945945        1.00000000       2.26056663E+25
   24.713027078747150        1.00000000       2.26056663E+25
   24.814461200548354        1.00000000       2.26056663E+25
   24.915895322349559        1.00000000       2.26056663E+25
   25.017329444150768        1.00000000       2.26056663E+25
   25.118763565951973        1.00000000       2.26056663E+25
   25.220197687753178        1.00000000       2.26056663E+25
   25.321631809554383        1.00000000       2.26056663E+25
   25.423065931355588        1.00000000       2.26056663E+25
   25.524500053156792        1.00000000       2.26056663E+25
   25.625934174957997        1.00000000       2.26056663E+25
   25.727368296759202        1.00000000       2.26056663E+25
   25.828802418560411        1.00000000       2.26056663E+25
   25.930236540361616        1.00000000       2.26056663E+25
   26.031670662162821        1.00000000       2.26056663E+25
   26.133104783964026        1.00000000       2.26056663E+25
   26.234538905765231        1.00000000       2.26056663E+25
   26.335973027566435        1.00000000       2.26056663E+25
   26.437407149367640        1.00000000       2.26056663E+25
   26.538841271168845        1.00000000       2.26056663E+25
   26.640275392970054        1.00000000       2.26056663E+25
   26.741709514771259        1.00000000       2.26056663E+25
   26.843143636572464        1.00000000       2.26056663E+25
   26.944577758373669        1.00000000       2.26056663E+25
   27.046011880174873        1.00000000       2.26056663E+25
   27.147446001976078        1.00000000       2.26056663E+25
   27.248880123777283        1.00000000       2.26056663E+25
   27.350314245578488        1.00000000       2.26056663E+25
   27.451748367379697        1.00000000       2.26056663E+25
   27.553182489180898        1.00000000       2.26056663E+25
   27.654616610982103        1.00000000       2.26056663E+25
   27.756050732783308        1.00000000       2.26056663E+25
   27.857484854584520        1.00000000       2.26056663E+25
   27.958918976385725        1.00000000       2.26056663E+25
   28.060353098186930        1.00000000       2.26056663E+25
   28.161787219988135        1.00000000       2.26056663E+25
   28.263221341789340        1.00000000       2.26056663E+25
   28.364655463590545        1.00000000       2.26056663E+25
   28.466089585391749        1.00000000       2.26056663E+25
   28.567523707192954        1.00000000       2.26056663E+25
   28.668957828994159        1.00000000       2.26056663E+25
   28.770391950795364        1.00000000       2.26056663E+25
   28.871826072596569        1.00000000       2.26056663E+25
   28.973260194397774        1.00000000       2.26056663E+25
   29.074694316198979        1.00000000       2.26056663E+25
   29.176128438000184        1.00000000       2.26056663E+25
   29.277562559801389        1.00000000       2.26056663E+25
   29.378996681602601        1.00000000       2.26056663E+25
   29.480430803403806        1.00000000       2.26056663E+25
   29.581864925205011        1.00000000       2.26056663E+25
   29.683299047006216        1.00000000       2.26056663E+25
   29.784733168807421        1.00000000       2.26056663E+25
   29.886167290608626        1.00000000       2.26056663E+25
   29.987601412409830        1.00000000       2.26056663E+25
   30.089035534211035        1.00000000       2.26056663E+25
   30.190469656012240        1.00000000       2.26056663E+25
   30.291903777813445        1.00000000       2.26056663E+25
   30.393337899614650        1.00000000       2.26056663E+25
   30.494772021415855        1.00000000       2.26056663E+25
   30.596206143217060        1.00000000       2.26056663E+25
   30.697640265018265        1.00000000       2.26056663E+25
   30.799074386819470        1.00000000       2.26056663E+25
   30.900508508620675        1.00000000       2.26056663E+25
   31.001942630421887        1.00000000       2.26056663E+25
   31.103376752223092        1.00000000       2.26056663E+25
   31.204810874024297        1.00000000       2.26056663E+25
   31.306244995825502        1.00000000       2.26056663E+25
   31.407679117626706        1.00000000       2.26056663E+25
   31.509113239427911        1.00000000       2.26056663E+25
   31.610547361229116        1.00000000       2.26056663E+25
   31.711981483030321        1.00000000       2.26056663E+25
   31.813415604831526        1.00000000       2.26056663E+25
   31.914849726632731        1.00000000       2.26056663E+25
   32.016283848433936        1.00000000       2.26056663E+25
   32.117717970235141        1.00000000       2.26056663E+25
   32.219152092036346        1.00000000       2.26056663E+25
   32.320586213837551        1.00000000       2.26056663E+25
   32.422020335638756        1.00000000       2.26056663E+25
   32.523454457439968        1.00000000       2.26056663E+25
   32.624888579241173        1.00000000       2.26056663E+25
   32.726322701042378        1.00000000       2.26056663E+25
   32.827756822843583        1.00000000       2.26056663E+25
   32.929190944644787        1.00000000       2.26056663E+25
   33.030625066445992        1.00000000       2.26056663E+25
   33.132059188247197        1.00000000       2.26056663E+25
   33.233493310048402        1.00000000       2.26056663E+25
   33.334927431849607        1.00000000       2.26056663E+25
   33.436361553650812        1.00000000       2.26056663E+25
   33.537795675452017        1.00000000       2.26056663E+25
   33.639229797253222        1.00000000       2.26056663E+25
   33.740663919054427        1.00000000       2.26056663E+25
   33.842098040855632        1.00000000       2.26056663E+25
   33.943532162656837        1.00000000       2.26056663E+25
   34.044966284458042        1.00000000       2.26056663E+25
   34.146400406259254        1.00000000       2.26056663E+25
   34.247834528060459        1.00000000       2.26056663E+25
   34.349268649861664        1.00000000       2.26056663E+25
   34.450702771662868        1.00000000       2.26056663E+25
   34.552136893464073        1.00000000       2.26056663E+25
   34.653571015265278        1.00000000       2.26056663E+25
   34.755005137066483        1.00000000       2.26056663E+25
   34.856439258867688        1.00000000       2.26056663E+25
   34.957873380668893        1.00000000       2.26056663E+25
   35.059307502470098        1.00000000       2.26056663E+25
   35.160741624271303        1.00000000       2.26056663E+25
   35.262175746072508        1.00000000       2.26056663E+25
   35.363609867873713        1.00000000       2.26056663E+25
   35.465043989674918        1.00000000       2.26056663E+25
   35.566478111476123        1.00000000       2.26056663E+25
   35.667912233277335        1.00000000       2.26056663E+25
   35.769346355078540        1.00000000       2.26056663E+25
   35.870780476879744        1.00000000       2.26056663E+25
   35.972214598680949        1.00000000       2.26056663E+25
   36.073648720482154        1.00000000       2.26056663E+25
   36.175082842283359        1.00000000       2.26056663E+25
   36.276516964084564        1.00000000       2.26056663E+25
   36.377951085885769        1.00000000       2.26056663E+25
   36.479385207686974        1.00000000       2.26056663E+25
   36.580819329488179        1.00000000       2.26056663E+25
   36.682253451289384        1.00000000       2.26056663E+25
   36.783687573090589        1.00000000       2.26056663E+25
   36.885121694891794        1.00000000       2.26056663E+25
   36.986555816692999        1.00000000       2.26056663E+25
   37.087989938494204        1.00000000       2.26056663E+25
   37.189424060295408        1.00000000       2.26056663E+25
   37.290858182096621        1.00000000       2.26056663E+25
   37.392292303897825        1.00000000       2.26056663E+25
   37.493726425699030        1.00000000       2.26056663E+25
   37.595160547500235        1.00000000       2.26056663E+25
   37.696594669301440        1.00000000       2.26056663E+25
   37.798028791102645        1.00000000       2.26056663E+25
   37.899462912903850        1.00000000       2.26056663E+25
   38.000897034705055        1.00000000       2.26056663E+25
   38.102331156506260        1.00000000       2.26056663E+25
   38.203765278307465        1.00000000       2.26056663E+25
   38.305199400108670        1.00000000       2.26056663E+25
   38.406633521909875        1.00000000       2.26056663E+25
   38.508067643711080        1.00000000       2.26056663E+25
   38.609501765512285        1.00000000       2.26056663E+25
   38.710935887313489        1.00000000       2.26056663E+25
   38.812370009114701        1.00000000       2.26056663E+25
   38.913804130915906        1.00000000       2.26056663E+25
   39.015238252717111        1.00000000       2.26056663E+25
   39.116672374518316        1.00000000       2.26056663E+25
   39.218106496319521        1.00000000       2.26056663E+25
   39.319540618120726        1.00000000       2.26056663E+25
   39.420974739921931        1.00000000       2.26056663E+25
   39.522408861723136        1.00000000       2.26056663E+25
   39.623842983524341        1.00000000       2.26056663E+25
   39.725277105325546        1.00000000       2.26056663E+25
   39.826711227126751        1.00000000       2.26056663E+25
   39.928145348927956        1.00000000       2.26056663E+25
   40.029579470729161        1.00000000       2.26056663E+25
   40.131013592530365        1.00000000       2.26056663E+25
   40.232447714331570        1.00000000       2.26056663E+25
   40.333881836132775        1.00000000       2.26056663E+25
   40.435315957933987        1.00000000       2.26056663E+25
   40.536750079735192        1.00000000       2.26056663E+25
   40.638184201536397        1.00000000       2.26056663E+25
   40.739618323337602        1.00000000       2.26056663E+25
   40.841052445138807        1.00000000       2.26056663E+25
   40.942486566940012        1.00000000       2.26056663E+25
   41.043920688741217        1.00000000       2.26056663E+25
   41.145354810542422        1.00000000       2.26056663E+25
   41.246788932343627        1.00000000       2.26056663E+25
   41.348223054144832        1.00000000       2.26056663E+25
   41.449657175946037        1.00000000       2.26056663E+25
   41.551091297747242        1.00000000       2.26056663E+25
   41.652525419548446        1.00000000       2.26056663E+25
   41.753959541349651        1.00000000       2.26056663E+25
   41.855393663150856        1.00000000       2.26056663E+25
   41.956827784952068        1.00000000       2.26056663E+25
   42.058261906753273        1.00000000       2.26056663E+25
   42.159696028554478        1.00000000       2.26056663E+25
   42.261130150355683        1.00000000       2.26056663E+25
   42.362564272156888        1.00000000       2.26056663E+25
   42.463998393958093        1.00000000       2.26056663E+25
   42.565432515759298        1.00000000       2.26056663E+25
   42.666866637560503        1.00000000       2.26056663E+25
   42.768300759361708        1.00000000       2.26056663E+25
   42.869734881162913        1.00000000       2.26056663E+25
   42.971169002964118        1.00000000       2.26056663E+25
   43.072603124765322        1.00000000       2.26056663E+25
   43.174037246566527        1.00000000       2.26056663E+25
   43.275471368367732        1.00000000       2.26056663E+25
   43.376905490168937        1.00000000       2.26056663E+25
   43.478339611970142        1.00000000       2.26056663E+25
   43.579773733771354        1.00000000       2.26056663E+25
   43.681207855572559        1.00000000       2.26056663E+25
   43.782641977373764        1.00000000       2.26056663E+25
   43.884076099174969        1.00000000       2.26056663E+25
   43.985510220976174        1.00000000       2.26056663E+25
   44.086944342777379        1.00000000       2.26056663E+25
   44.188378464578584        1.00000000       2.26056663E+25
   44.289812586379789        1.00000000       2.26056663E+25
   44.391246708180994        1.00000000       2.26056663E+25
   44.492680829982199        1.00000000       2.26056663E+25
   44.594114951783403        1.00000000       2.26056663E+25
   44.695549073584608        1.00000000       2.26056663E+25
   44.796983195385813        1.00000000       2.26056663E+25
   44.898417317187018        1.00000000       2.26056663E+25
   44.999851438988223        1.00000000       2.26056663E+25
   45.101285560789435        1.00000000       2.26056663E+25
   45.202719682590640        1.00000000       2.26056663E+25
   45.304153804391845        1.00000000       2.26056663E+25
   45.405587926193050        1.00000000       2.26056663E+25
   45.507022047994255        1.00000000       2.26056663E+25
   45.608456169795460        1.00000000       2.26056663E+25
   45.709890291596665        1.00000000       2.26056663E+25
   45.811324413397870        1.00000000       2.26056663E+25
   45.912758535199075        1.00000000       2.26056663E+25
   46.014192657000279        1.00000000       2.26056663E+25
   46.115626778801484        1.00000000       2.26056663E+25
   46.217060900602689        1.00000000       2.26056663E+25
   46.318495022403894        1.00000000       2.26056663E+25
   46.419929144205099        1.00000000       2.26056663E+25
   46.521363266006304        1.00000000       2.26056663E+25
   46.622797387807509        1.00000000       2.26056663E+25
   46.724231509608721        1.00000000       2.26056663E+25
   46.825665631409926        1.00000000       2.26056663E+25
   46.927099753211131        1.00000000       2.26056663E+25
   47.028533875012336        1.00000000       2.26056663E+25
   47.129967996813541        1.00000000       2.26056663E+25
   47.231402118614746        1.00000000       2.26056663E+25
   47.332836240415951        1.00000000       2.26056663E+25
   47.434270362217156        1.00000000       2.26056663E+25
   47.535704484018360        1.00000000       2.26056663E+25
   47.637138605819565        1.00000000       2.26056663E+25
   47.738572727620770        1.00000000       2.26056663E+25
   47.840006849421975        1.00000000       2.26056663E+25
   47.941440971223180        1.00000000       2.26056663E+25
   48.042875093024385        1.00000000       2.26056663E+25
   48.144309214825590        1.00000000       2.26056663E+25
   48.245743336626802        1.00000000       2.26056663E+25
   48.347177458428007        1.00000000       2.26056663E+25
   48.448611580229212        1.00000000       2.26056663E+25
   48.550045702030417        1.00000000       2.26056663E+25
   48.651479823831622        1.00000000       2.26056663E+25
   48.752913945632827        1.00000000       2.26056663E+25
   48.854348067434032        1.00000000       2.26056663E+25
   48.955782189235237        1.00000000       2.26056663E+25
   49.057216311036441        1.00000000       2.26056663E+25
   49.158650432837646        1.00000000       2.26056663E+25
   49.260084554638851        1.00000000       2.26056663E+25
   49.361518676440056        1.00000000       2.26056663E+25
   49.462952798241261        1.00000000       2.26056663E+25
   49.564386920042466        1.00000000       2.26056663E+25
   49.665821041843671        1.00000000       2.26056663E+25
   49.767255163644876        1.00000000       2.26056663E+25
   49.868689285446088        1.00000000       2.26056663E+25
   49.970123407247293        1.00000000       2.26056663E+25
   50.071557529048498        1.00000000       2.26056663E+25
   50.172991650849703        1.00000000       2.26056663E+25
   50.274425772650908        1.00000000       2.26056663E+25
   50.375859894452113        1.00000000       2.26056663E+25
   50.477294016253317        1.00000000       2.26056663E+25
   50.578728138054522        1.00000000       2.26056663E+25
   50.680162259855727        1.00000000       2.26056663E+25
   50.781596381656932        1.00000000       2.26056663E+25
   50.883030503458137        1.00000000       2.26056663E+25
   50.984464625259342        1.00000000       2.26056663E+25
   51.085898747060547        1.00000000       2.26056663E+25
   51.187332868861752        1.00000000       2.26056663E+25
   51.288766990662957        1.00000000       2.26056663E+25
   51.390201112464169        1.00000000       2.26056663E+25
   51.491635234265374        1.00000000       2.26056663E+25
   51.593069356066579        1.00000000       2.26056663E+25
   51.694503477867784        1.00000000       2.26056663E+25
   51.795937599668989        1.00000000       2.26056663E+25
   51.897371721470194        1.00000000       2.26056663E+25
   51.998805843271398        1.00000000       2.26056663E+25
   52.100239965072603        1.00000000       2.26056663E+25
   52.201674086873808        1.00000000       2.26056663E+25
   52.303108208675013        1.00000000       2.26056663E+25
   52.404542330476218        1.00000000       2.26056663E+25
   52.505976452277423        1.00000000       2.26056663E+25
   52.607410574078628        1.00000000       2.26056663E+25
   52.708844695879833        1.00000000       2.26056663E+25
   52.810278817681038        1.00000000       2.26056663E+25
   52.911712939482243        1.00000000       2.26056663E+25
   53.013147061283455        1.00000000       2.26056663E+25
   53.114581183084660        1.00000000       2.26056663E+25
   53.216015304885865        1.00000000       2.26056663E+25
   53.317449426687070        1.00000000       2.26056663E+25
   53.418883548488274        1.00000000       2.26056663E+25
   53.520317670289479        1.00000000       2.26056663E+25
   53.621751792090684        1.00000000       2.26056663E+25
   53.723185913891889        1.00000000       2.26056663E+25
   53.824620035693094        1.00000000       2.26056663E+25
   53.926054157494299        1.00000000       2.26056663E+25
   54.027488279295504        1.00000000       2.26056663E+25
   54.128922401096709        1.00000000       2.26056663E+25
   54.230356522897914        1.00000000       2.26056663E+25
   54.331790644699119        1.00000000       2.26056663E+25
   54.433224766500324        1.00000000       2.26056663E+25
   54.534658888301536        1.00000000       2.26056663E+25
   54.636093010102741        1.00000000       2.26056663E+25
   54.737527131903946        1.00000000       2.26056663E+25
   54.838961253705151        1.00000000       2.26056663E+25
   54.940395375506355        1.00000000       2.26056663E+25
   55.041829497307560        1.00000000       2.26056663E+25
   55.143263619108765        1.00000000       2.26056663E+25
   55.244697740909970        1.00000000       2.26056663E+25
   55.346131862711175        1.00000000       2.26056663E+25
   55.447565984512380        1.00000000       2.26056663E+25
   55.549000106313585        1.00000000       2.26056663E+25
   55.650434228114790        1.00000000       2.26056663E+25
   55.751868349915995        1.00000000       2.26056663E+25
   55.853302471717200        1.00000000       2.26056663E+25
   55.954736593518405        1.00000000       2.26056663E+25
   56.056170715319610        1.00000000       2.26056663E+25
   56.157604837120822        1.00000000       2.26056663E+25
   56.259038958922027        1.00000000       2.26056663E+25
   56.360473080723231        1.00000000       2.26056663E+25
   56.461907202524436        1.00000000       2.26056663E+25
   56.563341324325641        1.00000000       2.26056663E+25
   56.664775446126846        1.00000000       2.26056663E+25
   56.766209567928051        1.00000000       2.26056663E+25
   56.867643689729256        1.00000000       2.26056663E+25
   56.969077811530461        1.00000000       2.26056663E+25
   57.070511933331666        1.00000000       2.26056663E+25
   57.171946055132871        1.00000000       2.26056663E+25
   57.273380176934076        1.00000000       2.26056663E+25
   57.374814298735281        1.00000000       2.26056663E+25
   57.476248420536486        1.00000000       2.26056663E+25
   57.577682542337691        1.00000000       2.26056663E+25
   57.679116664138903        1.00000000       2.26056663E+25
   57.780550785940108        1.00000000       2.26056663E+25
   57.881984907741312        1.00000000       2.26056663E+25
   57.983419029542517        1.00000000       2.26056663E+25
   58.084853151343722        1.00000000       2.26056663E+25
   58.186287273144927        1.00000000       2.26056663E+25
   58.287721394946132        1.00000000       2.26056663E+25
   58.389155516747337        1.00000000       2.26056663E+25
   58.490589638548542        1.00000000       2.26056663E+25
   58.592023760349747        1.00000000       2.26056663E+25
   58.693457882150952        1.00000000       2.26056663E+25
   58.794892003952157        1.00000000       2.26056663E+25
   58.896326125753362        1.00000000       2.26056663E+25
   58.997760247554567        1.00000000       2.26056663E+25
   59.099194369355772        1.00000000       2.26056663E+25
   59.200628491156976        1.00000000       2.26056663E+25
   59.302062612958188        1.00000000       2.26056663E+25
   59.403496734759393        1.00000000       2.26056663E+25
   59.504930856560591        1.00000000       2.26056663E+25
   59.606364978361796        1.00000000       2.26056663E+25
   59.707799100163001        1.00000000       2.26056663E+25
   59.809233221964206        1.00000000       2.26056663E+25
   59.910667343765411        1.00000000       2.26056663E+25
   60.012101465566616        1.00000000       2.26056663E+25
   60.113535587367835        1.00000000       2.26056663E+25
   60.214969709169040        1.00000000       2.26056663E+25
   60.316403830970245        1.00000000       2.26056663E+25
   60.417837952771450        1.00000000       2.26056663E+25
   60.519272074572655        1.00000000       2.26056663E+25
   60.620706196373860        1.00000000       2.26056663E+25
   60.722140318175065        1.00000000       2.26056663E+25
   60.823574439976269        1.00000000       2.26056663E+25
   60.925008561777474        1.00000000       2.26056663E+25
   61.026442683578679        1.00000000       2.26056663E+25
   61.127876805379884        1.00000000       2.26056663E+25
   61.229310927181089        1.00000000       2.26056663E+25
   61.330745048982294        1.00000000       2.26056663E+25
   61.432179170783499        1.00000000       2.26056663E+25
   61.533613292584704        1.00000000       2.26056663E+25
   61.635047414385909        1.00000000       2.26056663E+25
   61.736481536187114        1.00000000       2.26056663E+25
   61.837915657988319        1.00000000       2.26056663E+25
   61.939349779789524        1.00000000       2.26056663E+25
   62.040783901590729        1.00000000       2.26056663E+25
   62.142218023391933        1.00000000       2.26056663E+25
   62.243652145193138        1.00000000       2.26056663E+25
   62.345086266994343        1.00000000       2.26056663E+25
   62.446520388795548        1.00000000       2.26056663E+25
   62.547954510596753        1.00000000       2.26056663E+25
   62.649388632397958        1.00000000       2.26056663E+25
   62.750822754199163        1.00000000       2.26056663E+25
   62.852256876000368        1.00000000       2.26056663E+25
   62.953690997801573        1.00000000       2.26056663E+25
   63.055125119602778        1.00000000       2.26056663E+25
   63.156559241403983        1.00000000       2.26056663E+25
   63.257993363205202        1.00000000       2.26056663E+25
   63.359427485006407        1.00000000       2.26056663E+25
   63.460861606807612        1.00000000       2.26056663E+25
   63.562295728608817        1.00000000       2.26056663E+25
   63.663729850410022        1.00000000       2.26056663E+25
   63.765163972211226        1.00000000       2.26056663E+25
   63.866598094012431        1.00000000       2.26056663E+25
   63.968032215813636        1.00000000       2.26056663E+25
   64.069466337614841        1.00000000       2.26056663E+25
   64.170900459416046        1.00000000       2.26056663E+25
   64.272334581217251        1.00000000       2.26056663E+25
   64.373768703018456        1.00000000       2.26056663E+25
   64.475202824819661        1.00000000       2.26056663E+25
   64.576636946620866        1.00000000       2.26056663E+25
   64.678071068422071        1.00000000       2.26056663E+25
   64.779505190223276        1.00000000       2.26056663E+25
   64.880939312024481        1.00000000       2.26056663E+25
   64.982373433825686        1.00000000       2.26056663E+25
   65.083807555626890        1.00000000       2.26056663E+25
   65.185241677428095        1.00000000       2.26056663E+25
   65.286675799229300        1.00000000       2.26056663E+25
   65.388109921030505        1.00000000       2.26056663E+25
   65.489544042831710        1.00000000       2.26056663E+25
   65.590978164632915        1.00000000       2.26056663E+25
   65.692412286434120        1.00000000       2.26056663E+25
   65.793846408235325        1.00000000       2.26056663E+25
   65.895280530036530        1.00000000       2.26056663E+25
   65.996714651837735        1.00000000       2.26056663E+25
   66.098148773638940        1.00000000       2.26056663E+25
   66.199582895440145        1.00000000       2.26056663E+25
   66.301017017241350        1.00000000       2.26056663E+25
   66.402451139042569        1.00000000       2.26056663E+25
   66.503885260843774        1.00000000       2.26056663E+25
   66.605319382644979        1.00000000       2.26056663E+25
   66.706753504446183        1.00000000       2.26056663E+25
   66.808187626247388        1.00000000       2.26056663E+25
   66.909621748048593        1.00000000       2.26056663E+25
   67.011055869849798        1.00000000       2.26056663E+25
   67.112489991651003        1.00000000       2.26056663E+25
   67.213924113452208        1.00000000       2.26056663E+25
   67.315358235253413        1.00000000       2.26056663E+25
   67.416792357054618        1.00000000       2.26056663E+25
   67.518226478855823        1.00000000       2.26056663E+25
   67.619660600657028        1.00000000       2.26056663E+25
   67.721094722458233        1.00000000       2.26056663E+25
   67.822528844259438        1.00000000       2.26056663E+25
   67.923962966060643        1.00000000       2.26056663E+25
   68.025397087861847        1.00000000       2.26056663E+25
   68.126831209663052        1.00000000       2.26056663E+25
   68.228265331464257        1.00000000       2.26056663E+25
   68.329699453265462        1.00000000       2.26056663E+25
   68.431133575066667        1.00000000       2.26056663E+25
   68.532567696867872        1.00000000       2.26056663E+25
   68.634001818669077        1.00000000       2.26056663E+25
   68.735435940470282        1.00000000       2.26056663E+25
   68.836870062271487        1.00000000       2.26056663E+25
   68.938304184072692        1.00000000       2.26056663E+25
   69.039738305873897        1.00000000       2.26056663E+25
   69.141172427675102        1.00000000       2.26056663E+25
   69.242606549476307        1.00000000       2.26056663E+25
   69.344040671277511        1.00000000       2.26056663E+25
   69.445474793078716        1.00000000       2.26056663E+25
   69.546908914879936        1.00000000       2.26056663E+25
   69.648343036681140        1.00000000       2.26056663E+25
   69.749777158482345        1.00000000       2.26056663E+25
   69.851211280283550        1.00000000       2.26056663E+25
   69.952645402084755        1.00000000       2.26056663E+25
   70.054079523885960        1.00000000       2.26056663E+25
   70.155513645687165        1.00000000       2.26056663E+25
   70.256947767488370        1.00000000       2.26056663E+25
   70.358381889289575        1.00000000       2.26056663E+25
   70.459816011090780        1.00000000       2.26056663E+25
   70.561250132891985        1.00000000       2.26056663E+25
   70.662684254693190        1.00000000       2.26056663E+25
   70.764118376494395        1.00000000       2.26056663E+25
   70.865552498295600        1.00000000       2.26056663E+25
   70.966986620096804        1.00000000       2.26056663E+25
   71.068420741898009        1.00000000       2.26056663E+25
   71.169854863699214        1.00000000       2.26056663E+25
   71.271288985500419        1.00000000       2.26056663E+25
   71.372723107301624        1.00000000       2.26056663E+25
   71.474157229102829        1.00000000       2.26056663E+25
   71.575591350904034        1.00000000       2.26056663E+25
   71.677025472705239        1.00000000       2.26056663E+25
   71.778459594506444        1.00000000       2.26056663E+25
   71.879893716307649        1.00000000       2.26056663E+25
   71.981327838108854        1.00000000       2.26056663E+25
   72.082761959910059        1.00000000       2.26056663E+25
   72.184196081711264        1.00000000       2.26056663E+25
   72.285630203512468        1.00000000       2.26056663E+25
   72.387064325313673        1.00000000       2.26056663E+25
   72.488498447114878        1.00000000       2.26056663E+25
   72.589932568916083        1.00000000       2.26056663E+25
   72.691366690717302        1.00000000       2.26056663E+25
   72.792800812518507        1.00000000       2.26056663E+25
   72.894234934319712        1.00000000       2.26056663E+25
   72.995669056120917        1.00000000       2.26056663E+25
   73.097103177922122        1.00000000       2.26056663E+25
   73.198537299723327        1.00000000       2.26056663E+25
   73.299971421524532        1.00000000       2.26056663E+25
   73.401405543325737        1.00000000       2.26056663E+25
   73.502839665126942        1.00000000       2.26056663E+25
   73.604273786928147        1.00000000       2.26056663E+25
   73.705707908729352        1.00000000       2.26056663E+25
   73.807142030530557        1.00000000       2.26056663E+25
   73.908576152331761        1.00000000       2.26056663E+25
   74.010010274132966        1.00000000       2.26056663E+25
   74.111444395934171        1.00000000       2.26056663E+25
   74.212878517735376        1.00000000       2.26056663E+25
   74.314312639536581        1.00000000       2.26056663E+25
   74.415746761337786        1.00000000       2.26056663E+25
   74.517180883138991        1.00000000       2.26056663E+25
   74.618615004940196        1.00000000       2.26056663E+25
   74.720049126741401        1.00000000       2.26056663E+25
   74.821483248542606        1.00000000       2.26056663E+25
   74.922917370343811        1.00000000       2.26056663E+25
   75.024351492145016        1.00000000       2.26056663E+25
   75.125785613946221        1.00000000       2.26056663E+25
   75.227219735747425        1.00000000       2.26056663E+25
   75.328653857548630        1.00000000       2.26056663E+25
   75.430087979349835        1.00000000       2.26056663E+25
   75.531522101151040        1.00000000       2.26056663E+25
   75.632956222952245        1.00000000       2.26056663E+25
   75.734390344753450        1.00000000       2.26056663E+25
   75.835824466554669        1.00000000       2.26056663E+25
   75.937258588355874        1.00000000       2.26056663E+25
   76.038692710157079        1.00000000       2.26056663E+25
   76.140126831958284        1.00000000       2.26056663E+25
   76.241560953759489        1.00000000       2.26056663E+25
   76.342995075560694        1.00000000       2.26056663E+25
   76.444429197361899        1.00000000       2.26056663E+25
   76.545863319163104        1.00000000       2.26056663E+25
   76.647297440964309        1.00000000       2.26056663E+25
   76.748731562765514        1.00000000       2.26056663E+25
   76.850165684566718        1.00000000       2.26056663E+25
   76.951599806367923        1.00000000       2.26056663E+25
   77.053033928169128        1.00000000       2.26056663E+25
   77.154468049970333        1.00000000       2.26056663E+25
   77.255902171771538        1.00000000       2.26056663E+25
   77.357336293572743        1.00000000       2.26056663E+25
   77.458770415373948        1.00000000       2.26056663E+25
   77.560204537175153        1.00000000       2.26056663E+25
   77.661638658976358        1.00000000       2.26056663E+25
   77.763072780777563        1.00000000       2.26056663E+25
   77.864506902578768        1.00000000       2.26056663E+25
   77.965941024379973        1.00000000       2.26056663E+25
   78.067375146181178        1.00000000       2.26056663E+25
   78.168809267982382        1.00000000       2.26056663E+25
   78.270243389783587        1.00000000       2.26056663E+25
   78.371677511584792        1.00000000       2.26056663E+25
   78.473111633385997        1.00000000       2.26056663E+25
   78.574545755187202        1.00000000       2.26056663E+25
   78.675979876988407        1.00000000       2.26056663E+25
   78.777413998789612        1.00000000       2.26056663E+25
   78.878848120590817        1.00000000       2.26056663E+25
   78.980282242392036        1.00000000       2.26056663E+25
   79.081716364193241        1.00000000       2.26056663E+25
   79.183150485994446        1.00000000       2.26056663E+25
   79.284584607795651        1.00000000       2.26056663E+25
   79.386018729596856        1.00000000       2.26056663E+25
   79.487452851398061        1.00000000       2.26056663E+25
   79.588886973199266        1.00000000       2.26056663E+25
   79.690321095000471        1.00000000       2.26056663E+25
   79.791755216801675        1.00000000       2.26056663E+25
   79.893189338602880        1.00000000       2.26056663E+25
   79.994623460404085        1.00000000       2.26056663E+25
   80.096057582205290        1.00000000       2.26056663E+25
   80.197491704006495        1.00000000       2.26056663E+25
   80.298925825807700        1.00000000       2.26056663E+25
   80.400359947608905        1.00000000       2.26056663E+25
   80.501794069410110        1.00000000       2.26056663E+25
   80.603228191211315        1.00000000       2.26056663E+25
   80.704662313012520        1.00000000       2.26056663E+25
   80.806096434813725        1.00000000       2.26056663E+25
   80.907530556614930        1.00000000       2.26056663E+25
   81.008964678416135        1.00000000       2.26056663E+25
   81.110398800217339        1.00000000       2.26056663E+25
   81.211832922018544        1.00000000       2.26056663E+25
   81.313267043819749        1.00000000       2.26056663E+25
   81.414701165620954        1.00000000       2.26056663E+25
   81.516135287422159        1.00000000       2.26056663E+25
   81.617569409223364        1.00000000       2.26056663E+25
   81.719003531024569        1.00000000       2.26056663E+25
   81.820437652825774        1.00000000       2.26056663E+25
   81.921871774626979        1.00000000       2.26056663E+25
   82.023305896428184        1.00000000       2.26056663E+25
   82.124740018229403        1.00000000       2.26056663E+25
   82.226174140030608        1.00000000       2.26056663E+25
   82.327608261831813        1.00000000       2.26056663E+25
   82.429042383633018        1.00000000       2.26056663E+25
   82.530476505434223        1.00000000       2.26056663E+25
   82.631910627235428        1.00000000       2.26056663E+25
   82.733344749036632        1.00000000       2.26056663E+25
   82.834778870837837        1.00000000       2.26056663E+25
   82.936212992639042        1.00000000       2.26056663E+25
   83.037647114440247        1.00000000       2.26056663E+25
   83.139081236241452        1.00000000       2.26056663E+25
   83.240515358042657        1.00000000       2.26056663E+25
   83.341949479843862        1.00000000       2.26056663E+25
   83.443383601645067        1.00000000       2.26056663E+25
   83.544817723446272        1.00000000       2.26056663E+25
   83.646251845247477        1.00000000       2.26056663E+25
   83.747685967048682        1.00000000       2.26056663E+25
   83.849120088849887        1.00000000       2.26056663E+25
   83.950554210651092        1.00000000       2.26056663E+25
   84.051988332452297        1.00000000       2.26056663E+25
   84.153422454253501        1.00000000       2.26056663E+25
   84.254856576054706        1.00000000       2.26056663E+25
   84.356290697855911        1.00000000       2.26056663E+25
   84.457724819657116        1.00000000       2.26056663E+25
   84.559158941458321        1.00000000       2.26056663E+25
   84.660593063259526        1.00000000       2.26056663E+25
   84.762027185060731        1.00000000       2.26056663E+25
   84.863461306861936        1.00000000       2.26056663E+25
   84.964895428663141        1.00000000       2.26056663E+25
   85.066329550464346        1.00000000       2.26056663E+25
   85.167763672265551        1.00000000       2.26056663E+25
   85.269197794066770        1.00000000       2.26056663E+25
   85.370631915867975        1.00000000       2.26056663E+25
   85.472066037669180        1.00000000       2.26056663E+25
   85.573500159470385        1.00000000       2.26056663E+25
   85.674934281271589        1.00000000       2.26056663E+25
   85.776368403072794        1.00000000       2.26056663E+25
   85.877802524873999        1.00000000       2.26056663E+25
   85.979236646675204        1.00000000       2.26056663E+25
   86.080670768476409        1.00000000       2.26056663E+25
   86.182104890277614        1.00000000       2.26056663E+25
   86.283539012078819        1.00000000       2.26056663E+25
   86.384973133880024        1.00000000       2.26056663E+25
   86.486407255681229        1.00000000       2.26056663E+25
   86.587841377482434        1.00000000       2.26056663E+25
   86.689275499283639        1.00000000       2.26056663E+25
   86.790709621084844        1.00000000       2.26056663E+25
   86.892143742886049        1.00000000       2.26056663E+25
   86.993577864687254        1.00000000       2.26056663E+25
   87.095011986488458        1.00000000       2.26056663E+25
   87.196446108289663        1.00000000       2.26056663E+25
   87.297880230090868        1.00000000       2.26056663E+25
   87.399314351892073        1.00000000       2.26056663E+25
   87.500748473693278        1.00000000       2.26056663E+25
   87.602182595494483        1.00000000       2.26056663E+25
   87.703616717295688        1.00000000       2.26056663E+25
   87.805050839096893        1.00000000       2.26056663E+25
   87.906484960898098        1.00000000       2.26056663E+25
   88.007919082699303        1.00000000       2.26056663E+25
   88.109353204500508        1.00000000       2.26056663E+25
   88.210787326301713        1.00000000       2.26056663E+25
   88.312221448102918        1.00000000       2.26056663E+25
   88.413655569904137        1.00000000       2.26056663E+25
   88.515089691705342        1.00000000       2.26056663E+25
   88.616523813506547        1.00000000       2.26056663E+25
   88.717957935307751        1.00000000       2.26056663E+25
   88.819392057108956        1.00000000       2.26056663E+25
   88.920826178910161        1.00000000       2.26056663E+25
   89.022260300711366        1.00000000       2.26056663E+25
   89.123694422512571        1.00000000       2.26056663E+25
   89.225128544313776        1.00000000       2.26056663E+25
   89.326562666114981        1.00000000       2.26056663E+25
   89.427996787916186        1.00000000       2.26056663E+25
   89.529430909717391        1.00000000       2.26056663E+25
   89.630865031518596        1.00000000       2.26056663E+25
   89.732299153319801        1.00000000       2.26056663E+25
   89.833733275121006        1.00000000       2.26056663E+25
   89.935167396922211        1.00000000       2.26056663E+25
   90.036601518723415        1.00000000       2.26056663E+25
   90.138035640524620        1.00000000       2.26056663E+25
   90.239469762325825        1.00000000       2.26056663E+25
   90.340903884127030        1.00000000       2.26056663E+25
   90.442338005928235        1.00000000       2.26056663E+25
   90.543772127729440        1.00000000       2.26056663E+25
   90.645206249530645        1.00000000       2.26056663E+25
   90.746640371331850        1.00000000       2.26056663E+25
   90.848074493133055        1.00000000       2.26056663E+25
   90.949508614934260        1.00000000       2.26056663E+25
   91.050942736735465        1.00000000       2.26056663E+25
   91.152376858536670        1.00000000       2.26056663E+25
   91.253810980337875        1.00000000       2.26056663E+25
   91.355245102139079        1.00000000       2.26056663E+25
   91.456679223940284        1.00000000       2.26056663E+25
   91.558113345741504        1.00000000       2.26056663E+25
   91.659547467542708        1.00000000       2.26056663E+25
   91.760981589343913        1.00000000       2.26056663E+25
   91.862415711145118        1.00000000       2.26056663E+25
   91.963849832946323        1.00000000       2.26056663E+25
   92.065283954747528        1.00000000       2.26056663E+25
   92.166718076548733        1.00000000       2.26056663E+25
   92.268152198349938        1.00000000       2.26056663E+25
   92.369586320151143        1.00000000       2.26056663E+25
   92.471020441952348        1.00000000       2.26056663E+25
   92.572454563753553        1.00000000       2.26056663E+25
   92.673888685554758        1.00000000       2.26056663E+25
   92.775322807355963        1.00000000       2.26056663E+25
   92.876756929157168        1.00000000       2.26056663E+25
   92.978191050958372        1.00000000       2.26056663E+25
   93.079625172759577        1.00000000       2.26056663E+25
   93.181059294560782        1.00000000       2.26056663E+25
   93.282493416361987        1.00000000       2.26056663E+25
   93.383927538163192        1.00000000       2.26056663E+25
   93.485361659964397        1.00000000       2.26056663E+25
   93.586795781765602        1.00000000       2.26056663E+25
   93.688229903566807        1.00000000       2.26056663E+25
   93.789664025368012        1.00000000       2.26056663E+25
   93.891098147169217        1.00000000       2.26056663E+25
   93.992532268970422        1.00000000       2.26056663E+25
   94.093966390771627        1.00000000       2.26056663E+25
   94.195400512572832        1.00000000       2.26056663E+25
   94.296834634374036        1.00000000       2.26056663E+25
   94.398268756175241        1.00000000       2.26056663E+25
   94.499702877976446        1.00000000       2.26056663E+25
   94.601136999777651        1.00000000       2.26056663E+25
   94.702571121578870        1.00000000       2.26056663E+25
   94.804005243380075        1.00000000       2.26056663E+25
   94.905439365181280        1.00000000       2.26056663E+25
   95.006873486982485        1.00000000       2.26056663E+25
   95.108307608783690        1.00000000       2.26056663E+25
   95.209741730584895        1.00000000       2.26056663E+25
   95.311175852386100        1.00000000       2.26056663E+25
   95.412609974187305        1.00000000       2.26056663E+25
   95.514044095988510        1.00000000       2.26056663E+25
   95.615478217789715        1.00000000       2.26056663E+25
   95.716912339590920        1.00000000       2.26056663E+25
   95.818346461392125        1.00000000       2.26056663E+25
   95.919780583193329        1.00000000       2.26056663E+25
   96.021214704994534        1.00000000       2.26056663E+25
   96.122648826795739        1.00000000       2.26056663E+25
   96.224082948596944        1.00000000       2.26056663E+25
   96.325517070398149        1.00000000       2.26056663E+25
   96.426951192199354        1.00000000       2.26056663E+25
   96.528385314000559        1.00000000       2.26056663E+25
   96.629819435801764        1.00000000       2.26056663E+25
   96.731253557602969        1.00000000       2.26056663E+25
   96.832687679404174        1.00000000       2.26056663E+25
   96.934121801205379        1.00000000       2.26056663E+25
   97.035555923006584        1.00000000       2.26056663E+25
   97.136990044807789        1.00000000       2.26056663E+25
   97.238424166608993        1.00000000       2.26056663E+25
   97.339858288410198        1.00000000       2.26056663E+25
   97.441292410211403        1.00000000       2.26056663E+25
   97.542726532012608        1.00000000       2.26056663E+25
   97.644160653813813        1.00000000       2.26056663E+25
   97.745594775615018        1.00000000       2.26056663E+25
   97.847028897416237        1.00000000       2.26056663E+25
   97.948463019217442        1.00000000       2.26056663E+25
   98.049897141018647        1.00000000       2.26056663E+25
   98.151331262819852        1.00000000       2.26056663E+25
   98.252765384621057        1.00000000       2.26056663E+25
   98.354199506422262        1.00000000       2.26056663E+25
   98.455633628223467        1.00000000       2.26056663E+25
   98.557067750024672        1.00000000       2.26056663E+25
   98.658501871825877        1.00000000       2.26056663E+25
   98.759935993627082        1.00000000       2.26056663E+25
   98.861370115428286        1.00000000       2.26056663E+25
   98.962804237229491        1.00000000       2.26056663E+25
   99.064238359030696        1.00000000       2.26056663E+25
   99.165672480831901        1.00000000       2.26056663E+25
   99.267106602633106        1.00000000       2.26056663E+25
   99.368540724434311        1.00000000       2.26056663E+25
   99.469974846235516        1.00000000       2.26056663E+25
   99.571408968036721        1.00000000       2.26056663E+25
   99.672843089837926        1.00000000       2.26056663E+25
   99.774277211639131        1.00000000       2.26056663E+25
   99.875711333440336        1.00000000       2.26056663E+25
   99.977145455241541        1.00000000       2.26056663E+25
   100.07857957704275        1.00000000       2.26056663E+25
   100.18001369884395        1.00000000       2.26056663E+25
   100.28144782064516        1.00000000       2.26056663E+25
   100.38288194244636        1.00000000       2.26056663E+25
   100.48431606424757        1.00000000       2.26056663E+25
   100.58575018604877        1.00000000       2.26056663E+25
   100.68718430784998        1.00000000       2.26056663E+25
   100.78861842965118        1.00000000       2.26056663E+25
   100.89005255145238        1.00000000       2.26056663E+25
   100.99148667325360        1.00000000       2.26056663E+25
   101.09292079505481        1.00000000       2.26056663E+25
   101.19435491685601        1.00000000       2.26056663E+25
   101.29578903865722        1.00000000       2.26056663E+25
   101.39722316045842        1.00000000       2.26056663E+25
   101.49865728225963        1.00000000       2.26056663E+25
   101.60009140406083        1.00000000       2.26056663E+25
   101.70152552586204        1.00000000       2.26056663E+25
   101.80295964766324        1.00000000       2.26056663E+25
   101.90439376946445        1.00000000       2.26056663E+25
   102.00582789126565        1.00000000       2.26056663E+25
   102.10726201306686        1.00000000       2.26056663E+25
   102.20869613486806        1.00000000       2.26056663E+25
   102.31013025666927        1.00000000       2.26056663E+25
   102.41156437847047        1.00000000       2.26056663E+25
   102.51299850027168        1.00000000       2.26056663E+25
   102.61443262207288        1.00000000       2.26056663E+25
   102.71586674387409        1.00000000       2.26056663E+25
   102.81730086567529        1.00000000       2.26056663E+25
   102.91873498747650        1.00000000       2.26056663E+25
   103.02016910927770        1.00000000       2.26056663E+25
   103.12160323107891        1.00000000       2.26056663E+25
   103.22303735288011        1.00000000       2.26056663E+25
   103.32447147468132        1.00000000       2.26056663E+25
   103.42590559648252        1.00000000       2.26056663E+25
   103.52733971828373        1.00000000       2.26056663E+25
   103.62877384008493        1.00000000       2.26056663E+25
   103.73020796188614        1.00000000       2.26056663E+25
   103.83164208368734        1.00000000       2.26056663E+25
   103.93307620548855        1.00000000       2.26056663E+25
   104.03451032728975        1.00000000       2.26056663E+25
   104.13594444909097        1.00000000       2.26056663E+25
   104.23737857089218        1.00000000       2.26056663E+25
   104.33881269269338        1.00000000       2.26056663E+25
   104.44024681449459        1.00000000       2.26056663E+25
   104.54168093629579        1.00000000       2.26056663E+25
   104.64311505809700        1.00000000       2.26056663E+25
   104.74454917989820        1.00000000       2.26056663E+25
   104.84598330169941        1.00000000       2.26056663E+25
   104.94741742350061        1.00000000       2.26056663E+25
   105.04885154530182        1.00000000       2.26056663E+25
   105.15028566710302        1.00000000       2.26056663E+25
   105.25171978890423        1.00000000       2.26056663E+25
   105.35315391070543        1.00000000       2.26056663E+25
   105.45458803250663        1.00000000       2.26056663E+25
   105.55602215430784        1.00000000       2.26056663E+25
   105.65745627610904        1.00000000       2.26056663E+25
   105.75889039791025        1.00000000       2.26056663E+25
   105.86032451971145        1.00000000       2.26056663E+25
   105.96175864151266        1.00000000       2.26056663E+25
   106.06319276331386        1.00000000       2.26056663E+25
   106.16462688511507        1.00000000       2.26056663E+25
   106.26606100691627        1.00000000       2.26056663E+25
   106.36749512871748        1.00000000       2.26056663E+25
   106.46892925051868        1.00000000       2.26056663E+25
   106.57036337231989        1.00000000       2.26056663E+25
   106.67179749412109        1.00000000       2.26056663E+25
   106.77323161592230        1.00000000       2.26056663E+25
   106.87466573772350        1.00000000       2.26056663E+25
   106.97609985952471        1.00000000       2.26056663E+25
   107.07753398132591        1.00000000       2.26056663E+25
   107.17896810312712        1.00000000       2.26056663E+25
   107.28040222492834        1.00000000       2.26056663E+25
   107.38183634672954        1.00000000       2.26056663E+25
   107.48327046853075        1.00000000       2.26056663E+25
   107.58470459033195        1.00000000       2.26056663E+25
   107.68613871213316        1.00000000       2.26056663E+25
   107.78757283393436        1.00000000       2.26056663E+25
   107.88900695573557        1.00000000       2.26056663E+25
   107.99044107753677        1.00000000       2.26056663E+25
   108.09187519933798        1.00000000       2.26056663E+25
   108.19330932113918        1.00000000       2.26056663E+25
   108.29474344294039        1.00000000       2.26056663E+25
   108.39617756474159        1.00000000       2.26056663E+25
   108.49761168654280        1.00000000       2.26056663E+25
   108.59904580834400        1.00000000       2.26056663E+25
   108.70047993014521        1.00000000       2.26056663E+25
   108.80191405194641        1.00000000       2.26056663E+25
   108.90334817374762        1.00000000       2.26056663E+25
   109.00478229554882        1.00000000       2.26056663E+25
   109.10621641735003        1.00000000       2.26056663E+25
   109.20765053915123        1.00000000       2.26056663E+25
   109.30908466095244        1.00000000       2.26056663E+25
   109.41051878275364        1.00000000       2.26056663E+25
   109.51195290455485        1.00000000       2.26056663E+25
   109.61338702635605        1.00000000       2.26056663E+25
   109.71482114815726        1.00000000       2.26056663E+25
   109.81625526995846        1.00000000       2.26056663E+25
   109.91768939175967        1.00000000       2.26056663E+25
   110.01912351356087        1.00000000       2.26056663E+25
   110.12055763536208        1.00000000       2.26056663E+25
   110.22199175716328        1.00000000       2.26056663E+25
   110.32342587896449        1.00000000       2.26056663E+25
   110.42486000076570        1.00000000       2.26056663E+25
   110.52629412256691        1.00000000       2.26056663E+25
   110.62772824436811        1.00000000       2.26056663E+25
   110.72916236616932        1.00000000       2.26056663E+25
   110.83059648797052        1.00000000       2.26056663E+25
   110.93203060977173        1.00000000       2.26056663E+25
   111.03346473157293        1.00000000       2.26056663E+25
   111.13489885337414        1.00000000       2.26056663E+25
   111.23633297517534        1.00000000       2.26056663E+25
   111.33776709697655        1.00000000       2.26056663E+25
   111.43920121877775        1.00000000       2.26056663E+25
   111.54063534057896        1.00000000       2.26056663E+25
   111.64206946238016        1.00000000       2.26056663E+25
   111.74350358418137        1.00000000       2.26056663E+25
   111.84493770598257        1.00000000       2.26056663E+25
   111.94637182778378        1.00000000       2.26056663E+25
   112.04780594958498        1.00000000       2.26056663E+25
   112.14924007138619        1.00000000       2.26056663E+25
   112.25067419318739        1.00000000       2.26056663E+25
   112.35210831498860        1.00000000       2.26056663E+25
   112.45354243678980        1.00000000       2.26056663E+25
   112.55497655859101        1.00000000       2.26056663E+25
   112.65641068039221        1.00000000       2.26056663E+25
   112.75784480219342        1.00000000       2.26056663E+25
   112.85927892399462        1.00000000       2.26056663E+25
   112.96071304579583        1.00000000       2.26056663E+25
   113.06214716759703        1.00000000       2.26056663E+25
   113.16358128939824        1.00000000       2.26056663E+25
   113.26501541119944        1.00000000       2.26056663E+25
   113.36644953300065        1.00000000       2.26056663E+25
   113.46788365480185        1.00000000       2.26056663E+25
   113.56931777660307        1.00000000       2.26056663E+25
   113.67075189840428        1.00000000       2.26056663E+25
   113.77218602020548        1.00000000       2.26056663E+25
   113.87362014200669        1.00000000       2.26056663E+25
   113.97505426380789        1.00000000       2.26056663E+25
   114.07648838560910        1.00000000       2.26056663E+25
   114.17792250741030        1.00000000       2.26056663E+25
   114.27935662921151        1.00000000       2.26056663E+25
   114.38079075101271        1.00000000       2.26056663E+25
   114.48222487281392        1.00000000       2.26056663E+25
   114.58365899461512        1.00000000       2.26056663E+25
   114.68509311641633        1.00000000       2.26056663E+25
   114.78652723821753        1.00000000       2.26056663E+25
   114.88796136001874        1.00000000       2.26056663E+25
   114.98939548181994        1.00000000       2.26056663E+25
   115.09082960362115        1.00000000       2.26056663E+25
   115.19226372542235        1.00000000       2.26056663E+25
   115.29369784722356        1.00000000       2.26056663E+25
   115.39513196902476        1.00000000       2.26056663E+25
   115.49656609082597        1.00000000       2.26056663E+25
   115.59800021262717        1.00000000       2.26056663E+25
   115.69943433442837        1.00000000       2.26056663E+25
   115.80086845622958        1.00000000       2.26056663E+25
   115.90230257803078        1.00000000       2.26056663E+25
   116.00373669983199        1.00000000       2.26056663E+25
   116.10517082163319        1.00000000       2.26056663E+25
   116.20660494343440        1.00000000       2.26056663E+25
   116.30803906523560        1.00000000       2.26056663E+25
   116.40947318703681        1.00000000       2.26056663E+25
   116.51090730883801        1.00000000       2.26056663E+25
   116.61234143063922        1.00000000       2.26056663E+25
   116.71377555244044        1.00000000       2.26056663E+25
   116.81520967424164        1.00000000       2.26056663E+25
   116.91664379604285        1.00000000       2.26056663E+25
   117.01807791784405        1.00000000       2.26056663E+25
   117.11951203964526        1.00000000       2.26056663E+25
   117.22094616144646        1.00000000       2.26056663E+25
   117.32238028324767        1.00000000       2.26056663E+25
   117.42381440504887        1.00000000       2.26056663E+25
   117.52524852685008        1.00000000       2.26056663E+25
   117.62668264865128        1.00000000       2.26056663E+25
   117.72811677045249        1.00000000       2.26056663E+25
   117.82955089225369        1.00000000       2.26056663E+25
   117.93098501405490        1.00000000       2.26056663E+25
   118.03241913585610        1.00000000       2.26056663E+25
   118.13385325765731        1.00000000       2.26056663E+25
   118.23528737945851        1.00000000       2.26056663E+25
   118.33672150125972        1.00000000       2.26056663E+25
   118.43815562306092        1.00000000       2.26056663E+25
   118.53958974486213        1.00000000       2.26056663E+25
   118.64102386666333        1.00000000       2.26056663E+25
   118.74245798846454        1.00000000       2.26056663E+25
   118.84389211026574        1.00000000       2.26056663E+25
   118.94532623206695        1.00000000       2.26056663E+25
   119.04676035386815        1.00000000       2.26056663E+25
   119.14819447566936        1.00000000       2.26056663E+25
   119.24962859747056        1.00000000       2.26056663E+25
   119.35106271927177        1.00000000       2.26056663E+25
   119.45249684107297        1.00000000       2.26056663E+25
   119.55393096287418        1.00000000       2.26056663E+25
   119.65536508467538        1.00000000       2.26056663E+25
   119.75679920647659        1.00000000       2.26056663E+25
   119.85823332827781        1.00000000       2.26056663E+25
   119.95966745007901        1.00000000       2.26056663E+25
   120.06110157188022        1.00000000       2.26056663E+25
   120.16253569368142        1.00000000       2.26056663E+25
   120.26396981548262        1.00000000       2.26056663E+25
   120.36540393728383        1.00000000       2.26056663E+25
   120.46683805908503        1.00000000       2.26056663E+25
   120.56827218088624        1.00000000       2.26056663E+25
   120.66970630268744        1.00000000       2.26056663E+25
   120.77114042448865        1.00000000       2.26056663E+25
   120.87257454628985        1.00000000       2.26056663E+25
   120.97400866809106        1.00000000       2.26056663E+25
   121.07544278989226        1.00000000       2.26056663E+25
   121.17687691169347        1.00000000       2.26056663E+25
   121.27831103349467        1.00000000       2.26056663E+25
   121.37974515529588        1.00000000       2.26056663E+25
   121.48117927709708        1.00000000       2.26056663E+25
   121.58261339889829        1.00000000       2.26056663E+25
   121.68404752069949        1.00000000       2.26056663E+25
   121.78548164250070        1.00000000       2.26056663E+25
   121.88691576430190        1.00000000       2.26056663E+25
   121.98834988610311        1.00000000       2.26056663E+25
   122.08978400790431        1.00000000       2.26056663E+25
   122.19121812970552        1.00000000       2.26056663E+25
   122.29265225150672        1.00000000       2.26056663E+25
   122.39408637330793        1.00000000       2.26056663E+25
   122.49552049510913        1.00000000       2.26056663E+25
   122.59695461691034        1.00000000       2.26056663E+25
   122.69838873871154        1.00000000       2.26056663E+25
   122.79982286051275        1.00000000       2.26056663E+25
   122.90125698231395        1.00000000       2.26056663E+25
   123.00269110411517        1.00000000       2.26056663E+25
   123.10412522591638        1.00000000       2.26056663E+25
   123.20555934771758        1.00000000       2.26056663E+25
   123.30699346951879        1.00000000       2.26056663E+25
   123.40842759131999        1.00000000       2.26056663E+25
   123.50986171312118        1.00000000       2.26056663E+25
   123.61129583492240        1.00000000       2.26056663E+25
   123.71272995672359        1.00000000       2.26056663E+25
   123.81416407852481        1.00000000       2.26056663E+25
   123.91559820032600        1.00000000       2.26056663E+25
   124.01703232212722        1.00000000       2.26056663E+25
   124.11846644392841        1.00000000       2.26056663E+25
   124.21990056572963        1.00000000       2.26056663E+25
   124.32133468753082        1.00000000       2.26056663E+25
   124.42276880933204        1.00000000       2.26056663E+25
   124.52420293113323        1.00000000       2.26056663E+25
   124.62563705293445        1.00000000       2.26056663E+25
   124.72707117473567        1.00000000       2.26056663E+25
   124.82850529653686        1.00000000       2.26056663E+25
   124.92993941833808        1.00000000       2.26056663E+25
   125.03137354013927        1.00000000       2.26056663E+25
   125.13280766194049        1.00000000       2.26056663E+25
   125.23424178374168        1.00000000       2.26056663E+25
   125.33567590554290        1.00000000       2.26056663E+25
   125.43711002734409        1.00000000       2.26056663E+25
   125.53854414914531        1.00000000       2.26056663E+25
   125.63997827094650        1.00000000       2.26056663E+25
   125.74141239274772        1.00000000       2.26056663E+25
   125.84284651454891        1.00000000       2.26056663E+25
   125.94428063635013        1.00000000       2.26056663E+25
   126.04571475815132        1.00000000       2.26056663E+25
   126.14714887995254        1.00000000       2.26056663E+25
   126.24858300175373        1.00000000       2.26056663E+25
   126.35001712355495        1.00000000       2.26056663E+25
   126.45145124535614        1.00000000       2.26056663E+25
   126.55288536715736        1.00000000       2.26056663E+25
   126.65431948895855        1.00000000       2.26056663E+25
   126.75575361075977        1.00000000       2.26056663E+25
   126.85718773256096        1.00000000       2.26056663E+25
   126.95862185436218        1.00000000       2.26056663E+25
   127.06005597616337        1.00000000       2.26056663E+25
   127.16149009796459        1.00000000       2.26056663E+25
   127.26292421976578        1.00000000       2.26056663E+25
   127.36435834156700        1.00000000       2.26056663E+25
   127.46579246336819        1.00000000       2.26056663E+25
   127.56722658516941        1.00000000       2.26056663E+25
   127.66866070697060        1.00000000       2.26056663E+25
   127.77009482877182        1.00000000       2.26056663E+25
   127.87152895057304        1.00000000       2.26056663E+25
   127.97296307237423        1.00000000       2.26056663E+25
   128.07439719417545        1.00000000       2.26056663E+25
   128.17583131597664        1.00000000       2.26056663E+25
   128.27726543777786        1.00000000       2.26056663E+25
   128.37869955957905        1.00000000       2.26056663E+25
   128.48013368138027        1.00000000       2.26056663E+25
   128.58156780318146        1.00000000       2.26056663E+25
   128.68300192498268        1.00000000       2.26056663E+25
   128.78443604678387        1.00000000       2.26056663E+25
   128.88587016858509        1.00000000       2.26056663E+25
   128.98730429038628        1.00000000       2.26056663E+25
   129.08873841218750        1.00000000       2.26056663E+25
   129.19017253398869        1.00000000       2.26056663E+25
   129.29160665578991        1.00000000       2.26056663E+25
   129.39304077759110        1.00000000       2.26056663E+25
   129.49447489939232        1.00000000       2.26056663E+25
   129.59590902119351        1.00000000       2.26056663E+25
   129.69734314299473        1.00000000       2.26056663E+25
   129.79877726479592        1.00000000       2.26056663E+25
   129.90021138659714        1.00000000       2.26056663E+25
   130.00164550839833        1.00000000       2.26056663E+25
   130.10307963019955        1.00000000       2.26056663E+25
   130.20451375200074        1.00000000       2.26056663E+25
   130.30594787380195        1.00000000       2.26056663E+25
   130.40738199560315        1.00000000       2.26056663E+25
   130.50881611740436        1.00000000       2.26056663E+25
   130.61025023920556        1.00000000       2.26056663E+25
   130.71168436100677        1.00000000       2.26056663E+25
   130.81311848280797        1.00000000       2.26056663E+25
   130.91455260460918        1.00000000       2.26056663E+25
   131.01598672641040        1.00000000       2.26056663E+25
   131.11742084821159        1.00000000       2.26056663E+25
   131.21885497001281        1.00000000       2.26056663E+25
   131.32028909181400        1.00000000       2.26056663E+25
   131.42172321361522        1.00000000       2.26056663E+25
   131.52315733541641        1.00000000       2.26056663E+25
   131.62459145721763        1.00000000       2.26056663E+25
   131.72602557901882        1.00000000       2.26056663E+25
   131.82745970082004        1.00000000       2.26056663E+25
   131.92889382262123        1.00000000       2.26056663E+25
   132.03032794442245        1.00000000       2.26056663E+25
   132.13176206622364        1.00000000       2.26056663E+25
   132.23319618802486        1.00000000       2.26056663E+25
   132.33463030982605        1.00000000       2.26056663E+25
   132.43606443162727        1.00000000       2.26056663E+25
   132.53749855342846        1.00000000       2.26056663E+25
   132.63893267522968        1.00000000       2.26056663E+25
   132.74036679703087        1.00000000       2.26056663E+25
   132.84180091883209        1.00000000       2.26056663E+25
   132.94323504063328        1.00000000       2.26056663E+25
   133.04466916243450        1.00000000       2.26056663E+25
   133.14610328423569        1.00000000       2.26056663E+25
   133.24753740603691        1.00000000       2.26056663E+25
   133.34897152783810        1.00000000       2.26056663E+25
   133.45040564963932        1.00000000       2.26056663E+25
   133.55183977144051        1.00000000       2.26056663E+25
   133.65327389324173        1.00000000       2.26056663E+25
   133.75470801504292        1.00000000       2.26056663E+25
   133.85614213684414        1.00000000       2.26056663E+25
   133.95757625864533        1.00000000       2.26056663E+25
   134.05901038044655        1.00000000       2.26056663E+25
   134.16044450224777        1.00000000       2.26056663E+25
   134.26187862404896        1.00000000       2.26056663E+25
   134.36331274585018        1.00000000       2.26056663E+25
   134.46474686765137        1.00000000       2.26056663E+25
   134.56618098945259        1.00000000       2.26056663E+25
   134.66761511125378        1.00000000       2.26056663E+25
   134.76904923305500        1.00000000       2.26056663E+25
   134.87048335485619        1.00000000       2.26056663E+25
   134.97191747665741        1.00000000       2.26056663E+25
   135.07335159845860        1.00000000       2.26056663E+25
   135.17478572025982        1.00000000       2.26056663E+25
   135.27621984206101        1.00000000       2.26056663E+25
   135.37765396386223        1.00000000       2.26056663E+25
   135.47908808566342        1.00000000       2.26056663E+25
   135.58052220746464        1.00000000       2.26056663E+25
   135.68195632926583        1.00000000       2.26056663E+25
   135.78339045106705        1.00000000       2.26056663E+25
   135.88482457286824        1.00000000       2.26056663E+25
   135.98625869466946        1.00000000       2.26056663E+25
   136.08769281647065        1.00000000       2.26056663E+25
   136.18912693827187        1.00000000       2.26056663E+25
   136.29056106007306        1.00000000       2.26056663E+25
   136.39199518187428        1.00000000       2.26056663E+25
   136.49342930367547        1.00000000       2.26056663E+25
   136.59486342547669        1.00000000       2.26056663E+25
   136.69629754727788        1.00000000       2.26056663E+25
   136.79773166907910        1.00000000       2.26056663E+25
   136.89916579088029        1.00000000       2.26056663E+25
   137.00059991268151        1.00000000       2.26056663E+25
   137.10203403448270        1.00000000       2.26056663E+25
   137.20346815628392        1.00000000       2.26056663E+25
   137.30490227808514        1.00000000       2.26056663E+25
   137.40633639988633        1.00000000       2.26056663E+25
   137.50777052168755        1.00000000       2.26056663E+25
   137.60920464348874        1.00000000       2.26056663E+25
   137.71063876528996        1.00000000       2.26056663E+25
   137.81207288709115        1.00000000       2.26056663E+25
   137.91350700889237        1.00000000       2.26056663E+25
   138.01494113069356        1.00000000       2.26056663E+25
   138.11637525249478        1.00000000       2.26056663E+25
   138.21780937429597        1.00000000       2.26056663E+25
   138.31924349609719        1.00000000       2.26056663E+25
   138.42067761789838        1.00000000       2.26056663E+25
   138.52211173969960        1.00000000       2.26056663E+25
   138.62354586150079        1.00000000       2.26056663E+25
   138.72497998330201        1.00000000       2.26056663E+25
   138.82641410510320        1.00000000       2.26056663E+25
   138.92784822690442        1.00000000       2.26056663E+25
   139.02928234870561        1.00000000       2.26056663E+25
   139.13071647050683        1.00000000       2.26056663E+25
   139.23215059230802        1.00000000       2.26056663E+25
   139.33358471410924        1.00000000       2.26056663E+25
   139.43501883591043        1.00000000       2.26056663E+25
   139.53645295771165        1.00000000       2.26056663E+25
   139.63788707951284        1.00000000       2.26056663E+25
   139.73932120131406        1.00000000       2.26056663E+25
   139.84075532311525        1.00000000       2.26056663E+25
   139.94218944491647        1.00000000       2.26056663E+25
   140.04362356671766        1.00000000       2.26056663E+25
   140.14505768851888        1.00000000       2.26056663E+25
   140.24649181032007        1.00000000       2.26056663E+25
   140.34792593212129        1.00000000       2.26056663E+25
   140.44936005392250        1.00000000       2.26056663E+25
   140.55079417572369        1.00000000       2.26056663E+25
   140.65222829752491        1.00000000       2.26056663E+25
   140.75366241932610        1.00000000       2.26056663E+25
   140.85509654112732        1.00000000       2.26056663E+25
   140.95653066292851        1.00000000       2.26056663E+25
   141.05796478472973        1.00000000       2.26056663E+25
   141.15939890653092        1.00000000       2.26056663E+25
   141.26083302833214        1.00000000       2.26056663E+25
   141.36226715013333        1.00000000       2.26056663E+25
   141.46370127193455        1.00000000       2.26056663E+25
   141.56513539373574        1.00000000       2.26056663E+25
   141.66656951553696        1.00000000       2.26056663E+25
   141.76800363733815        1.00000000       2.26056663E+25
   141.86943775913937        1.00000000       2.26056663E+25
   141.97087188094056        1.00000000       2.26056663E+25
   142.07230600274178        1.00000000       2.26056663E+25
   142.17374012454297        1.00000000       2.26056663E+25
   142.27517424634419        1.00000000       2.26056663E+25
   142.37660836814538        1.00000000       2.26056663E+25
   142.47804248994660        1.00000000       2.26056663E+25
   142.57947661174779        1.00000000       2.26056663E+25
   142.68091073354901        1.00000000       2.26056663E+25
   142.78234485535020        1.00000000       2.26056663E+25
   142.88377897715142        1.00000000       2.26056663E+25
   142.98521309895261        1.00000000       2.26056663E+25
   143.08664722075383        1.00000000       2.26056663E+25
   143.18808134255502        1.00000000       2.26056663E+25
   143.28951546435624        1.00000000       2.26056663E+25
   143.39094958615743        1.00000000       2.26056663E+25
   143.49238370795865        1.00000000       2.26056663E+25
   143.59381782975987        1.00000000       2.26056663E+25
   143.69525195156106        1.00000000       2.26056663E+25
   143.79668607336228        1.00000000       2.26056663E+25
   143.89812019516347        1.00000000       2.26056663E+25
   143.99955431696469        1.00000000       2.26056663E+25
   144.10098843876588        1.00000000       2.26056663E+25
   144.20242256056710        1.00000000       2.26056663E+25
   144.30385668236829        1.00000000       2.26056663E+25
   144.40529080416951        1.00000000       2.26056663E+25
   144.50672492597070        1.00000000       2.26056663E+25
   144.60815904777192        1.00000000       2.26056663E+25
   144.70959316957311        1.00000000       2.26056663E+25
   144.81102729137433        1.00000000       2.26056663E+25
   144.91246141317552        1.00000000       2.26056663E+25
   145.01389553497674        1.00000000       2.26056663E+25
   145.11532965677793        1.00000000       2.26056663E+25
   145.21676377857915        1.00000000       2.26056663E+25
   145.31819790038034        1.00000000       2.26056663E+25
   145.41963202218156        1.00000000       2.26056663E+25
   145.52106614398275        1.00000000       2.26056663E+25
   145.62250026578397        1.00000000       2.26056663E+25
   145.72393438758516        1.00000000       2.26056663E+25
   145.82536850938638        1.00000000       2.26056663E+25
   145.92680263118757        1.00000000       2.26056663E+25
   146.02823675298879        1.00000000       2.26056663E+25
   146.12967087478998        1.00000000       2.26056663E+25
   146.23110499659120        1.00000000       2.26056663E+25
   146.33253911839239        1.00000000       2.26056663E+25
   146.43397324019361        1.00000000       2.26056663E+25
   146.53540736199480        1.00000000       2.26056663E+25
   146.63684148379602        1.00000000       2.26056663E+25
   146.73827560559724        1.00000000       2.26056663E+25
   146.83970972739843        1.00000000       2.26056663E+25
   146.94114384919965        1.00000000       2.26056663E+25
   147.04257797100084        1.00000000       2.26056663E+25
   147.14401209280206        1.00000000       2.26056663E+25
   147.24544621460325        1.00000000       2.26056663E+25
   147.34688033640447        1.00000000       2.26056663E+25
   147.44831445820566        1.00000000       2.26056663E+25
   147.54974858000688        1.00000000       2.26056663E+25
   147.65118270180807        1.00000000       2.26056663E+25
   147.75261682360929        1.00000000       2.26056663E+25
   147.85405094541048        1.00000000       2.26056663E+25
   147.95548506721170        1.00000000       2.26056663E+25
   148.05691918901289        1.00000000       2.26056663E+25
   148.15835331081411        1.00000000       2.26056663E+25
   148.25978743261530        1.00000000       2.26056663E+25
   148.36122155441652        1.00000000       2.26056663E+25
   148.46265567621771        1.00000000       2.26056663E+25
   148.56408979801893        1.00000000       2.26056663E+25
   148.66552391982012        1.00000000       2.26056663E+25
   148.76695804162134        1.00000000       2.26056663E+25
   148.86839216342253        1.00000000       2.26056663E+25
   148.96982628522375        1.00000000       2.26056663E+25
   149.07126040702494        1.00000000       2.26056663E+25
   149.17269452882616        1.00000000       2.26056663E+25
   149.27412865062735        1.00000000       2.26056663E+25
   149.37556277242857        1.00000000       2.26056663E+25
   149.47699689422976        1.00000000       2.26056663E+25
   149.57843101603098        1.00000000       2.26056663E+25
   149.67986513783217        1.00000000       2.26056663E+25
   149.78129925963339        1.00000000       2.26056663E+25
   149.88273338143460        1.00000000       2.26056663E+25
   149.98416750323580        1.00000000       2.26056663E+25
   150.08560162503701        1.00000000       2.26056663E+25
   150.18703574683821        1.00000000       2.26056663E+25
   150.28846986863942        1.00000000       2.26056663E+25
   150.38990399044062        1.00000000       2.26056663E+25
   150.49133811224183        1.00000000       2.26056663E+25
   150.59277223404303        1.00000000       2.26056663E+25
   150.69420635584424        1.00000000       2.26056663E+25
   150.79564047764543        1.00000000       2.26056663E+25
   150.89707459944665        1.00000000       2.26056663E+25
   150.99850872124784        1.00000000       2.26056663E+25
   151.09994284304906        1.00000000       2.26056663E+25
   151.20137696485025        1.00000000       2.26056663E+25
   151.30281108665147        1.00000000       2.26056663E+25
   151.40424520845266        1.00000000       2.26056663E+25
   151.50567933025388        1.00000000       2.26056663E+25
   151.60711345205507        1.00000000       2.26056663E+25
   151.70854757385629        1.00000000       2.26056663E+25
   151.80998169565748        1.00000000       2.26056663E+25
   151.91141581745870        1.00000000       2.26056663E+25
   152.01284993925989        1.00000000       2.26056663E+25
   152.11428406106111        1.00000000       2.26056663E+25
   152.21571818286230        1.00000000       2.26056663E+25
   152.31715230466352        1.00000000       2.26056663E+25
   152.41858642646471        1.00000000       2.26056663E+25
   152.52002054826593        1.00000000       2.26056663E+25
   152.62145467006712        1.00000000       2.26056663E+25
   152.72288879186834        1.00000000       2.26056663E+25
   152.82432291366953        1.00000000       2.26056663E+25
   152.92575703547075        1.00000000       2.26056663E+25
   153.02719115727197        1.00000000       2.26056663E+25
   153.12862527907316        1.00000000       2.26056663E+25
   153.23005940087438        1.00000000       2.26056663E+25
   153.33149352267557        1.00000000       2.26056663E+25
   153.43292764447679        1.00000000       2.26056663E+25
   153.53436176627798        1.00000000       2.26056663E+25
   153.63579588807920        1.00000000       2.26056663E+25
   153.73723000988039        1.00000000       2.26056663E+25
   153.83866413168161        1.00000000       2.26056663E+25
   153.94009825348280        1.00000000       2.26056663E+25
   154.04153237528402        1.00000000       2.26056663E+25
   154.14296649708521        1.00000000       2.26056663E+25
   154.24440061888643        1.00000000       2.26056663E+25
   154.34583474068762        1.00000000       2.26056663E+25
   154.44726886248884        1.00000000       2.26056663E+25
   154.54870298429003        1.00000000       2.26056663E+25
   154.65013710609125        1.00000000       2.26056663E+25
   154.75157122789244        1.00000000       2.26056663E+25
   154.85300534969366        1.00000000       2.26056663E+25
   154.95443947149485        1.00000000       2.26056663E+25
   155.05587359329607        1.00000000       2.26056663E+25
   155.15730771509726        1.00000000       2.26056663E+25
   155.25874183689848        1.00000000       2.26056663E+25
   155.36017595869967        1.00000000       2.26056663E+25
   155.46161008050089        1.00000000       2.26056663E+25
   155.56304420230208        1.00000000       2.26056663E+25
   155.66447832410330        1.00000000       2.26056663E+25
   155.76591244590449        1.00000000       2.26056663E+25
   155.86734656770571        1.00000000       2.26056663E+25
   155.96878068950690        1.00000000       2.26056663E+25
   156.07021481130812        1.00000000       2.26056663E+25
   156.17164893310934        1.00000000       2.26056663E+25
   156.27308305491053        1.00000000       2.26056663E+25
   156.37451717671175        1.00000000       2.26056663E+25
   156.47595129851294        1.00000000       2.26056663E+25
   156.57738542031416        1.00000000       2.26056663E+25
   156.67881954211535        1.00000000       2.26056663E+25
   156.78025366391657        1.00000000       2.26056663E+25
   156.88168778571776        1.00000000       2.26056663E+25
   156.98312190751898        1.00000000       2.26056663E+25
   157.08455602932017        1.00000000       2.26056663E+25
   157.18599015112139        1.00000000       2.26056663E+25
   157.28742427292258        1.00000000       2.26056663E+25
   157.38885839472380        1.00000000       2.26056663E+25
   157.49029251652499        1.00000000       2.26056663E+25
   157.59172663832621        1.00000000       2.26056663E+25
   157.69316076012740        1.00000000       2.26056663E+25
