  -4.50000000         0.00000000    
  -4.39856577         0.00000000    
  -4.29713154         0.00000000    
  -4.19569778         0.00000000    
  -4.09426355         0.00000000    
  -3.99282932         0.00000000    
  -3.89139533         0.00000000    
  -3.78996110         0.00000000    
  -3.68852711         0.00000000    
  -3.58709288         0.00000000    
  -3.48565888         0.00000000    
  -3.38422465         0.00000000    
  -3.28279042         0.00000000    
  -3.18135643         0.00000000    
  -3.07992220         0.00000000    
  -2.97848821         0.00000000    
  -2.87705398         0.00000000    
  -2.77561998         0.00000000    
  -2.67418575         0.00000000    
  -2.57275176         0.00000000    
  -2.47131753         0.00000000    
  -2.36988354         0.00000000    
  -2.26844931         0.00000000    
  -2.16701531         0.00000000    
  -2.06558108         0.00000000    
  -1.96414697         0.00000000    
  -1.86271286         0.00000000    
  -1.76127875         0.00000000    
  -1.65984464         0.00000000    
  -1.55841053         0.00000000    
  -1.45697629         0.00000000    
  -1.35554218         0.00000000    
  -1.25410807         0.00000000    
  -1.15267396         0.00000000    
  -1.05123985         0.00000000    
 -0.949805737         0.00000000    
 -0.848371625         0.00000000    
 -0.746937513         0.00000000    
 -0.645503342         0.00000000    
 -0.544069231         0.00000000    
 -0.442635119         0.00000000    
 -0.341201007         0.00000000    
 -0.239766881         0.00000000    
 -0.138332769         0.00000000    
  -3.68986391E-02     0.00000000    
   6.45354837E-02     0.00000000    
  0.165969610         0.00000000    
  0.267403722         0.00000000    
  0.368837833         0.00000000    
  0.470271975         0.00000000    
  0.571706116         0.00000000    
  0.673140228         0.00000000    
  0.774574339         0.00000000    
  0.876008451         0.00000000    
  0.977442563         0.00000000    
   1.07887673         0.00000000    
   1.18031085         0.00000000    
   1.28174496         0.00000000    
   1.38317907         0.00000000    
   1.48461318         0.00000000    
   1.58604729         0.00000000    
   1.68748140         0.00000000    
   1.78891551         0.00000000    
   1.89034963         0.00000000    
   1.99178374         0.00000000    
   2.09321785         0.00000000    
   2.19465208         0.00000000    
   2.29608607         0.00000000    
   2.39752030         0.00000000    
   2.49895430         0.00000000    
   2.60038853         0.00000000    
   2.70182276         0.00000000    
   2.80325675         0.00000000    
   2.90469098         0.00000000    
   3.00612497         0.00000000    
   3.10755920         0.00000000    
   3.20899320         0.00000000    
   3.31042743         0.00000000    
   3.41186142         0.00000000    
   3.51329565         0.00000000    
   3.61472964         0.00000000    
   3.71616387         0.00000000    
   3.81759810         0.00000000    
   3.91903210         0.00000000    
   4.02046633         0.00000000    
   4.12190056         0.00000000    
   4.22333431         0.00000000    
   4.32476854         0.00000000    
   4.42620277         0.00000000    
   4.52763700         0.00000000    
   4.62907076         0.00000000    
   4.73050499         0.00000000    
   4.83193922         0.00000000    
   4.93337345         0.00000000    
   5.03480768         0.00000000    
   5.13624144         0.00000000    
   5.23767567         0.00000000    
   5.33910990         0.00000000    
   5.44054413         0.00000000    
   5.54197788         0.00000000    
   5.64341211         0.00000000    
   5.74484634         0.00000000    
   5.84628057         0.00000000    
   5.94771433         0.00000000    
   6.04914856         0.00000000    
   6.15058279         0.00000000    
   6.25201702         0.00000000    
   6.35345125         0.00000000    
   6.45488501         0.00000000    
   6.55631924         0.00000000    
   6.65775347         0.00000000    
   6.75918770         0.00000000    
   6.86062145         0.00000000    
   6.96205568         0.00000000    
   7.06348991         0.00000000    
   7.16492414         0.00000000    
   7.26635790         0.00000000    
   7.36779213         0.00000000    
   7.46922636         0.00000000    
   7.57066059         0.00000000    
   7.67209482         0.00000000    
   7.77352858         0.00000000    
   7.87496281         0.00000000    
   7.97639704         0.00000000    
   8.07783127         0.00000000    
   8.17926502         0.00000000    
   8.28069973         0.00000000    
   8.38213348         0.00000000    
   8.48356724         0.00000000    
   8.58500195         0.00000000    
   8.68643570         0.00000000    
   8.78787041         0.00000000    
   8.88930416         0.00000000    
   8.99073792         0.00000000    
   9.09217262         0.00000000    
   9.19360638         0.00000000    
   9.29504013         0.00000000    
   9.39647484         0.00000000    
   9.49790859         0.00000000    
   9.59934330         0.00000000    
   9.70077705         0.00000000    
   9.80221081         0.00000000    
   9.90364552         0.00000000    
   10.0050793         0.00000000    
   10.1065140         0.00000000    
   10.2079477         0.00000000    
   10.3093815         0.00000000    
   10.4108162         0.00000000    
   10.5122499         0.00000000    
   10.6136837         0.00000000    
   10.7151184         0.00000000    
   10.8165522         0.00000000    
   10.9179869         0.00000000    
   11.0194206         0.00000000    
   11.1208544         0.00000000    
   11.2222891         0.00000000    
   11.3237228         0.00000000    
   11.4251575         0.00000000    
   11.5265913         0.00000000    
   11.6280251         0.00000000    
   11.7294598         0.00000000    
   11.8308935         0.00000000    
   11.9323273         0.00000000    
   12.0337620         0.00000000    
   12.1351957         0.00000000    
   12.2366304         0.00000000    
   12.3380642         0.00000000    
   12.4394979         0.00000000    
   12.5409327         0.00000000    
   12.6423664         0.00000000    
   12.7438011         0.00000000    
   12.8452349         0.00000000    
   12.9466686         0.00000000    
   13.0481033         0.00000000    
   13.1495371         0.00000000    
   13.2509708         0.00000000    
   13.3524055         0.00000000    
   13.4538393         0.00000000    
   13.5552740         0.00000000    
   13.6567078         0.00000000    
   13.7581415         0.00000000    
   13.8595762         0.00000000    
   13.9610100         0.00000000    
   14.0624447         0.00000000    
   14.1638784         0.00000000    
   14.2653122         0.00000000    
   14.3667469         0.00000000    
   14.4681807         0.00000000    
   14.5696154         0.00000000    
   14.6710491         0.00000000    
   14.7724829         0.00000000    
   14.8739176         0.00000000    
   14.9753513         0.00000000    
   15.0767851         0.00000000    
   15.1782198         0.00000000    
   15.2796535         0.00000000    
   15.3810883         0.00000000    
   15.4825220         0.00000000    
   15.5839558         0.00000000    
   15.6853905         0.00000000    
   15.7868242         0.00000000    
   15.8882589         0.00000000    
   15.9896927         0.00000000    
   16.0911274         0.00000000    
   16.1925602         0.00000000    
   16.2939949         0.00000000    
   16.3954296         0.00000000    
   16.4968624         0.00000000    
   16.5982971         0.00000000    
   16.6997318         0.00000000    
   16.8011646         0.00000000    
   16.9025993         0.00000000    
   17.0040340         0.00000000    
   17.1054688         0.00000000    
   17.2069016         0.00000000    
   17.3083363         0.00000000    
   17.4097710         0.00000000    
   17.5112038         0.00000000    
   17.6126385         0.00000000    
   17.7140732         0.00000000    
   17.8155060         0.00000000    
   17.9169407         0.00000000    
   18.0183754         0.00000000    
   18.1198101         0.00000000    
   18.2212429         0.00000000    
   18.3226776         0.00000000    
   18.4241123         0.00000000    
   18.5255451         0.00000000    
   18.6269798         0.00000000    
   18.7284145         0.00000000    
   18.8298473         0.00000000    
   18.9312820         0.00000000    
   19.0327168         0.00000000    
   19.1341496         0.00000000    
   19.2355843         0.00000000    
   19.3370190         0.00000000    
   19.4384537         0.00000000    
   19.5398865         0.00000000    
   19.6413212         0.00000000    
   19.7427559         0.00000000    
   19.8441887         0.00000000    
   19.9456234         0.00000000    
   20.0470581         0.00000000    
   20.1484909         0.00000000    
   20.2499256         0.00000000    
   20.3513603         0.00000000    
   20.4527931         0.00000000    
   20.5542278         0.00000000    
   20.6556625         0.00000000    
   20.7570972         0.00000000    
   20.8585300         0.00000000    
   20.9599648         0.00000000    
   21.0613995         0.00000000    
   21.1628323         0.00000000    
   21.2642670         0.00000000    
   21.3657017         0.00000000    
   21.4671345         0.00000000    
   21.5685692         0.00000000    
   21.6700039         0.00000000    
   21.7714367         0.00000000    
   21.8728714         0.00000000    
   21.9743061         0.00000000    
   22.0757408         0.00000000    
   22.1771736         0.00000000    
   22.2786083         0.00000000    
   22.3800430         0.00000000    
   22.4814758         0.00000000    
   22.5829105         0.00000000    
   22.6843452         0.00000000    
   22.7857780         0.00000000    
   22.8872128         0.00000000    
   22.9886475         0.00000000    
   23.0900803         0.00000000    
   23.1915150         0.00000000    
   23.2929497         0.00000000    
   23.3943844         0.00000000    
   23.4958172         0.00000000    
   23.5972519         0.00000000    
   23.6986866         0.00000000    
   23.8001194         0.00000000    
   23.9015541         0.00000000    
   24.0029888         0.00000000    
   24.1044216         0.00000000    
   24.2058563         0.00000000    
   24.3072910         0.00000000    
   24.4087238         0.00000000    
   24.5101585         0.00000000    
   24.6115932         0.00000000    
   24.7130280         0.00000000    
   24.8144608         0.00000000    
   24.9158955         0.00000000    
   25.0173302         0.00000000    
   25.1187630         0.00000000    
   25.2201977         0.00000000    
   25.3216324         0.00000000    
   25.4230652         0.00000000    
   25.5244999         0.00000000    
   25.6259346         0.00000000    
   25.7273674         0.00000000    
   25.8288021         0.00000000    
   25.9302368         0.00000000    
   26.0316715         0.00000000    
   26.1331043         0.00000000    
   26.2345390         0.00000000    
   26.3359737         0.00000000    
   26.4374065         0.00000000    
   26.5388412         0.00000000    
   26.6402760         0.00000000    
   26.7417088         0.00000000    
   26.8431435         0.00000000    
   26.9445782         0.00000000    
   27.0460110         0.00000000    
   27.1474457         0.00000000    
   27.2488804         0.00000000    
   27.3503151         0.00000000    
   27.4517479         0.00000000    
   27.5531826         0.00000000    
   27.6546173         0.00000000    
   27.7560501         0.00000000    
   27.8574848         0.00000000    
   27.9589195         0.00000000    
   28.0603523         0.00000000    
   28.1617870         0.00000000    
   28.2632217         0.00000000    
   28.3646545         0.00000000    
   28.4660892         0.00000000    
   28.5675240         0.00000000    
   28.6689587         0.00000000    
   28.7703915         0.00000000    
   28.8718262         0.00000000    
   28.9732609         0.00000000    
   29.0746937         0.00000000    
   29.1761284         0.00000000    
   29.2775631         0.00000000    
   29.3789959         0.00000000    
   29.4804306         0.00000000    
   29.5818653         0.00000000    
   29.6832981         0.00000000    
   29.7847328         0.00000000    
   29.8861675         0.00000000    
   29.9876022         0.00000000    
   30.0890350         0.00000000    
   30.1904697         0.00000000    
   30.2919044         0.00000000    
   30.3933372         0.00000000    
   30.4947720         0.00000000    
   30.5962067         0.00000000    
   30.6976395         0.00000000    
   30.7990742         0.00000000    
   30.9005089         0.00000000    
   31.0019417         0.00000000    
   31.1033764         0.00000000    
   31.2048111         0.00000000    
   31.3062458         0.00000000    
   31.4076786         0.00000000    
   31.5091133         0.00000000    
   31.6105480         0.00000000    
   31.7119808         0.00000000    
   31.8134155         0.00000000    
   31.9148502         0.00000000    
   32.0162849         0.00000000    
   32.1177177         0.00000000    
   32.2191505         0.00000000    
   32.3205872         0.00000000    
   32.4220200         0.00000000    
   32.5234528         0.00000000    
   32.6248894         0.00000000    
   32.7263222         0.00000000    
   32.8277550         0.00000000    
   32.9291916         0.00000000    
   33.0306244         0.00000000    
   33.1320610         0.00000000    
   33.2334938         0.00000000    
   33.3349266         0.00000000    
   33.4363632         0.00000000    
   33.5377960         0.00000000    
   33.6392288         0.00000000    
   33.7406654         0.00000000    
   33.8420982         0.00000000    
   33.9435310         0.00000000    
   34.0449677         0.00000000    
   34.1464005         0.00000000    
   34.2478333         0.00000000    
   34.3492699         0.00000000    
   34.4507027         0.00000000    
   34.5521355         0.00000000    
   34.6535721         0.00000000    
   34.7550049         0.00000000    
   34.8564377         0.00000000    
   34.9578743         0.00000000    
   35.0593071         0.00000000    
   35.1607399         0.00000000    
   35.2621765         0.00000000    
   35.3636093         0.00000000    
   35.4650421         0.00000000    
   35.5664787         0.00000000    
   35.6679115         0.00000000    
   35.7693481         0.00000000    
   35.8707809         0.00000000    
   35.9722137         0.00000000    
   36.0736504         0.00000000    
   36.1750832         0.00000000    
   36.2765160         0.00000000    
   36.3779526         0.00000000    
   36.4793854         0.00000000    
   36.5808182         0.00000000    
   36.6822548         0.00000000    
   36.7836876         0.00000000    
   36.8851204         0.00000000    
   36.9865570         0.00000000    
   37.0879898         0.00000000    
   37.1894226         0.00000000    
   37.2908592         0.00000000    
   37.3922920         0.00000000    
   37.4937248         0.00000000    
   37.5951614         0.00000000    
   37.6965942         0.00000000    
   37.7980270         0.00000000    
   37.8994637         0.00000000    
   38.0008965         0.00000000    
   38.1023293         0.00000000    
   38.2037659         0.00000000    
   38.3051987         0.00000000    
   38.4066353         0.00000000    
   38.5080681         0.00000000    
   38.6095009         0.00000000    
   38.7109375         0.00000000    
   38.8123703         0.00000000    
   38.9138031         0.00000000    
   39.0152397         0.00000000    
   39.1166725         0.00000000    
   39.2181053         0.00000000    
   39.3195419         0.00000000    
   39.4209747         0.00000000    
   39.5224075         0.00000000    
   39.6238441         0.00000000    
   39.7252769         0.00000000    
   39.8267097         0.00000000    
   39.9281464         2.24139310E-32
   40.0295792         6.59678320E-32
   40.1310120         1.29572991E-31
   40.2324486         1.93179519E-31
   40.3338814         2.10757744E-31
   40.4353142         1.80817115E-31
   40.5367508         1.07698064E-31
   40.6381836         1.07245985E-32
   40.7396202        -7.39768453E-32
   40.8410530        -1.51972165E-31
   40.9424858        -1.66901120E-31
   41.0439224        -1.42671924E-31
   41.1453552        -1.02606304E-31
   41.2467880        -5.31528100E-32
   41.3482246        -6.99894332E-32
   41.4496574        -1.71009519E-31
   41.5510902        -3.89418826E-31
   41.6525269        -7.21496145E-31
   41.7539597        -1.12095339E-30
   41.8553925        -1.53473285E-30
   41.9568291        -1.90009803E-30
   42.0582619        -2.12192924E-30
   42.1596947        -2.21477317E-30
   42.2611313        -2.12842060E-30
   42.3625641        -1.84202410E-30
   42.4639969        -1.26348452E-30
   42.5654335        -3.68064608E-31
   42.6668663         7.87285790E-31
   42.7682991         2.24278755E-30
   42.8697357         3.97155907E-30
   42.9711685         5.89535732E-30
   43.0726013         7.84815775E-30
   43.1740379         9.62987918E-30
   43.2754707         1.09989671E-29
   43.3769073         1.17573005E-29
   43.4783401         1.16531386E-29
   43.5797729         1.06100827E-29
   43.6812096         8.40690464E-30
   43.7826424         5.04954456E-30
   43.8840752         5.50894957E-31
   43.9855118        -3.85767341E-30
   44.0869446        -1.14214823E-29
   44.1883774        -2.25332374E-29
   44.2898140        -3.49888117E-29
   44.3912468        -5.02275367E-29
   44.4926796        -6.75126376E-29
   44.5941162        -8.74172981E-29
   44.6955490        -1.09538409E-28
   44.7969818        -1.31121439E-28
   44.8984184        -1.49244633E-28
   44.9998512        -1.64349364E-28
   45.1012840        -1.70067462E-28
   45.2027206        -1.56813393E-28
   45.3041534        -1.21381675E-28
   45.4055862        -6.75205640E-29
   45.5070229         1.01580677E-29
   45.6084557         1.14157307E-28
   45.7098885         2.49710804E-28
   45.8113251         4.09252987E-28
   45.9127579         5.87795119E-28
   46.0141945         7.76001278E-28
   46.1156273         9.65615533E-28
   46.2170601         1.14415068E-27
   46.3184967         1.29560697E-27
   46.4199295         1.39953766E-27
   46.5213623         1.43767261E-27
   46.6227989         1.39681728E-27
   46.7242317         1.26602806E-27
   46.8256645         1.03604660E-27
   46.9271011         7.10359904E-28
   47.0285339         2.99870398E-28
   47.1299667        -1.88379758E-28
   47.2314034        -7.35482168E-28
   47.3328362        -1.33580710E-27
   47.4342690        -1.96761747E-27
   47.5357056        -2.61111111E-27
   47.6371384        -3.24706473E-27
   47.7385712        -3.85844657E-27
   47.8400078        -4.42256994E-27
   47.9414406        -4.90967653E-27
   48.0428734        -5.29267504E-27
   48.1443100        -5.53275454E-27
   48.2457428        -5.58251479E-27
   48.3471756        -5.39604317E-27
   48.4486122        -4.92516485E-27
   48.5500450        -4.13422086E-27
   48.6514816        -2.98899667E-27
   48.7529144        -1.46501543E-27
   48.8543472         4.47453760E-28
   48.9557838         2.73670177E-27
   49.0572166         5.36794116E-27
   49.1586494         8.29069854E-27
   49.2600861         1.14205003E-26
   49.3615189         1.46482996E-26
   49.4629517         1.78393252E-26
   49.5643883         2.08317735E-26
   49.6658211         2.34417937E-26
   49.7672539         2.54694313E-26
   49.8686905         2.66966955E-26
   49.9701233         2.69033616E-26
   50.0715561         2.58683515E-26
   50.1729927         2.33826831E-26
   50.2744255         1.92689306E-26
   50.3758583         1.33878740E-26
   50.4772949         5.65541894E-27
   50.5787277        -3.93934333E-27
   50.6801605        -1.53183198E-26
   50.7815971        -2.82959969E-26
   50.8830299        -4.25714950E-26
   50.9844627        -5.77110485E-26
   51.0858994        -7.31429489E-26
   51.1873322        -8.81571660E-26
   51.2887688        -1.01912133E-25
   51.3902016        -1.13452361E-25
   51.4916344        -1.21734907E-25
   51.5930710        -1.25665271E-25
   51.6945038        -1.24144779E-25
   51.7959366        -1.16127992E-25
   51.8973732        -1.00687753E-25
   51.9988060        -7.70884491E-26
   52.1002388        -4.48641868E-26
   52.2016754        -3.89778677E-27
   52.3031082         4.55027419E-26
   52.4045410         1.02533256E-25
   52.5059776         1.65835054E-25
   52.6074104         2.33453919E-25
   52.7088432         3.02821416E-25
   52.8102798         3.70767559E-25
   52.9117126         4.33564905E-25
   53.0131454         4.87013634E-25
   53.1145821         5.26566429E-25
   53.2160149         5.47498853E-25
   53.3174477         5.45120093E-25
   53.4188843         5.15023668E-25
   53.5203171         4.53371970E-25
   53.6217537         3.57203737E-25
   53.7231865         2.24754804E-25
   53.8246193         5.57770697E-26
   53.9260559        -1.48161969E-25
   54.0274887        -3.83417930E-25
   54.1289215        -6.44067064E-25
   54.2303581        -9.21784461E-25
   54.3317909        -1.20582438E-24
   54.4332237        -1.48312131E-24
   54.5346603        -1.73853189E-24
   54.6360931        -1.95522449E-24
   54.7375259        -2.11522974E-24
   54.8389626        -2.20014786E-24
   54.9403954        -2.19200484E-24
   55.0418282        -2.07424092E-24
   55.1432648        -1.83280649E-24
   55.2446976        -1.45731758E-24
   55.3461304        -9.42235285E-25
   55.4475670        -2.88001974E-25
   55.5489998         4.97918107E-25
   55.6504326         1.40017880E-24
   55.7518692         2.39493674E-24
   55.8533020         3.44955621E-24
   55.9547348         4.52270760E-24
   56.0561714         5.56491907E-24
   56.1576042         6.51963049E-24
   56.2590408         7.32478492E-24
   56.3604736         7.91496411E-24
   56.4619064         8.22405559E-24
   56.5633430         8.18840933E-24
   56.6647758         7.75039747E-24
   56.7662086         6.86228287E-24
   56.8676453         5.49023524E-24
   56.9690781         3.61834049E-24
   57.0705109         1.25238719E-24
   57.1719475        -1.57678819E-24
   57.2733803        -4.81063354E-24
   57.3748131        -8.36113042E-24
   57.4762497        -1.21102132E-23
   57.5776825        -1.59105451E-23
   57.6791153        -1.95878691E-23
   57.7805519        -2.29450718E-23
   57.8819847        -2.57679521E-23
   57.9834175        -2.78328681E-23
   58.0848541        -2.89159868E-23
   58.1862869        -2.88041011E-23
   58.2877197        -2.73066222E-23
   58.3891563        -2.42684317E-23
   58.4905891        -1.95830775E-23
   58.5920219        -1.32057382E-23
   58.6934586        -5.16521272E-24
   58.7948914         4.42562801E-24
   58.8963280         1.53618607E-23
   58.9977608         2.73416823E-23
   59.0991936         3.99654069E-23
   59.2006302         5.27390939E-23
   59.3020630         6.50832209E-23
   59.4034958         7.63467978E-23
   59.5049324         8.58271451E-23
   59.6063652         9.27952292E-23
   59.7077980         9.65261689E-23
   59.8092346         9.63343811E-23
   59.9106674         9.16122155E-23
   60.0121002         8.18708688E-23
   60.1135368         6.67820738E-23
   60.2149696         4.62184990E-23
   60.3164024         2.02908057E-23
   60.4178391        -1.06208296E-23
   60.5192719        -4.58431621E-23
   60.6207047        -8.43967383E-23
   60.7221413        -1.24995086E-22
   60.8235741        -1.66058464E-22
   60.9250069        -2.05743595E-22
   61.0264435        -2.41990214E-22
   61.1278763        -2.72585143E-22
   61.2293091        -2.95243475E-22
   61.3307457        -3.07704751E-22
   61.4321785        -3.07843237E-22
   61.5336151        -2.93787982E-22
   61.6350479        -2.64049037E-22
   61.7364807        -2.17644603E-22
   61.8379173        -1.54223203E-22
   61.9393501        -7.41743695E-23
   62.0407829         2.12791253E-23
   62.1422195         1.30014513E-22
   62.2436523         2.48974902E-22
   62.3450851         3.74174044E-22
   62.4465218         5.00745527E-22
   62.5479546         6.23040727E-22
   62.6493874         7.34778116E-22
   62.7508240         8.29243768E-22
   62.8522568         8.99542659E-22
   62.9536896         9.38893414E-22
   63.0551262         9.40963284E-22
   63.1565590         9.00227971E-22
   63.2579918         8.12348260E-22
   63.3594284         6.74542919E-22
   63.4608612         4.85945285E-22
   63.5622940         2.47918485E-22
   63.6637306        -3.56870324E-23
   63.7651634        -3.58356386E-22
   63.8665962        -7.10832944E-22
   63.9680328        -1.08115879E-21
   64.0694656        -1.45484712E-21
   64.1708984        -1.81519939E-21
   64.2723312        -2.14376841E-21
   64.3737717        -2.42097368E-21
   64.4752045        -2.62685077E-21
   64.5766373        -2.74192864E-21
   64.6780701        -2.74820601E-21
   64.7795029        -2.63019241E-21
   64.8809357        -2.37598281E-21
   64.9823761        -1.97830624E-21
   65.0838089        -1.43551006E-21
   65.1852417        -7.52410887E-22
   65.2866745         5.90355986E-23
   65.3881073         9.79309447E-22
   65.4895477         1.98119450E-21
   65.5909805         3.02999530E-21
   65.6924133         4.08412188E-21
   65.7938461         5.09608850E-21
   65.8952789         6.01391930E-21
   65.9967117         6.78295049E-21
   66.0981522         7.34800290E-21
   66.1995850         7.65587322E-21
   66.3010178         7.65807042E-21
   66.4024506         7.31368137E-21
   66.5038834         6.59228213E-21
   66.6053162         5.47673820E-21
   66.7067566         3.96575023E-21
   66.8081894         2.07600907E-21
   66.9096222        -1.56215752E-22
   67.0110550        -2.67418727E-21
   67.1124878        -5.40064889E-21
   67.2139206        -8.23872536E-21
   67.3153610        -1.10738481E-20
   67.4167938        -1.37767545E-20
   67.5182266        -1.62075653E-20
   67.6196594        -1.82208583E-20
   67.7210922        -1.96716717E-20
   67.8225327        -2.04222411E-20
   67.9239655        -2.03492554E-20
   68.0253983        -1.93513589E-20
   68.1268311        -1.73566064E-20
   68.2282639        -1.43294469E-20
   68.3296967        -1.02769574E-20
   68.4311371        -5.25381060E-21
   68.5325699         6.34272794E-22
   68.6340027         7.22905287E-21
   68.7354355         1.43205223E-20
   68.8368683         2.16501278E-20
   68.9383011         2.89166671E-20
   69.0397415         3.57848447E-20
   69.1411743         4.18964234E-20
   69.2426071         4.68838152E-20
   69.3440399         5.03857360E-20
   69.4454727         5.20644344E-20
   69.5469055         5.16239155E-20
   69.6483459         4.88284748E-20
   69.7497787         4.35205473E-20
   69.8512115         3.56372123E-20
   69.9526443         2.52242379E-20
   70.0540771         1.24468541E-20
   70.1555099        -2.40372123E-21
   70.2569504        -1.89087220E-20
   70.3583832        -3.65259112E-20
   70.4598160        -5.45997882E-20
   70.5612488        -7.23780580E-20
   70.6626816        -8.90345352E-20
   70.7641220        -1.03697811E-19
   70.8655548        -1.15485451E-19
   70.9669876        -1.23542436E-19
   71.0684204        -1.27082756E-19
   71.1698532        -1.25432440E-19
   71.2712860        -1.18072588E-19
   71.3727264        -1.04679900E-19
   71.4741592        -8.51630391E-20
   71.5755920        -5.96925454E-20
   71.6770248        -2.87222409E-20
   71.7784576         6.99983660E-21
   71.8798904         4.64323555E-20
   71.9813309         8.82549692E-20
   72.0827637         1.30896744E-19
   72.1841965         1.72578504E-19
   72.2856293         2.11369514E-19
   72.3870621         2.45256389E-19
   72.4884949         2.72223640E-19
   72.5899353         2.90342230E-19
   72.6913681         2.97863809E-19
   72.7928009         2.93317134E-19
   72.8942337         2.75601665E-19
   72.9956665         2.44074968E-19
   73.0971069         1.98628515E-19
   73.1985397         1.39748119E-19
   73.2999725         6.85540602E-20
   73.4014053        -1.31825157E-20
   73.5028381        -1.03050019E-19
   73.6042709        -1.98035892E-19
   73.7057114        -2.94596679E-19
   73.8071442        -3.88757672E-19
   73.9085770        -4.76241690E-19
   74.0100098        -5.52623651E-19
   74.1114426        -6.13506884E-19
   74.2128754        -6.54714592E-19
   74.3143158        -6.72491686E-19
   74.4157486        -6.63707028E-19
   74.5171814        -6.26048286E-19
   74.6186142        -5.58201019E-19
   74.7200470        -4.60000670E-19
   74.8214798        -3.32550724E-19
   74.9229202        -1.78297527E-19
   75.0243530        -1.05455683E-21
   75.1257858         1.94028887E-19
   75.2272186         4.00558825E-19
   75.3286514         6.11048710E-19
   75.4300842         8.17131919E-19
   75.5315247         1.00983026E-18
   75.6329575         1.17987295E-18
   75.7343903         1.31805626E-18
   75.8358231         1.41563276E-18
   75.9372559         1.46471632E-18
   76.0386963         1.45868576E-18
   76.1401291         1.39257407E-18
   76.2415619         1.26341964E-18
   76.3429947         1.07056869E-18
   76.4444275         8.15905469E-19
   76.5458603         5.04000785E-19
   76.6473007         1.42160488E-19
   76.7487335        -2.59632064E-19
   76.8501663        -6.88887595E-19
   76.9515991        -1.13089952E-18
   77.0530319        -1.56914601E-18
   77.1544647        -1.98579864E-18
   77.2559052        -2.36232505E-18
   77.3573380        -2.68017086E-18
   77.4587708        -2.92149646E-18
   77.5602036        -3.06994457E-18
   77.6616364        -3.11141113E-18
   77.7630692        -3.03479166E-18
   77.8645096        -2.83266057E-18
   77.9659424        -2.50187001E-18
   78.0673752        -2.04401830E-18
   78.1688080        -1.46577490E-18
   78.2702408        -7.79033221E-19
   78.3716812        -8.69126101E-22
   78.4731140         8.46698973E-19
   78.5745468         1.73716531E-18
   78.6759796         2.64018970E-18
   78.7774124         3.52245806E-18
   78.8788452         4.34870686E-18
   78.9802856         5.08291485E-18
   79.0817184         5.68959475E-18
   79.1831512         6.13517296E-18
   79.2845840         6.38939576E-18
   79.3860168         6.42671897E-18
   79.4874496         6.22761205E-18
   79.5888901         5.77975165E-18
   79.6903229         5.07902669E-18
   79.7917557         4.13031504E-18
   79.8931885         2.94799023E-18
   79.9946213         1.55612102E-18
   80.0960541        -1.16729192E-20
   80.1974945        -1.71271179E-18
   80.2989273        -3.49611567E-18
   80.4003601        -5.30401526E-18
   80.5017929        -7.07309982E-18
   80.6032257        -8.73646656E-18
   80.7046585        -1.02257407E-17
   80.8060989        -1.14733830E-17
   80.9075317        -1.24151455E-17
   81.0089645        -1.29925830E-17
   81.1103973        -1.31555475E-17
   81.2118301        -1.28645693E-17
   81.3132706        -1.20930373E-17
   81.4147034        -1.08291094E-17
   81.5161362        -9.07722775E-18
   81.6175690        -6.85920829E-18
   81.7190018        -4.21480658E-18
   81.8204346        -1.20170793E-18
   81.9218750         2.10508574E-18
   82.0233078         5.61450164E-18
   82.1247406         9.22128787E-18
   82.2261734         1.28085171E-17
   82.3276062         1.62506729E-17
   82.4290390         1.94172625E-17
   82.5304794         2.21768793E-17
   82.6319122         2.44015716E-17
   82.7333450         2.59714810E-17
   82.8347778         2.67795190E-17
   82.9362106         2.67359961E-17
   83.0376434         2.57730404E-17
   83.1390839         2.38486047E-17
   83.2405167         2.09499455E-17
   83.3419495         1.70963724E-17
   83.4433823         1.23411427E-17
   83.5448151         6.77238451E-18
   83.6462555         5.12910244E-19
   83.7476883        -6.28116703E-18
   83.8491211        -1.34230271E-17
   83.9505539        -2.06989822E-17
   84.0519867        -2.78735613E-17
   84.1534195        -3.46957169E-17
   84.2548599        -4.09060533E-17
   84.3562927        -4.62449913E-17
   84.4577255        -5.04615081E-17
   84.5591583        -5.33223916E-17
   84.6605911        -5.46215813E-17
   84.7620239        -5.41893629E-17
   84.8634644        -5.19011067E-17
   84.9648972        -4.76850962E-17
   85.0663300        -4.15292677E-17
   85.1677628        -3.34863888E-17
   85.2691956        -2.36774147E-17
   85.3706284        -1.22928353E-17
   85.4720688         4.08336908E-19
   85.5735016         1.41020332E-17
   85.6749344         2.84050547E-17
   85.7763672         4.28836105E-17
   85.8778000         5.70642589E-17
   85.9792404         7.04470420E-17
   86.0806732         8.25206496E-17
   86.1821060         9.27791385E-17
   86.2835388         1.00739713E-16
   86.3849716         1.05961168E-16
   86.4864044         1.08062174E-16
   86.5878448         1.06738890E-16
   86.6892776         1.01781299E-16
   86.7907104         9.30871805E-17
   86.8921432         8.06737737E-17
   86.9935760         6.46856827E-17
   87.0950089         4.53990601E-17
   87.1964493         2.32216035E-17
   87.2978821        -1.31234024E-18
   87.3993149        -2.75512967E-17
   87.5007477        -5.47409137E-17
   87.6021805        -8.20429561E-17
   87.7036133        -1.08558462E-16
   87.8050537        -1.33354485E-16
   87.9064865        -1.55493994E-16
   88.0079193        -1.74067732E-16
   88.1093521        -1.88227225E-16
   88.2107849        -1.97217540E-16
   88.3122177        -2.00409279E-16
   88.4136581        -1.97327601E-16
   88.5150909        -1.87678149E-16
   88.6165237        -1.71367656E-16
   88.7179565        -1.48519313E-16
   88.8193893        -1.19481131E-16
   88.9208298        -8.48270806E-17
   89.0222626        -4.53503955E-17
   89.1236954        -2.04908850E-18
   89.2251282         4.38966156E-17
   89.3265610         9.11541124E-17
   89.4279938         1.38275111E-16
   89.5294342         1.83738321E-16
   89.6308670         2.25996331E-16
   89.7322998         2.63525979E-16
   89.8337326         2.94880333E-16
   89.9351654         3.18739980E-16
   90.0365982         3.33962777E-16
   90.1380386         3.39629586E-16
   90.2394714         3.35084566E-16
   90.3409042         3.19967966E-16
   90.4423370         2.94240796E-16
   90.5437698         2.58199359E-16
   90.6452026         2.12479525E-16
   90.7466431         1.58049876E-16
   90.8480759         9.61935547E-17
   90.9495087         2.84793884E-17
   91.0509415        -4.32774114E-17
   91.1523743        -1.17063633E-16
   91.2538147        -1.90724159E-16
   91.3552475        -2.62024878E-16
   91.4566803        -3.28718981E-16
   91.5581131        -3.88616175E-16
   91.6595459        -4.39651842E-16
   91.7609787        -4.79953697E-16
   91.8624191        -5.07904513E-16
   91.9638519        -5.22198671E-16
   92.0652847        -5.21889504E-16
   92.1667175        -5.06428558E-16
   92.2681503        -4.75692803E-16
   92.3695831        -4.29999479E-16
   92.4710236        -3.70110040E-16
   92.5724564        -2.97220023E-16
   92.6738892        -2.12936738E-16
   92.7753220        -1.19245788E-16
   92.8767548        -1.84653563E-17
   92.9781876         8.68082642E-17
   93.0796280         1.93764597E-16
   93.1810608         2.99449123E-16
   93.2824936         4.00839205E-16
   93.3839264         4.94922780E-16
   93.4853592         5.78779625E-16
   93.5867920         6.49660877E-16
   93.6882324         7.05068214E-16
   93.7896652         7.42827884E-16
   93.8910980         7.61160112E-16
   93.9925308         7.58740986E-16
   94.0939636         7.34756718E-16
   94.1954041         6.88947112E-16
   94.2968369         6.21639015E-16
   94.3982697         5.33766388E-16
   94.4997025         4.26878797E-16
   94.6011353         3.03133478E-16
   94.7025681         1.65274061E-16
   94.8040085         1.65923547E-17
   94.9054413        -1.39125479E-16
   95.0068741        -2.97670486E-16
   95.1083069        -4.54497762E-16
   95.2097397        -6.04830599E-16
   95.3111725        -7.43779419E-16
   95.4126129        -8.66475371E-16
   95.5140457        -9.68213822E-16
   95.6154785        -1.04460963E-15
   95.7169113        -1.09175644E-15
   95.8183441        -1.10638692E-15
   95.9197769        -1.08603102E-15
   96.0212173        -1.02916483E-15
   96.1226501        -9.35343967E-16
   96.2240829        -8.05315728E-16
   96.3255157        -6.41103038E-16
   96.4269485        -4.46054909E-16
   96.5283890        -2.24854531E-16
   96.6298218         1.65165386E-17
   96.7312546         2.70866737E-16
   96.8326874         5.29934676E-16
   96.9341202         7.84584279E-16
   97.0355530         1.02505344E-15
   97.1369934         1.24125362E-15
   97.2384262         1.42311498E-15
   97.3398590         1.56096589E-15
   97.4412918         1.64594193E-15
   97.5427246         1.67040562E-15
   97.6441574         1.62836441E-15
   97.7455978         1.51586890E-15
   97.8470306         1.33137475E-15
   97.9484634         1.07604525E-15
   98.0498962         7.53982037E-16
   98.1513290         3.72358807E-16
   98.2527618        -5.85515429E-17
   98.3542023        -5.25473406E-16
   98.4556351        -1.01235504E-15
   98.5570679        -1.50073528E-15
   98.6585007        -1.97024268E-15
   98.7599335        -2.39922887E-15
   98.8613739        -2.76551662E-15
   98.9628067        -3.04725206E-15
   99.0642395        -3.22382646E-15
   99.1656723        -3.27684754E-15
   99.2671051        -3.19111764E-15
   99.3685379        -2.95558107E-15
   99.4699783        -2.56420061E-15
   99.5714111        -2.01671408E-15
   99.6728439        -1.31923423E-15
   99.7742767        -4.84648218E-16
   99.8757095         4.67221838E-16
   99.9771423         1.50972580E-15
   100.078583         2.60977246E-15
   100.180016         3.72853315E-15
   100.281448         4.82243428E-15
   100.382881         5.84443797E-15
   100.484314         6.74559717E-15
   100.585747         7.47682844E-15
   100.687187         7.99086224E-15
   100.788620         8.24430720E-15
   100.890053         8.19973802E-15
   100.991486         7.82776604E-15
   101.092918         7.10895101E-15
   101.194351         6.03551336E-15
   101.295792         4.61271866E-15
   101.397224         2.85988668E-15
   101.498657         8.10923350E-16
   101.600090        -1.48567483E-15
   101.701523        -3.96738713E-15
   101.802963        -6.55884674E-15
   101.904396        -9.17359975E-15
   102.005829        -1.17164841E-14
   102.107262        -1.40865145E-14
   102.208694        -1.61802521E-14
   102.310127        -1.78955412E-14
   102.411568        -1.91355043E-14
   102.513000        -1.98126563E-14
   102.614433        -1.98529734E-14
   102.715866        -1.91997687E-14
   102.817299        -1.78172110E-14
   102.918732        -1.56932979E-14
   103.020172        -1.28421435E-14
   103.121605        -9.30545060E-15
   103.223038        -5.15303293E-15
   103.324471        -4.82287855E-16
   103.425903         4.58339311E-15
   103.527336         9.89733096E-15
   103.628777         1.52933323E-14
   103.730209         2.05904629E-14
   103.831642         2.55987112E-14
   103.933075         3.01253536E-14
   104.034508         3.39818573E-14
   104.135948         3.69910672E-14
   104.237381         3.89944289E-14
   104.338814         3.98589514E-14
   104.440247         3.94836243E-14
   104.541679         3.78050693E-14
   104.643112         3.48020461E-14
   104.744553         3.04986715E-14
   104.845985         2.49661301E-14
   104.947418         1.83226339E-14
   105.048851         1.07317143E-14
   105.150284         2.39860736E-15
   105.251717        -6.43507320E-15
   105.353157        -1.54983482E-14
   105.454590        -2.44993523E-14
   105.556023        -3.31350175E-14
   105.657455        -4.11017113E-14
   105.758888        -4.81063790E-14
   105.860321        -5.38778447E-14
   105.961761        -5.81777668E-14
   106.063194        -6.08109009E-14
   106.164627        -6.16341559E-14
   106.266060        -6.05639738E-14
   106.367493        -5.75818283E-14
   106.468925        -5.27373860E-14
   106.570366        -4.61491027E-14
   106.671799        -3.80022179E-14
   106.773232        -2.85440040E-14
   106.874664        -1.80763235E-14
   106.976097        -6.94578579E-15
   107.077538         4.46833385E-15
   107.178970         1.57679825E-14
   107.280403         2.65514641E-14
   107.381836         3.64294234E-14
   107.483269         4.50408753E-14
   107.584702         5.20687585E-14
   107.686142         5.72542773E-14
   107.787575         6.04094005E-14
   107.889008         6.14269310E-14
   107.990440         6.02874955E-14
   108.091873         5.70632815E-14
   108.193306         5.19178139E-14
   108.294746         4.51019904E-14
   108.396179         3.69460694E-14
   108.497612         2.78478480E-14
   108.599045         1.82574479E-14
   108.700478         8.65897726E-15
   108.801910        -4.50149360E-16
   108.903351        -8.58155083E-15
   109.004784        -1.52789395E-14
   109.106216        -2.01410544E-14
   109.207649        -2.28434283E-14
   109.309082        -2.31578588E-14
   109.410522        -2.09689698E-14
   109.511955        -1.62865411E-14
   109.613388        -9.25318443E-15
   109.714821        -1.46626604E-16
   109.816254         1.06238972E-14
   109.917686         2.25271123E-14
   110.019127         3.49252996E-14
   110.120560         4.70955130E-14
   110.221992         5.82558226E-14
   110.323425         6.75962379E-14
   110.424858         7.43126467E-14
   110.526291         7.76432209E-14
   110.627731         7.69055162E-14
   110.729164         7.15329624E-14
   110.830597         6.11092191E-14
   110.932030         4.53989433E-14
   111.033463         2.43732782E-14
   111.134895        -1.77098178E-15
   111.236336        -3.25998824E-14
   111.337769        -6.74393402E-14
   111.439201        -1.05381321E-13
   111.540634        -1.45299612E-13
   111.642067        -1.85874848E-13
   111.743507        -2.25628788E-13
   111.844940        -2.62966949E-13
   111.946373        -2.96228157E-13
   112.047806        -3.23740329E-13
   112.149239        -3.43879791E-13
   112.250671        -3.55133186E-13
   112.352112        -3.56159004E-13
   112.453545        -3.45846995E-13
   112.554977        -3.23373462E-13
   112.656410        -2.88249269E-13
   112.757843        -2.40359842E-13
   112.859276        -1.79994677E-13
   112.960716        -1.07864719E-13
   113.062149        -2.51067850E-14
   113.163582         6.67255761E-14
   113.265015         1.65684822E-13
   113.366447         2.69466659E-13
   113.467880         3.75459592E-13
   113.569321         4.80806313E-13
   113.670753         5.82475962E-13
   113.772186         6.77344032E-13
   113.873619         7.62277828E-13
   113.975052         8.34226676E-13
   114.076485         8.90311859E-13
   114.177925         9.27914212E-13
   114.279358         9.44758161E-13
   114.380791         9.38987711E-13
   114.482224         9.09233030E-13
   114.583656         8.54665405E-13
   114.685097         7.75038887E-13
   114.786530         6.70717551E-13
   114.887962         5.42686989E-13
   114.989395         3.92551443E-13
   115.090828         2.22513807E-13
   115.192261         3.53430088E-14
   115.293701        -1.65674115E-13
   115.395134        -3.76791399E-13
   115.496567        -5.93874071E-13
   115.598000        -8.12475846E-13
   115.699432        -1.02792471E-12
   115.800865        -1.23541065E-12
   115.902306        -1.43007774E-12
   116.003738        -1.60711505E-12
   116.105171        -1.76184642E-12
   116.206604        -1.88981838E-12
   116.308037        -1.98688223E-12
   116.409470        -2.04927221E-12
   116.510910        -2.07368020E-12
   116.612343        -2.05731938E-12
   116.713776        -1.99798880E-12
   116.815208        -1.89412657E-12
   116.916641        -1.74486142E-12
   117.018082        -1.55005793E-12
   117.119514        -1.31035601E-12
   117.220947        -1.02720707E-12
   117.322380        -7.02904152E-13
   117.423813        -3.40604986E-13
   117.525246         5.56484349E-14
   117.626686         4.80921292E-13
   117.728119         9.29385583E-13
   117.829552         1.39433148E-12
   117.930984         1.86819570E-12
   118.032417         2.34260246E-12
   118.133850         2.80842732E-12
   118.235291         3.25588298E-12
   118.336723         3.67462874E-12
   118.438156         4.05390999E-12
   118.539589         4.38271901E-12
   118.641022         4.64999653E-12
   118.742455         4.84484675E-12
   118.843895         4.95679452E-12
   118.945328         4.97605472E-12
   119.046761         4.89382927E-12
   119.148193         4.70261330E-12
   119.249626         4.39651354E-12
   119.351059         3.97156223E-12
   119.452499         3.42602249E-12
   119.553932         2.76066951E-12
   119.655365         1.97904562E-12
   119.756798         1.08766652E-12
   119.858231         9.61774673E-14
   119.959671        -9.82560496E-13
   120.061104        -2.13245741E-12
   120.162537        -3.33426711E-12
   120.263969        -4.56574795E-12
   120.365402        -5.80192621E-12
   120.466835        -7.01545159E-12
   120.568275        -8.17705278E-12
   120.669708        -9.25608461E-12
   120.771141        -1.02211703E-11
   120.872574        -1.10409086E-11
   120.974007        -1.16846524E-11
   121.075439        -1.21233327E-11
   121.176880        -1.23303000E-11
   121.278313        -1.22821970E-11
   121.379745        -1.19597804E-11
   121.481178        -1.13487292E-11
   121.582611        -1.04403725E-11
   121.684044        -9.23232671E-12
   121.785484        -7.72902922E-12
   121.886917        -5.94211312E-12
   121.988350        -3.89065993E-12
   122.089783        -1.60124496E-12
   122.191216         8.92174084E-13
   122.292656         3.54857289E-12
   122.394089         6.32036133E-12
   122.495522         9.15408548E-12
   122.596954         1.19913073E-11
   122.698387         1.47696490E-11
   122.799820         1.74239997E-11
   122.901260         1.98878622E-11
   123.002693         2.20947670E-11
   123.104126         2.39797886E-11
   123.205559         2.54811190E-11
   123.306992         2.65415780E-11
   123.408424         2.71101770E-11
   123.509865         2.71435426E-11
   123.611298         2.66072893E-11
   123.712730         2.54772089E-11
   123.814163         2.37403344E-11
   123.915596         2.13957758E-11
   124.017029         1.84553362E-11
   124.118469         1.49439124E-11
   124.219902         1.08996111E-11
   124.321335         6.37361171E-12
   124.422768         1.42976332E-12
   124.524200        -3.85607995E-12
   124.625633        -9.39700748E-12
   124.727074        -1.50962246E-11
   124.828506        -2.08484740E-11
   124.929939        -2.65416491E-11
   125.031372        -3.20586439E-11
   125.132805        -3.72793116E-11
   125.234245        -4.20825874E-11
   125.335678        -4.63487165E-11
   125.437111        -4.99615557E-11
   125.538544        -5.28108737E-11
   125.639977        -5.47947278E-11
   125.741409        -5.58217535E-11
   125.842850        -5.58133852E-11
   125.944283        -5.47060279E-11
   126.045715        -5.24530384E-11
   126.147148        -4.90265571E-11
   126.248581        -4.44191454E-11
   126.350014        -3.86451461E-11
   126.451454        -3.17417759E-11
   126.552887        -2.37699253E-11
   126.654320        -1.48145975E-11
   126.755753        -4.98491699E-12
   126.857185         5.58618212E-12
   126.958618         1.67428120E-11
   127.060059         2.83073842E-11
   127.161491         4.00823645E-11
   127.262924         5.18525882E-11
   127.364357         6.33879962E-11
   127.465790         7.44469486E-11
   127.567230         8.47800025E-11
   127.668663         9.41341310E-11
   127.770096         1.02257473E-10
   127.871529         1.08904302E-10
   127.972961         1.13840437E-10
   128.074402         1.16848878E-10
   128.175827         1.17735446E-10
   128.277267         1.16334588E-10
   128.378693         1.12514970E-10
   128.480133         1.06184929E-10
   128.581573         9.72973715E-11
   128.682999         8.58543653E-11
   128.784439         7.19107829E-11
   128.885864         5.55772962E-11
   128.987305         3.70223019E-11
   129.088745         1.64727017E-11
   129.190170        -5.78653661E-12
   129.291611        -2.94141309E-11
   129.393036        -5.40157190E-11
   129.494476        -7.91484656E-11
   129.595901        -1.04327255E-10
   129.697342        -1.29032160E-10
   129.798782        -1.52717422E-10
   129.900208        -1.74821588E-10
   130.001648        -1.94778832E-10
   130.103073        -2.12031184E-10
   130.204514        -2.26041325E-10
   130.305954        -2.36306030E-10
   130.407379        -2.42369569E-10
   130.508820        -2.43836867E-10
   130.610245        -2.40386488E-10
   130.711685        -2.31782246E-10
   130.813126        -2.17884072E-10
   130.914551        -1.98657119E-10
   131.015991        -1.74178866E-10
   131.117416        -1.44644491E-10
   131.218857        -1.10369436E-10
   131.320282        -7.17896853E-11
   131.421722        -2.94590047E-11
   131.523163         1.59564601E-11
   131.624588         6.36863548E-11
   131.726028         1.12867403E-10
   131.827454         1.62557162E-10
   131.928894         2.11750298E-10
   132.030334         2.59397170E-10
   132.131760         3.04424458E-10
   132.233200         3.45756812E-10
   132.334625         3.82340409E-10
   132.436066         4.13166529E-10
   132.537506         4.37295172E-10
   132.638931         4.53878879E-10
   132.740372         4.62184846E-10
   132.841797         4.61615940E-10
   132.943237         4.51729654E-10
   133.044662         4.32254482E-10
   133.146103         4.03103079E-10
   133.247543         3.64382691E-10
   133.348969         3.16401072E-10
   133.450409         2.59669064E-10
   133.551834         1.94898861E-10
   133.653275         1.22997793E-10
   133.754715         4.50582592E-11
   133.856140        -3.76565862E-11
   133.957581        -1.23731372E-10
   134.059006        -2.11620416E-10
   134.160446        -2.99673286E-10
   134.261871        -3.86163157E-10
   134.363312        -4.69317918E-10
   134.464752        -5.47352608E-10
   134.566177        -6.18504248E-10
   134.667618        -6.81066592E-10
   134.769043        -7.33425376E-10
   134.870483        -7.74092845E-10
   134.971924        -8.01741284E-10
   135.073349        -8.15235157E-10
   135.174789        -8.13659640E-10
   135.276215        -7.96347599E-10
   135.377655        -7.62901242E-10
   135.479095        -7.13211934E-10
   135.580521        -6.47473297E-10
   135.681961        -5.66190650E-10
   135.783386        -4.70185169E-10
   135.884827        -3.60591640E-10
   135.986252        -2.38851744E-10
   136.087692        -1.06700697E-10
   136.189133         3.38512413E-11
   136.290558         1.80543608E-10
   136.391998         3.30895339E-10
   136.493423         4.82240359E-10
   136.594864         6.31767361E-10
   136.696304         7.76564646E-10
   136.797729         9.13668474E-10
   136.899170         1.04011488E-09
   137.000595         1.15299403E-09
   137.102036         1.24950661E-09
   137.203461         1.32702005E-09
   137.304901         1.38312639E-09
   137.406342         1.41569867E-09
   137.507767         1.42294221E-09
   137.609207         1.40344902E-09
   137.710632         1.35624123E-09
   137.812073         1.28081301E-09
   137.913513         1.17716548E-09
   138.014938         1.04583298E-09
   138.116379         8.87901752E-10
   138.217804         7.05019487E-10
   138.319244         4.99393249E-10
   138.420685         2.73778861E-10
   138.522110         3.14572327E-11
   138.623550        -2.23799590E-10
   138.724976        -4.87774376E-10
   138.826416        -7.55861151E-10
   138.927841        -1.02313447E-09
   139.029282        -1.28442423E-09
   139.130722        -1.53440616E-09
   139.232147        -1.76769388E-09
   139.333588        -1.97894123E-09
   139.435013        -2.16294849E-09
   139.536453        -2.31477038E-09
   139.637894        -2.42982479E-09
   139.739319        -2.50400412E-09
   139.840759        -2.53377608E-09
   139.942184        -2.51628474E-09
   140.043625        -2.44943887E-09
   140.145065        -2.33199171E-09
   140.246490        -2.16360818E-09
   140.347931        -1.94491667E-09
   140.449356        -1.67754266E-09
   140.550797        -1.36412792E-09
   140.652222        -1.00832687E-09
   140.753662        -6.14784390E-10
   140.855103        -1.89094088E-10
   140.956528         2.62265432E-10
   141.057968         7.32014505E-10
   141.159393         1.21217381E-09
   141.260834         1.69418479E-09
   141.362274         2.16904739E-09
   141.463699         2.62746958E-09
   141.565140         3.06003023E-09
   141.666565         3.45734841E-09
   141.768005         3.81026366E-09
   141.869431         4.11001100E-09
   141.970871         4.34840519E-09
   142.072311         4.51800641E-09
   142.173737         4.61229543E-09
   142.275177         4.62582506E-09
   142.376602         4.55436044E-09
   142.478043         4.39500569E-09
   142.579483         4.14630641E-09
   142.680908         3.80833276E-09
   142.782349         3.38273498E-09
   142.883774         2.87277802E-09
   142.985214         2.28334218E-09
   143.086655         1.62090441E-09
   143.188080         8.93485563E-10
   143.289520         1.10570532E-10
   143.390945        -7.16994353E-10
   143.492386        -1.57713298E-09
   143.593811        -2.45669396E-09
   143.695251        -3.34162875E-09
   143.796692        -4.21718616E-09
   143.898117        -5.06812770E-09
   143.999557        -5.87894977E-09
   144.100983        -6.63412791E-09
   144.202423        -7.31835792E-09
   144.303864        -7.91680321E-09
   144.405289        -8.41535108E-09
   144.506729        -8.80085338E-09
   144.608154        -9.06136233E-09
   144.709595        -9.18637078E-09
   144.811020        -9.16701826E-09
   144.912460        -8.99629082E-09
   145.013901        -8.66920136E-09
   145.115326        -8.18294232E-09
   145.216766        -7.53701546E-09
   145.318192        -6.73333345E-09
   145.419632        -5.77628256E-09
   145.521072        -4.67276795E-09
   145.622498        -3.43220941E-09
   145.723938        -2.06651318E-09
   145.825363        -5.89998828E-10
   145.926804         9.80707182E-10
   146.028244         2.62681343E-09
   146.129669         4.32754543E-09
   146.231110         6.06036110E-09
   146.332535         7.80119436E-09
   146.433975         9.52475077E-09
   146.535400         1.12048024E-08
   146.636841         1.28145459E-08
   146.738281         1.43269281E-08
   146.839706         1.57150701E-08
   146.941147         1.69526224E-08
   147.042572         1.80141910E-08
   147.144012         1.88757294E-08
   147.245453         1.95149426E-08
   147.346878         1.99116919E-08
   147.448318         2.00483541E-08
   147.549744         1.99102033E-08
   147.651184         1.94857126E-08
   147.752609         1.87668778E-08
   147.854050         1.77494570E-08
   147.955490         1.64331766E-08
   148.056915         1.48219028E-08
   148.158356         1.29237385E-08
   148.259781         1.07510676E-08
   148.361221         8.32054425E-09
   148.462662         5.65300429E-09
   148.564087         2.77333001E-09
   148.665527        -2.89766960E-10
   148.766953        -3.50401574E-09
   148.868393        -6.83391477E-09
   148.969833        -1.02411164E-08
   149.071259        -1.36848817E-08
   149.172699        -1.71225594E-08
   149.274124        -2.05101003E-08
   149.375565        -2.38026381E-08
   149.476990        -2.69550373E-08
   149.578430        -2.99225249E-08
   149.679871        -3.26612621E-08
   149.781296        -3.51289273E-08
   149.882736        -3.72853144E-08
   149.984161        -3.90928676E-08
   150.085602        -4.05171861E-08
   150.187042        -4.15275032E-08
   150.288467        -4.20970672E-08
   150.389908        -4.22034994E-08
   150.491333        -4.18290540E-08
   150.592773        -4.09608383E-08
   150.694214        -3.95908799E-08
   150.795639        -3.77161165E-08
   150.897079        -3.53383882E-08
   150.998505        -3.24642002E-08
   151.099945        -2.91044771E-08
   151.201370        -2.52742005E-08
   151.302811        -2.09919193E-08
   151.404251        -1.62792730E-08
   151.505676        -1.11602514E-08
   151.607117        -5.66058889E-09
   151.708542         1.93058056E-10
   151.809982         6.37392006E-09
   151.911423         1.28560327E-08
   152.012848         1.96151149E-08
   152.114288         2.66295359E-08
   152.215714         3.38812143E-08
   152.317154         4.13566426E-08
   152.418579         4.90477490E-08
   152.520020         5.69528105E-08
   152.621460         6.50772947E-08
   152.722885         7.34345846E-08
   152.824326         8.20467889E-08
   152.925751         9.09451643E-08
   153.027191         1.00170780E-07
   153.128632         1.09774739E-07
   153.230057         1.19818523E-07
   153.331497         1.30373863E-07
   153.432922         1.41522918E-07
   153.534363         1.53357959E-07
   153.635803         1.65980722E-07
   153.737228         1.79502251E-07
   153.838669         1.94041746E-07
   153.940094         2.09725954E-07
   154.041534         2.26687916E-07
   154.142960         2.45065706E-07
   154.244400         2.65001091E-07
   154.345840         2.86638368E-07
   154.447266         3.10121862E-07
   154.548706         3.35595303E-07
   154.650131         3.63199064E-07
   154.751572         3.93068916E-07
   154.853012         4.25333951E-07
   154.954437         4.60114620E-07
   155.055878         4.97521455E-07
   155.157303         5.37651999E-07
   155.258743         5.80590552E-07
   155.360168         6.26405551E-07
   155.461609         6.75148726E-07
   155.563049         7.26853671E-07
   155.664474         7.81533913E-07
   155.765915         8.39183315E-07
   155.867340         8.99774875E-07
   155.968781         9.63259936E-07
   156.070221         1.02956710E-06
   156.171646         1.09860525E-06
   156.273087         1.17026082E-06
   156.374512         1.24439885E-06
   156.475952         1.32086552E-06
   156.577393         1.39948611E-06
   156.678818         1.48006939E-06
   156.780258         1.56240628E-06
   156.881683         1.64627340E-06
   156.983124         1.73143337E-06
   157.084549         1.81763664E-06
   157.185989         1.90462436E-06
   157.287430         1.99212877E-06
   157.388855         2.07987637E-06
   157.490295         2.16758895E-06
   157.591721         2.25498502E-06
   157.693161         2.34178287E-06
