  -4.50000000         0.00000000    
  -4.39856577         0.00000000    
  -4.29713154         0.00000000    
  -4.19569778         0.00000000    
  -4.09426355         0.00000000    
  -3.99282932         0.00000000    
  -3.89139533         0.00000000    
  -3.78996110         0.00000000    
  -3.68852711         0.00000000    
  -3.58709288         0.00000000    
  -3.48565888         0.00000000    
  -3.38422465         0.00000000    
  -3.28279042         0.00000000    
  -3.18135643         0.00000000    
  -3.07992220         0.00000000    
  -2.97848821         0.00000000    
  -2.87705398         0.00000000    
  -2.77561998         0.00000000    
  -2.67418575         0.00000000    
  -2.57275176         0.00000000    
  -2.47131753         0.00000000    
  -2.36988354         0.00000000    
  -2.26844931         0.00000000    
  -2.16701531         0.00000000    
  -2.06558108         0.00000000    
  -1.96414697         0.00000000    
  -1.86271286         0.00000000    
  -1.76127875         0.00000000    
  -1.65984464         0.00000000    
  -1.55841053         0.00000000    
  -1.45697629         0.00000000    
  -1.35554218         0.00000000    
  -1.25410807         0.00000000    
  -1.15267396         0.00000000    
  -1.05123985         0.00000000    
 -0.949805737         0.00000000    
 -0.848371625         0.00000000    
 -0.746937513         0.00000000    
 -0.645503342         0.00000000    
 -0.544069231         0.00000000    
 -0.442635119         0.00000000    
 -0.341201007         0.00000000    
 -0.239766881         0.00000000    
 -0.138332769         0.00000000    
  -3.68986391E-02     0.00000000    
   6.45354837E-02     0.00000000    
  0.165969610         0.00000000    
  0.267403722         0.00000000    
  0.368837833         0.00000000    
  0.470271975         0.00000000    
  0.571706116         0.00000000    
  0.673140228         0.00000000    
  0.774574339         0.00000000    
  0.876008451         0.00000000    
  0.977442563         0.00000000    
   1.07887673         0.00000000    
   1.18031085         0.00000000    
   1.28174496         0.00000000    
   1.38317907         0.00000000    
   1.48461318         0.00000000    
   1.58604729         0.00000000    
   1.68748140         0.00000000    
   1.78891551         0.00000000    
   1.89034963         0.00000000    
   1.99178374         0.00000000    
   2.09321785         0.00000000    
   2.19465208         0.00000000    
   2.29608607         0.00000000    
   2.39752030         0.00000000    
   2.49895430         0.00000000    
   2.60038853         0.00000000    
   2.70182276         0.00000000    
   2.80325675         0.00000000    
   2.90469098         0.00000000    
   3.00612497         0.00000000    
   3.10755920         0.00000000    
   3.20899320         0.00000000    
   3.31042743         0.00000000    
   3.41186142         0.00000000    
   3.51329565         0.00000000    
   3.61472964         0.00000000    
   3.71616387         0.00000000    
   3.81759810         0.00000000    
   3.91903210         0.00000000    
   4.02046633         0.00000000    
   4.12190056         0.00000000    
   4.22333431         0.00000000    
   4.32476854         0.00000000    
   4.42620277         0.00000000    
   4.52763700         0.00000000    
   4.62907076         0.00000000    
   4.73050499         0.00000000    
   4.83193922         0.00000000    
   4.93337345         0.00000000    
   5.03480768         0.00000000    
   5.13624144         0.00000000    
   5.23767567         0.00000000    
   5.33910990         0.00000000    
   5.44054413         0.00000000    
   5.54197788         0.00000000    
   5.64341211         0.00000000    
   5.74484634         0.00000000    
   5.84628057         0.00000000    
   5.94771433         0.00000000    
   6.04914856         0.00000000    
   6.15058279         0.00000000    
   6.25201702         0.00000000    
   6.35345125         0.00000000    
   6.45488501         0.00000000    
   6.55631924         0.00000000    
   6.65775347         0.00000000    
   6.75918770         0.00000000    
   6.86062145         0.00000000    
   6.96205568         0.00000000    
   7.06348991         0.00000000    
   7.16492414         0.00000000    
   7.26635790         0.00000000    
   7.36779213         0.00000000    
   7.46922636         0.00000000    
   7.57066059         0.00000000    
   7.67209482         0.00000000    
   7.77352858         0.00000000    
   7.87496281         0.00000000    
   7.97639704         0.00000000    
   8.07783127         0.00000000    
   8.17926502         0.00000000    
   8.28069973         0.00000000    
   8.38213348         0.00000000    
   8.48356724         0.00000000    
   8.58500195         0.00000000    
   8.68643570         0.00000000    
   8.78787041         0.00000000    
   8.88930416         0.00000000    
   8.99073792         0.00000000    
   9.09217262         0.00000000    
   9.19360638         0.00000000    
   9.29504013         0.00000000    
   9.39647484         0.00000000    
   9.49790859         0.00000000    
   9.59934330         0.00000000    
   9.70077705         0.00000000    
   9.80221081         0.00000000    
   9.90364552         0.00000000    
   10.0050793         0.00000000    
   10.1065140         0.00000000    
   10.2079477         0.00000000    
   10.3093815         0.00000000    
   10.4108162         0.00000000    
   10.5122499         0.00000000    
   10.6136837         0.00000000    
   10.7151184         0.00000000    
   10.8165522         0.00000000    
   10.9179869         0.00000000    
   11.0194206         0.00000000    
   11.1208544         0.00000000    
   11.2222891         0.00000000    
   11.3237228         0.00000000    
   11.4251575         0.00000000    
   11.5265913         0.00000000    
   11.6280251         0.00000000    
   11.7294598         0.00000000    
   11.8308935         0.00000000    
   11.9323273         0.00000000    
   12.0337620         0.00000000    
   12.1351957         0.00000000    
   12.2366304         0.00000000    
   12.3380642         0.00000000    
   12.4394979         0.00000000    
   12.5409327         0.00000000    
   12.6423664         0.00000000    
   12.7438011         0.00000000    
   12.8452349         0.00000000    
   12.9466686         0.00000000    
   13.0481033         0.00000000    
   13.1495371         0.00000000    
   13.2509708         0.00000000    
   13.3524055         0.00000000    
   13.4538393         0.00000000    
   13.5552740         0.00000000    
   13.6567078         0.00000000    
   13.7581415         0.00000000    
   13.8595762         0.00000000    
   13.9610100         0.00000000    
   14.0624447         0.00000000    
   14.1638784         0.00000000    
   14.2653122         0.00000000    
   14.3667469         0.00000000    
   14.4681807         0.00000000    
   14.5696154         0.00000000    
   14.6710491         0.00000000    
   14.7724829         0.00000000    
   14.8739176         0.00000000    
   14.9753513         0.00000000    
   15.0767851         0.00000000    
   15.1782198         0.00000000    
   15.2796535         0.00000000    
   15.3810883         0.00000000    
   15.4825220         0.00000000    
   15.5839558         0.00000000    
   15.6853905         0.00000000    
   15.7868242         0.00000000    
   15.8882589         0.00000000    
   15.9896927         0.00000000    
   16.0911274         0.00000000    
   16.1925602         0.00000000    
   16.2939949         0.00000000    
   16.3954296         0.00000000    
   16.4968624         0.00000000    
   16.5982971         0.00000000    
   16.6997318         0.00000000    
   16.8011646         0.00000000    
   16.9025993         0.00000000    
   17.0040340         0.00000000    
   17.1054688         0.00000000    
   17.2069016         0.00000000    
   17.3083363         0.00000000    
   17.4097710         0.00000000    
   17.5112038         0.00000000    
   17.6126385         0.00000000    
   17.7140732         0.00000000    
   17.8155060         0.00000000    
   17.9169407         0.00000000    
   18.0183754         0.00000000    
   18.1198101         0.00000000    
   18.2212429         0.00000000    
   18.3226776         0.00000000    
   18.4241123         0.00000000    
   18.5255451         0.00000000    
   18.6269798         0.00000000    
   18.7284145         0.00000000    
   18.8298473         0.00000000    
   18.9312820         0.00000000    
   19.0327168         0.00000000    
   19.1341496         0.00000000    
   19.2355843         0.00000000    
   19.3370190         0.00000000    
   19.4384537         0.00000000    
   19.5398865         0.00000000    
   19.6413212         0.00000000    
   19.7427559         0.00000000    
   19.8441887         0.00000000    
   19.9456234         0.00000000    
   20.0470581         0.00000000    
   20.1484909         0.00000000    
   20.2499256         0.00000000    
   20.3513603         0.00000000    
   20.4527931         0.00000000    
   20.5542278         0.00000000    
   20.6556625         0.00000000    
   20.7570972         0.00000000    
   20.8585300         0.00000000    
   20.9599648         0.00000000    
   21.0613995         0.00000000    
   21.1628323         0.00000000    
   21.2642670         0.00000000    
   21.3657017         0.00000000    
   21.4671345         0.00000000    
   21.5685692         0.00000000    
   21.6700039         0.00000000    
   21.7714367         0.00000000    
   21.8728714         0.00000000    
   21.9743061         0.00000000    
   22.0757408         0.00000000    
   22.1771736         0.00000000    
   22.2786083         0.00000000    
   22.3800430         0.00000000    
   22.4814758         0.00000000    
   22.5829105         0.00000000    
   22.6843452         0.00000000    
   22.7857780         0.00000000    
   22.8872128         0.00000000    
   22.9886475         0.00000000    
   23.0900803         0.00000000    
   23.1915150         0.00000000    
   23.2929497         0.00000000    
   23.3943844         0.00000000    
   23.4958172         0.00000000    
   23.5972519         0.00000000    
   23.6986866         0.00000000    
   23.8001194         0.00000000    
   23.9015541         0.00000000    
   24.0029888         0.00000000    
   24.1044216         0.00000000    
   24.2058563         0.00000000    
   24.3072910         0.00000000    
   24.4087238         0.00000000    
   24.5101585         0.00000000    
   24.6115932         0.00000000    
   24.7130280         0.00000000    
   24.8144608         0.00000000    
   24.9158955         0.00000000    
   25.0173302         0.00000000    
   25.1187630         0.00000000    
   25.2201977         0.00000000    
   25.3216324         0.00000000    
   25.4230652         0.00000000    
   25.5244999         0.00000000    
   25.6259346         0.00000000    
   25.7273674         0.00000000    
   25.8288021         0.00000000    
   25.9302368         0.00000000    
   26.0316715         0.00000000    
   26.1331043         0.00000000    
   26.2345390         0.00000000    
   26.3359737         0.00000000    
   26.4374065         0.00000000    
   26.5388412         0.00000000    
   26.6402760         0.00000000    
   26.7417088         0.00000000    
   26.8431435         0.00000000    
   26.9445782         0.00000000    
   27.0460110         0.00000000    
   27.1474457         0.00000000    
   27.2488804         0.00000000    
   27.3503151         0.00000000    
   27.4517479         0.00000000    
   27.5531826         0.00000000    
   27.6546173         0.00000000    
   27.7560501         0.00000000    
   27.8574848         0.00000000    
   27.9589195         0.00000000    
   28.0603523         0.00000000    
   28.1617870         0.00000000    
   28.2632217         0.00000000    
   28.3646545         0.00000000    
   28.4660892         0.00000000    
   28.5675240         0.00000000    
   28.6689587         0.00000000    
   28.7703915         0.00000000    
   28.8718262         0.00000000    
   28.9732609         0.00000000    
   29.0746937         0.00000000    
   29.1761284         0.00000000    
   29.2775631         0.00000000    
   29.3789959         0.00000000    
   29.4804306         0.00000000    
   29.5818653         0.00000000    
   29.6832981         0.00000000    
   29.7847328         0.00000000    
   29.8861675         0.00000000    
   29.9876022         0.00000000    
   30.0890350         0.00000000    
   30.1904697         0.00000000    
   30.2919044         0.00000000    
   30.3933372         0.00000000    
   30.4947720         0.00000000    
   30.5962067         0.00000000    
   30.6976395         0.00000000    
   30.7990742         0.00000000    
   30.9005089         0.00000000    
   31.0019417         0.00000000    
   31.1033764         0.00000000    
   31.2048111         0.00000000    
   31.3062458         0.00000000    
   31.4076786         0.00000000    
   31.5091133         0.00000000    
   31.6105480         0.00000000    
   31.7119808         0.00000000    
   31.8134155         0.00000000    
   31.9148502         0.00000000    
   32.0162849         0.00000000    
   32.1177177         0.00000000    
   32.2191505         0.00000000    
   32.3205872         0.00000000    
   32.4220200         0.00000000    
   32.5234528         0.00000000    
   32.6248894         0.00000000    
   32.7263222         0.00000000    
   32.8277550         0.00000000    
   32.9291916         0.00000000    
   33.0306244         0.00000000    
   33.1320610         0.00000000    
   33.2334938         0.00000000    
   33.3349266         0.00000000    
   33.4363632         0.00000000    
   33.5377960         0.00000000    
   33.6392288         0.00000000    
   33.7406654         0.00000000    
   33.8420982         0.00000000    
   33.9435310         0.00000000    
   34.0449677         0.00000000    
   34.1464005         0.00000000    
   34.2478333         0.00000000    
   34.3492699         0.00000000    
   34.4507027         0.00000000    
   34.5521355         0.00000000    
   34.6535721         0.00000000    
   34.7550049         0.00000000    
   34.8564377         0.00000000    
   34.9578743         0.00000000    
   35.0593071         0.00000000    
   35.1607399         0.00000000    
   35.2621765         0.00000000    
   35.3636093         0.00000000    
   35.4650421         0.00000000    
   35.5664787         0.00000000    
   35.6679115         0.00000000    
   35.7693481         0.00000000    
   35.8707809         0.00000000    
   35.9722137         0.00000000    
   36.0736504         0.00000000    
   36.1750832         0.00000000    
   36.2765160         0.00000000    
   36.3779526         0.00000000    
   36.4793854         0.00000000    
   36.5808182         0.00000000    
   36.6822548         0.00000000    
   36.7836876         0.00000000    
   36.8851204         0.00000000    
   36.9865570         0.00000000    
   37.0879898         0.00000000    
   37.1894226         0.00000000    
   37.2908592         0.00000000    
   37.3922920         0.00000000    
   37.4937248         0.00000000    
   37.5951614         0.00000000    
   37.6965942         0.00000000    
   37.7980270         0.00000000    
   37.8994637         0.00000000    
   38.0008965         0.00000000    
   38.1023293         0.00000000    
   38.2037659         0.00000000    
   38.3051987         0.00000000    
   38.4066353         0.00000000    
   38.5080681         0.00000000    
   38.6095009         0.00000000    
   38.7109375         0.00000000    
   38.8123703         0.00000000    
   38.9138031         0.00000000    
   39.0152397         0.00000000    
   39.1166725         0.00000000    
   39.2181053         0.00000000    
   39.3195419         0.00000000    
   39.4209747         0.00000000    
   39.5224075         0.00000000    
   39.6238441         0.00000000    
   39.7252769         0.00000000    
   39.8267097         0.00000000    
   39.9281464        -2.71896810E-32
   40.0295792        -8.00227889E-32
   40.1310120        -1.57177830E-31
   40.2324486        -2.34332119E-31
   40.3338814        -2.66372028E-31
   40.4353142        -2.51630129E-31
   40.5367508        -1.73765560E-31
   40.6381836        -3.43006548E-32
   40.7396202         1.34100689E-31
   40.8410530         3.33689533E-31
   40.9424858         5.12853186E-31
   41.0439224         6.04833409E-31
   41.1453552         5.73471173E-31
   41.2467880         4.57024869E-31
   41.3482246         3.22586377E-31
   41.4496574         2.27165741E-31
   41.5510902         1.82570224E-31
   41.6525269         9.95086296E-32
   41.7539597        -8.88728390E-33
   41.8553925        -1.49544746E-31
   41.9568291        -2.51089284E-31
   42.0582619        -2.02926624E-31
   42.1596947         7.35943769E-34
   42.2611313         3.08513077E-31
   42.3625641         6.23777488E-31
   42.4639969         7.69840748E-31
   42.5654335         6.58643967E-31
   42.6668663         3.12869200E-31
   42.7682991        -2.00929882E-31
   42.8697357        -8.12304212E-31
   42.9711685        -1.39138809E-30
   43.0726013        -1.91569111E-30
   43.1740379        -2.41583931E-30
   43.2754707        -2.88050903E-30
   43.3769073        -3.28110002E-30
   43.4783401        -3.49892495E-30
   43.5797729        -3.40240727E-30
   43.6812096        -3.94084500E-30
   43.7826424        -5.14692364E-30
   43.8840752        -5.81663080E-30
   43.9855118        -7.43720568E-30
   44.0869446        -6.13813170E-30
   44.1883774         1.91767440E-30
   44.2898140         1.58446226E-29
   44.3912468         3.53348441E-29
   44.4926796         5.74288235E-29
   44.5941162         7.20056817E-29
   44.6955490         7.60951472E-29
   44.7969818         6.78707944E-29
   44.8984184         5.58027007E-29
   44.9998512         3.60573898E-29
   45.1012840         1.33322230E-29
   45.2027206        -2.35372638E-30
   45.3041534        -1.48247103E-29
   45.4055862        -1.83027141E-29
   45.5070229        -2.27567927E-29
   45.6084557        -3.41627833E-29
   45.7098885        -5.65686009E-29
   45.8113251        -9.38348939E-29
   45.9127579        -1.49918889E-28
   46.0141945        -2.20664892E-28
   46.1156273        -3.04316503E-28
   46.2170601        -3.94457777E-28
   46.3184967        -4.90506575E-28
   46.4199295        -5.84384779E-28
   46.5213623        -6.60781219E-28
   46.6227989        -7.12766065E-28
   46.7242317        -7.37451961E-28
   46.8256645        -7.28203597E-28
   46.9271011        -6.74667030E-28
   47.0285339        -5.69346155E-28
   47.1299667        -4.10670809E-28
   47.2314034        -1.89815202E-28
   47.3328362         9.33785870E-29
   47.4342690         4.38262596E-28
   47.5357056         8.36685886E-28
   47.6371384         1.28330326E-27
   47.7385712         1.76469494E-27
   47.8400078         2.26215340E-27
   47.9414406         2.75089298E-27
   48.0428734         3.20285405E-27
   48.1443100         3.58471029E-27
   48.2457428         3.85740926E-27
   48.3471756         3.97940036E-27
   48.4486122         3.90818217E-27
   48.5500450         3.60957174E-27
   48.6514816         3.06356713E-27
   48.7529144         2.25346361E-27
   48.8543472         1.16827353E-27
   48.9557838        -1.88337712E-28
   49.0572166        -1.80609627E-27
   49.1586494        -3.65654132E-27
   49.2600861        -5.70195596E-27
   49.3615189        -7.88497290E-27
   49.4629517        -1.01339853E-26
   49.5643883        -1.23549962E-26
   49.6658211        -1.44333504E-26
   49.7672539        -1.62385554E-26
   49.8686905        -1.76208800E-26
   49.9701233        -1.84240205E-26
   50.0715561        -1.84874037E-26
   50.1729927        -1.76606559E-26
   50.2744255        -1.58066340E-26
   50.3758583        -1.28161378E-26
   50.4772949        -8.61629318E-27
   50.5787277        -3.17865108E-27
   50.6801605         3.47148526E-27
   50.7815971         1.12491950E-26
   50.8830299         1.99982649E-26
   50.9844627         2.94906189E-26
   51.0858994         3.94180975E-26
   51.1873322         4.93905320E-26
   51.2887688         5.89366795E-26
   51.3902016         6.75107348E-26
   51.4916344         7.45039682E-26
   51.5930710         7.92647129E-26
   51.6945038         8.11230659E-26
   51.7959366         7.94218195E-26
   51.8973732         7.35532614E-26
   51.9988060         6.29994734E-26
   52.1002388         4.73745178E-26
   52.2016754         2.64678857E-26
   52.3031082         2.86128358E-28
   52.4045410        -3.09077767E-26
   52.5059776        -6.65597321E-26
   52.6074104        -1.05797082E-25
   52.7088432        -1.47411085E-25
   52.8102798        -1.89849817E-25
   52.9117126        -2.31228148E-25
   53.0131454        -2.69354806E-25
   53.1145821        -3.01780243E-25
   53.2160149        -3.25866508E-25
   53.3174477        -3.38880741E-25
   53.4188843        -3.38111257E-25
   53.5203171        -3.21005202E-25
   53.6217537        -2.85323397E-25
   53.7231865        -2.29310057E-25
   53.8246193        -1.51869024E-25
   53.9260559        -5.27399984E-26
   54.0274887         6.73336725E-26
   54.1289215         2.06455733E-25
   54.2303581         3.61457028E-25
   54.3317909         5.27817267E-25
   54.4332237         6.99635018E-25
   54.5346603         8.69664125E-25
   54.6360931         1.02941812E-24
   54.7375259         1.16935790E-24
   54.8389626         1.27916330E-24
   54.9403954         1.34809170E-24
   55.0418282         1.36542406E-24
   55.1432648         1.32098949E-24
   55.2446976         1.20576009E-24
   55.3461304         1.01249567E-24
   55.4475670         7.36416742E-25
   55.5489998         3.75877406E-25
   55.6504326        -6.69953990E-26
   55.7518692        -5.85733758E-25
   55.8533020        -1.16907480E-24
   55.9547348        -1.80065765E-24
   56.0561714        -2.45891908E-24
   56.1576042        -3.11722094E-24
   56.2590408        -3.74425098E-24
   56.3604736        -4.30471535E-24
   56.4619064        -4.76035155E-24
   56.5633430        -5.07125425E-24
   56.6647758        -5.19751184E-24
   56.7662086        -5.10113039E-24
   56.8676453        -4.74818613E-24
   56.9690781        -4.11116083E-24
   57.0705109        -3.17135455E-24
   57.1719475        -1.92129381E-24
   57.2733803        -3.66999861E-25
   57.3748131         1.47000887E-24
   57.4762497         3.55112994E-24
   57.5776825         5.81963950E-24
   57.6791153         8.20035899E-24
   57.7805519         1.06001622E-23
   57.8819847         1.29094176E-23
   57.9834175         1.50044626E-23
   58.0848541         1.67511758E-23
   58.1862869         1.80096329E-23
   58.2877197         1.86397813E-23
   58.3891563         1.85080715E-23
   58.4905891         1.74948854E-23
   58.5920219         1.55024626E-23
   58.6934586         1.24631046E-23
   58.7948914         8.34727408E-24
   58.8963280         3.17118159E-24
   58.9977608        -2.99658025E-24
   59.0991936        -1.00298047E-23
   59.2006302        -1.77413871E-23
   59.3020630        -2.58823496E-23
   59.4034958        -3.41436512E-23
   59.5049324        -4.21612264E-23
   59.6063652        -4.95242490E-23
   59.7077980        -5.57870694E-23
   59.8092346        -6.04846036E-23
   59.9106674        -6.31510418E-23
   60.0121002        -6.33415864E-23
   60.1135368        -6.06565626E-23
   60.2149696        -5.47670912E-23
   60.3164024        -4.54415909E-23
   60.4178391        -3.25716818E-23
   60.5192719        -1.61964235E-23
   60.6207047         3.47673523E-24
   60.7221413         2.60555140E-23
   60.8235741         5.09526426E-23
   60.9250069         7.73831275E-23
   61.0264435         1.04370400E-22
   61.1278763         1.30762417E-22
   61.2293091         1.55258239E-22
   61.3307457         1.76445756E-22
   61.4321785         1.92850225E-22
   61.5336151         2.02993020E-22
   61.6350479         2.05459328E-22
   61.7364807         1.98973679E-22
   61.8379173         1.82479355E-22
   61.9393501         1.55220235E-22
   62.0407829         1.16820872E-22
   62.1422195         6.73606181E-23
   62.2436523         7.43777820E-24
   62.3450851        -6.17805632E-23
   62.4465218        -1.38527963E-22
   62.5479546        -2.20431087E-22
   62.6493874        -3.04528860E-22
   62.7508240        -3.87322677E-22
   62.8522568        -4.64857228E-22
   62.9536896        -5.32835682E-22
   63.0551262        -5.86767515E-22
   63.1565590        -6.22145288E-22
   63.2579918        -6.34650337E-22
   63.3594284        -6.20377836E-22
   63.4608612        -5.76076670E-22
   63.5622940        -4.99393382E-22
   63.6637306        -3.89110198E-22
   63.7651634        -2.45365302E-22
   63.8665962        -6.98420653E-23
   63.9680328         1.34085515E-22
   64.0694656         3.61264241E-22
   64.1708984         6.04742537E-22
   64.2723312         8.55831334E-22
   64.3737717         1.10425461E-21
   64.4752045         1.33839287E-21
   64.5766373         1.54562454E-21
   64.6780701         1.71276167E-21
   64.7795029         1.82657393E-21
   64.8809357         1.87438804E-21
   64.9823761         1.84474787E-21
   65.0838089         1.72810874E-21
   65.1852417         1.51754472E-21
   65.2866745         1.20943358E-21
   65.3881073         8.04084381E-22
   65.4895477         3.06273568E-22
   65.5909805        -2.74351964E-22
   65.6924133        -9.23036325E-22
   65.7938461        -1.61988379E-21
   65.8952789        -2.34005538E-21
   65.9967117        -3.05422345E-21
   66.0981522        -3.72929492E-21
   66.1995850        -4.32941203E-21
   66.3010178        -4.81720787E-21
   66.4024506        -5.15531875E-21
   66.5038834        -5.30808786E-21
   66.6053162        -5.24343893E-21
   66.7067566        -4.93482867E-21
   66.8081894        -4.36321536E-21
   66.9096222        -3.51894507E-21
   67.0110550        -2.40346657E-21
   67.1124878        -1.03075641E-21
   67.2139206         5.71630069E-22
   67.3153610         2.36200677E-21
   67.4167938         4.28456656E-21
   67.5182266         6.27006459E-21
   67.6196594         8.23719621E-21
   67.7210922         1.00947111E-20
   67.8225327         1.17442942E-20
   67.9239655         1.30841216E-20
   68.0253983         1.40130680E-20
   68.1268311         1.44354278E-20
   68.2282639         1.42660076E-20
   68.3296967         1.34354044E-20
   68.4311371         1.18952296E-20
   68.5325699         9.62306624E-21
   68.6340027         6.62684641E-21
   68.7354355         2.94841360E-21
   68.8368683        -1.33404008E-21
   68.9383011        -6.10487080E-21
   69.0397415        -1.12114824E-20
   69.1411743        -1.64666198E-20
   69.2426071        -2.16524881E-20
   69.3440399        -2.65268728E-20
   69.4454727        -3.08310894E-20
   69.5469055        -3.42997614E-20
   69.6483459        -3.66720669E-20
   69.7497787        -3.77042526E-20
   69.8512115        -3.71828316E-20
   69.9526443        -3.49381478E-20
   70.0540771        -3.08574558E-20
   70.1555099        -2.48971493E-20
   70.2569504        -1.70931849E-20
   70.3583832        -7.56921798E-21
   70.4598160         3.45837873E-21
   70.5612488         1.56790421E-20
   70.6626816         2.86907628E-20
   70.7641220         4.20073787E-20
   70.8655548         5.50704863E-20
   70.9669876         6.72661659E-20
   71.0684204         7.79462502E-20
   71.1698532         8.64535701E-20
   71.2712860         9.21507637E-20
   71.3727264         9.44513727E-20
   71.4741592         9.28523679E-20
   71.5755920         8.69665578E-20
   71.6770248         7.65536270E-20
   71.7784576         6.15478017E-20
   71.8798904         4.20810139E-20
   71.9813309         1.84995487E-20
   72.0827637        -8.62710847E-21
   72.1841965        -3.85065952E-20
   72.2856293        -7.01340527E-20
   72.3870621        -1.02313382E-19
   72.4884949        -1.33689499E-19
   72.5899353        -1.62791303E-19
   72.6913681        -1.88084702E-19
   72.7928009        -2.08034296E-19
   72.8942337        -2.21171578E-19
   72.9956665        -2.26167904E-19
   73.0971069        -2.21908493E-19
   73.1985397        -2.07565439E-19
   73.2999725        -1.82664976E-19
   73.4014053        -1.47146112E-19
   73.5028381        -1.01407134E-19
   73.6042709        -4.63362410E-20
   73.7057114         1.66763004E-20
   73.8071442         8.57475585E-20
   73.9085770         1.58533934E-19
   74.0100098         2.32286818E-19
   74.1114426         3.03932523E-19
   74.2128754         3.70173276E-19
   74.3143158         4.27610216E-19
   74.4157486         4.72880803E-19
   74.5171814         5.02810059E-19
   74.6186142         5.14566673E-19
   74.7200470         5.05820272E-19
   74.8214798         4.74890800E-19
   74.9229202         4.20884333E-19
   75.0243530         3.43806584E-19
   75.1257858         2.44648386E-19
   75.2272186         1.25435232E-19
   75.3286514        -1.07631796E-20
   75.4300842        -1.59867724E-19
   75.5315247        -3.16872239E-19
   75.6329575        -4.75973218E-19
   75.7343903        -6.30744863E-19
   75.8358231        -7.74357996E-19
   75.9372559        -8.99833023E-19
   76.0386963        -1.00032358E-18
   76.1401291        -1.06941653E-18
   76.2415619        -1.10143969E-18
   76.3429947        -1.09176446E-18
   76.4444275        -1.03708514E-18
   76.5458603        -9.35670727E-19
   76.6473007        -7.87564348E-19
   76.7487335        -5.94726730E-19
   76.8501663        -3.61109651E-19
   76.9515991        -9.26508267E-20
   77.0530319         2.02815678E-19
   77.1544647         5.15733360E-19
   77.2559052         8.35083289E-19
   77.3573380         1.14872350E-18
   77.4587708         1.44380147E-18
   77.5602036         1.70721889E-18
   77.6616364         1.92614879E-18
   77.7630692         2.08856735E-18
   77.8645096         2.18379425E-18
   77.9659424         2.20301275E-18
   78.0673752         2.13974791E-18
   78.1688080         1.99027907E-18
   78.2702408         1.75396783E-18
   78.3716812         1.43348332E-18
   78.4731140         1.03490593E-18
   78.5745468         5.67704187E-19
   78.6759796         4.45742623E-20
   78.7774124        -5.18855812E-19
   78.8788452        -1.10445507E-18
   78.9802856        -1.69213494E-18
   79.0817184        -2.26050098E-18
   79.1831512        -2.78758729E-18
   79.2845840        -3.25164595E-18
   79.3860168        -3.63196850E-18
   79.4874496        -3.90969191E-18
   79.5888901        -4.06859124E-18
   79.6903229        -4.09578274E-18
   79.7917557        -3.98234774E-18
   79.8931885        -3.72382319E-18
   79.9946213        -3.32055672E-18
   80.0960541        -2.77789129E-18
   80.1974945        -2.10618444E-18
   80.2989273        -1.32064937E-18
   80.4003601        -4.41023906E-19
   80.5017929         5.08925509E-19
   80.6032257         1.50204822E-18
   80.7046585         2.50856914E-18
   80.8060989         3.49696560E-18
   80.9075317         4.43489783E-18
   81.0089645         5.29018356E-18
   81.1103973         6.03178324E-18
   81.2118301         6.63075341E-18
   81.3132706         7.06115120E-18
   81.4147034         7.30085325E-18
   81.5161362         7.33227453E-18
   81.6175690         7.14297839E-18
   81.7190018         6.72614677E-18
   81.8204346         6.08091033E-18
   81.9218750         5.21255928E-18
   82.0233078         4.13260716E-18
   82.1247406         2.85872131E-18
   82.2261734         1.41454357E-18
   82.3276062        -1.70605252E-19
   82.4290390        -1.86213286E-18
   82.5304794        -3.62066756E-18
   82.6319122        -5.40266276E-18
   82.7333450        -7.16107462E-18
   82.8347778        -8.84613582E-18
   82.9362106        -1.04062580E-17
   83.0376434        -1.17889905E-17
   83.1390839        -1.29421216E-17
   83.2405167        -1.38149022E-17
   83.3419495        -1.43593624E-17
   83.4433823        -1.45317618E-17
   83.5448151        -1.42941508E-17
   83.6462555        -1.36160050E-17
   83.7476883        -1.24759185E-17
   83.8491211        -1.08632976E-17
   83.9505539        -8.78001597E-18
   84.0519867        -6.24194792E-18
   84.1534195        -3.28027281E-18
   84.2548599         5.74927813E-20
   84.3562927         3.70686226E-18
   84.4577255         7.58627606E-18
   84.5591583         1.15975569E-17
   84.6605911         1.56270614E-17
   84.7620239         1.95475865E-17
   84.8634644         2.32210542E-17
   84.9648972         2.65019735E-17
   85.0663300         2.92418008E-17
   85.1677628         3.12938241E-17
   85.2691956         3.25188389E-17
   85.3706284         3.27911600E-17
   85.4720688         3.20049513E-17
   85.5735016         3.00805289E-17
   85.6749344         2.69704158E-17
   85.7763672         2.26648629E-17
   85.8778000         1.71964960E-17
   85.9792404         1.06437399E-17
   86.0806732         3.13284669E-18
   86.1821060        -5.16186841E-18
   86.2835388        -1.40197171E-17
   86.3849716        -2.31774419E-17
   86.4864044        -3.23351188E-17
   86.5878448        -4.11643123E-17
   86.6892776        -4.93181393E-17
   86.7907104        -5.64431588E-17
   86.8921432        -6.21927192E-17
   86.9935760        -6.62413381E-17
   87.0950089        -6.82994495E-17
   87.1964493        -6.81281768E-17
   87.2978821        -6.55532562E-17
   87.3993149        -6.04775238E-17
   87.5007477        -5.28912916E-17
   87.6021805        -4.28798882E-17
   87.7036133        -3.06280033E-17
   87.8050537        -1.64200414E-17
   87.9064865        -6.36512173E-19
   88.0079193         1.62539518E-17
   88.1093521         3.37068787E-17
   88.2107849         5.11184251E-17
   88.3122177         6.78452877E-17
   88.4136581         8.32278824E-17
   88.5150909         9.66158470E-17
   88.6165237         1.07394546E-16
   88.7179565         1.15012370E-16
   88.8193893         1.19006567E-16
   88.9208298         1.19027174E-16
   89.0222626         1.14857694E-16
   89.1236954         1.06431318E-16
   89.2251282         9.38415957E-17
   89.3265610         7.73471445E-17
   89.4279938         5.73693298E-17
   89.5294342         3.44832903E-17
   89.6308670         9.40163393E-18
   89.7322998        -1.70483231E-17
   89.8337326        -4.39530955E-17
   89.9351654        -7.03468473E-17
   90.0365982        -9.52484446E-17
   90.1380386        -1.17701170E-16
   90.2394714        -1.36811862E-16
   90.3409042        -1.51790117E-16
   90.4423370        -1.61983100E-16
   90.5437698        -1.66906135E-16
   90.6452026        -1.66266625E-16
   90.7466431        -1.59980145E-16
   90.8480759        -1.48177972E-16
   90.9495087        -1.31205205E-16
   91.0509415        -1.09609021E-16
   91.1523743        -8.41183655E-17
   91.2538147        -5.56144959E-17
   91.3552475        -2.50948334E-17
   91.4566803         6.36905745E-18
   91.5581131         3.76770545E-17
   91.6595459         6.77474884E-17
   91.7609787         9.55632960E-17
   91.8624191         1.20214675E-16
   91.9638519         1.40936661E-16
   92.0652847         1.57139104E-16
   92.1667175         1.68426890E-16
   92.2681503         1.74610800E-16
   92.3695831         1.75706715E-16
   92.4710236         1.71924395E-16
   92.5724564         1.63645521E-16
   92.6738892         1.51392925E-16
   92.7753220         1.35792802E-16
   92.8767548         1.17531632E-16
   92.9781876         9.73116647E-17
   93.0796280         7.58065040E-17
   93.1810608         5.36210038E-17
   93.2824936         3.12578683E-17
   93.3839264         9.09342560E-18
   93.4853592        -1.26351524E-17
   93.5867920        -3.38298110E-17
   93.6882324        -5.45182698E-17
   93.7896652        -7.48272810E-17
   93.8910980        -9.49444855E-17
   93.9925308        -1.15070299E-16
   94.0939636        -1.35362853E-16
   94.1954041        -1.55880836E-16
   94.2968369        -1.76527450E-16
   94.3982697        -1.97000223E-16
   94.4997025        -2.16753190E-16
   94.6011353        -2.34973081E-16
   94.7025681        -2.50576195E-16
   94.8040085        -2.62227663E-16
   94.9054413        -2.68385195E-16
   95.0068741        -2.67367856E-16
   95.1083069        -2.57449285E-16
   95.2097397        -2.36971787E-16
   95.3111725        -2.04476850E-16
   95.4126129        -1.58847291E-16
   95.5140457        -9.94503567E-17
   95.6154785        -2.62769357E-17
   95.7169113         5.99360513E-17
   95.8183441         1.57608559E-16
   95.9197769         2.64254295E-16
   96.0212173         3.76462417E-16
   96.1226501         4.89929415E-16
   96.2240829         5.99548237E-16
   96.3255157         6.99554294E-16
   96.4269485         7.83732481E-16
   96.5283890         8.45676953E-16
   96.6298218         8.79100185E-16
   96.7312546         8.78177608E-16
   96.8326874         8.37916120E-16
   96.9341202         7.54527314E-16
   97.0355530         6.25789371E-16
   97.1369934         4.51373428E-16
   97.2384262         2.33114928E-16
   97.3398590        -2.47910463E-17
   97.4412918        -3.15690424E-16
   97.5427246        -6.30481722E-16
   97.6441574        -9.57752541E-16
   97.7455978        -1.28404763E-15
   97.8470306        -1.59427059E-15
   97.9484634        -1.87221175E-15
   98.0498962        -2.10119482E-15
   98.1513290        -2.26481554E-15
   98.2527618        -2.34775595E-15
   98.3542023        -2.33663250E-15
   98.4556351        -2.22084543E-15
   98.5570679        -1.99338743E-15
   98.6585007        -1.65156760E-15
   98.7599335        -1.19760654E-15
   98.8613739        -6.39062112E-16
   98.9628067         1.09534876E-17
   99.0642395         7.33795812E-16
   99.1656723         1.50556729E-15
   99.2671051         2.29767470E-15
   99.3685379         3.07765885E-15
   99.4699783         3.81027903E-15
   99.5714111         4.45883776E-15
   99.6728439         4.98669514E-15
   99.7742767         5.35892038E-15
   99.8757095         5.54402800E-15
   99.9771423         5.51570449E-15
   100.078583         5.25446513E-15
   100.180016         4.74914814E-15
   100.281448         3.99815941E-15
   100.382881         3.01039914E-15
   100.484314         1.80579462E-15
   100.585747         4.15377519E-16
   100.687187        -1.11912185E-15
   100.788620        -2.74620258E-15
   100.890053        -4.40603246E-15
   100.991486        -6.03237680E-15
   101.092918        -7.55496553E-15
   101.194351        -8.90223665E-15
   101.295792        -1.00043434E-14
   101.397224        -1.07963243E-14
   101.498657        -1.12213002E-14
   101.600090        -1.12335610E-14
   101.701523        -1.08013633E-14
   101.802963        -9.90936391E-15
   101.904396        -8.56045293E-15
   102.005829        -6.77694883E-15
   102.107262        -4.60101563E-15
   102.208694        -2.09421993E-15
   102.310127         6.63797380E-16
   102.411568         3.57752285E-15
   102.513000         6.53864119E-15
   102.614433         9.42986449E-15
   102.715866         1.21294390E-14
   102.817299         1.45160932E-14
   102.918732         1.64743351E-14
   103.020172         1.78998086E-14
   103.121605         1.87045017E-14
   103.223038         1.88215481E-14
   103.324471         1.82094008E-14
   103.425903         1.68551154E-14
   103.527336         1.47765779E-14
   103.628777         1.20234777E-14
   103.730209         8.67691319E-15
   103.831642         4.84759116E-15
   103.933075         6.72554960E-16
   104.034508        -3.68943327E-15
   104.135948        -8.06375874E-15
   104.237381        -1.22669048E-14
   104.338814        -1.61141581E-14
   104.440247        -1.94278238E-14
   104.541679        -2.20456079E-14
   104.643112        -2.38287309E-14
   104.744553        -2.46694517E-14
   104.845985        -2.44975599E-14
   104.947418        -2.32855269E-14
   105.048851        -2.10519688E-14
   105.150284        -1.78631608E-14
   105.251717        -1.38324123E-14
   105.353157        -9.11722971E-15
   105.454590        -3.91425614E-15
   105.556023         1.54794689E-15
   105.657455         7.01798561E-15
   105.758888         1.22323602E-14
   105.860321         1.69273826E-14
   105.961761         2.08517658E-14
   106.063194         2.37794657E-14
   106.164627         2.55219667E-14
   106.266060         2.59396488E-14
   106.367493         2.49514307E-14
   106.468925         2.25422742E-14
   106.570366         1.87679360E-14
   106.671799         1.37567485E-14
   106.773232         7.70789733E-15
   106.874664         8.86318494E-16
   106.976097        -6.38596562E-15
   107.077538        -1.37417560E-14
   107.178970        -2.07835898E-14
   107.280403        -2.71011021E-14
   107.381836        -3.22901360E-14
   107.483269        -3.59729811E-14
   107.584702        -3.78186455E-14
   107.686142        -3.75624824E-14
   107.787575        -3.50238874E-14
   107.889008        -3.01215385E-14
   107.990440        -2.28848058E-14
   108.091873        -1.34610722E-14
   108.193306        -2.11786379E-15
   108.294746         1.07602932E-14
   108.396179         2.46807257E-14
   108.497612         3.90569907E-14
   108.599045         5.32287634E-14
   108.700478         6.64863536E-14
   108.801910         7.80993786E-14
   108.903351         8.73483686E-14
   109.004784         9.35582788E-14
   109.106216         9.61323306E-14
   109.207649         9.45848556E-14
   109.309082         8.85715858E-14
   109.410522         7.79159520E-14
   109.511955         6.26297313E-14
   109.613388         4.29271656E-14
   109.714821         1.92310869E-14
   109.816254        -7.82931781E-15
   109.917686        -3.74298642E-14
   110.019127        -6.85718030E-14
   110.120560        -1.00110953E-13
   110.221992        -1.30794952E-13
   110.323425        -1.59307558E-13
   110.424858        -1.84318340E-13
   110.526291        -2.04536312E-13
   110.627731        -2.18765246E-13
   110.729164        -2.25958466E-13
   110.830597        -2.25270920E-13
   110.932030        -2.16106403E-13
   111.033463        -1.98157083E-13
   111.134895        -1.71434020E-13
   111.236336        -1.36286395E-13
   111.337769        -9.34085437E-14
   111.439201        -4.38334197E-14
   111.540634         1.10877163E-14
   111.642067         6.97191125E-14
   111.743507         1.30187229E-13
   111.844940         1.90439651E-13
   111.946373         2.48312872E-13
   112.047806         3.01608727E-13
   112.149239         3.48174939E-13
   112.250671         3.85987954E-13
   112.352112         4.13234442E-13
   112.453545         4.28387767E-13
   112.554977         4.30277504E-13
   112.656410         4.18147233E-13
   112.757843         3.91699314E-13
   112.859276         3.51124403E-13
   112.960716         2.97112270E-13
   113.062149         2.30845779E-13
   113.163582         1.53974937E-13
   113.265015         6.85731989E-14
   113.366447        -2.29230900E-14
   113.467880        -1.17791004E-13
   113.569321        -2.13109546E-13
   113.670753        -3.05857444E-13
   113.772186        -3.93017677E-13
   113.873619        -4.71682209E-13
   113.975052        -5.39156447E-13
   114.076485        -5.93056799E-13
   114.177925        -6.31396899E-13
   114.279358        -6.52661844E-13
   114.380791        -6.55865336E-13
   114.482224        -6.40586325E-13
   114.583656        -6.06987008E-13
   114.685097        -5.55807624E-13
   114.786530        -4.88340867E-13
   114.887962        -4.06384670E-13
   114.989395        -3.12178262E-13
   115.090828        -2.08319866E-13
   115.192261        -9.76742829E-14
   115.293701         1.67296884E-14
   115.395134         1.31805672E-13
   115.496567         2.44516565E-13
   115.598000         3.51975176E-13
   115.699432         4.51538085E-13
   115.800865         5.40885099E-13
   115.902306         6.18082517E-13
   116.003738         6.81629503E-13
   116.105171         7.30481973E-13
   116.206604         7.64057925E-13
   116.308037         7.82219179E-13
   116.409470         7.85236297E-13
   116.510910         7.73737248E-13
   116.612343         7.48638456E-13
   116.713776         7.11069550E-13
   116.815208         6.62292812E-13
   116.916641         6.03618663E-13
   117.018082         5.36328198E-13
   117.119514         4.61605146E-13
   117.220947         3.80478418E-13
   117.322380         2.93782522E-13
   117.423813         2.02139127E-13
   117.525246         1.05958082E-13
   117.626686         5.46045930E-15
   117.728119        -9.92758596E-14
   117.829552        -2.08251466E-13
   117.930984        -3.21465158E-13
   118.032417        -4.38821695E-13
   118.133850        -5.60031351E-13
   118.235291        -6.84510174E-13
   118.336723        -8.11284037E-13
   118.438156        -9.38906071E-13
   118.539589        -1.06539484E-12
   118.641022        -1.18819060E-12
   118.742455        -1.30414809E-12
   118.843895        -1.40955921E-12
   118.945328        -1.50021304E-12
   119.046761        -1.57149532E-12
   119.148193        -1.61851890E-12
   119.249626        -1.63629396E-12
   119.351059        -1.61992728E-12
   119.452499        -1.56484233E-12
   119.553932        -1.46701542E-12
   119.655365        -1.32322159E-12
   119.756798        -1.13127292E-12
   119.858231        -8.90246427E-13
   119.959671        -6.00681560E-13
   120.061104        -2.64747317E-13
   120.162537         1.13645719E-13
   120.263969         5.28771579E-13
   120.365402         9.73103867E-13
   120.466835         1.43736954E-12
   120.568275         1.91069556E-12
   120.669708         2.38081191E-12
   120.771141         2.83433021E-12
   120.872574         3.25708275E-12
   120.974007         3.63451890E-12
   121.075439         3.95213419E-12
   121.176880         4.19594090E-12
   121.278313         4.35296157E-12
   121.379745         4.41170234E-12
   121.481178         4.36262268E-12
   121.582611         4.19856988E-12
   121.684044         3.91516420E-12
   121.785484         3.51111002E-12
   121.886917         2.98843198E-12
   121.988350         2.35262135E-12
   122.089783         1.61267614E-12
   122.191216         7.81033658E-13
   122.292656        -1.26599306E-13
   122.394089        -1.09153008E-12
   122.495522        -2.09246596E-12
   122.596954        -3.10598791E-12
   122.698387        -4.10711222E-12
   122.799820        -5.06992018E-12
   122.901260        -5.96822721E-12
   123.002693        -6.77628309E-12
   123.104126        -7.46950418E-12
   123.205559        -8.02515259E-12
   123.306992        -8.42300622E-12
   123.408424        -8.64597890E-12
   123.509865        -8.68064561E-12
   123.611298        -8.51770043E-12
   123.712730        -8.15228614E-12
   123.814163        -7.58424313E-12
   123.915596        -6.81820572E-12
   124.017029        -5.86357959E-12
   124.118469        -4.73441815E-12
   124.219902        -3.44916261E-12
   124.321335        -2.03027027E-12
   124.422768        -5.03753994E-13
   124.524200         1.10137084E-12
   124.625633         2.75370612E-12
   124.727074         4.42013440E-12
   124.828506         6.06652922E-12
   124.929939         7.65844593E-12
   125.031372         9.16186831E-12
   125.132805         1.05438618E-11
   125.234245         1.17732412E-11
   125.335678         1.28211703E-11
   125.437111         1.36616794E-11
   125.538544         1.42721512E-11
   125.639977         1.46337074E-11
   125.741409         1.47315042E-11
   125.842850         1.45550065E-11
   125.944283         1.40981159E-11
   126.045715         1.33592729E-11
   126.147148         1.23414924E-11
   126.248581         1.10523162E-11
   126.350014         9.50374328E-12
   126.451454         7.71211133E-12
   126.552887         5.69793171E-12
   126.654320         3.48569502E-12
   126.755753         1.10366978E-12
   126.857185        -1.41633710E-12
   126.958618        -4.03923379E-12
   127.060059        -6.72694322E-12
   127.161491        -9.43867640E-12
   127.262924        -1.21312934E-11
   127.364357        -1.47596900E-11
   127.465790        -1.72772196E-11
   127.567230        -1.96361070E-11
   127.668663        -2.17881026E-11
   127.770096        -2.36849342E-11
   127.871529        -2.52790965E-11
   127.972961        -2.65245222E-11
   128.074402        -2.73774180E-11
   128.175827        -2.77971327E-11
   128.277267        -2.77471119E-11
   128.378693        -2.71958393E-11
   128.480133        -2.61178804E-11
   128.581573        -2.44949651E-11
   128.682999        -2.23168688E-11
   128.784439        -1.95825023E-11
   128.885864        -1.63007385E-11
   128.987305        -1.24912459E-11
   129.088745        -8.18512445E-12
   129.190170        -3.42533467E-12
   129.291611         1.73289996E-12
   129.393036         7.22225274E-12
   129.494476         1.29633257E-11
   129.595901         1.88654179E-11
   129.697342         2.48271525E-11
   129.798782         3.07377596E-11
   129.900208         3.64785042E-11
   130.001648         4.19245923E-11
   130.103073         4.69471233E-11
   130.204514         5.14156530E-11
   130.305954         5.52007259E-11
   130.407379         5.81768106E-11
   130.508820         6.02251859E-11
   130.610245         6.12372722E-11
   130.711685         6.11175624E-11
   130.813126         5.97867866E-11
   130.914551         5.71848680E-11
   131.015991         5.32736980E-11
   131.117416         4.80396348E-11
   131.218857         4.14955847E-11
   131.320282         3.36826504E-11
   131.421722         2.46713622E-11
   131.523163         1.45621414E-11
   131.624588         3.48537518E-12
   131.726028        -8.39945474E-12
   131.827454        -2.09051821E-11
   131.928894        -3.38191489E-11
   132.030334        -4.69059583E-11
   132.131760        -5.99114300E-11
   132.233200        -7.25664043E-11
   132.334625        -8.45921111E-11
   132.436066        -9.57051105E-11
   132.537506        -1.05623461E-10
   132.638931        -1.14072668E-10
   132.740372        -1.20792154E-10
   132.841797        -1.25541619E-10
   132.943237        -1.28107608E-10
   133.044662        -1.28309252E-10
   133.146103        -1.26004290E-10
   133.247543        -1.21094176E-10
   133.348969        -1.13528659E-10
   133.450409        -1.03309042E-10
   133.551834        -9.04913713E-11
   133.653275        -7.51877588E-11
   133.754715        -5.75667812E-11
   133.856140        -3.78529187E-11
   133.957581        -1.63241261E-11
   134.059006         6.69115284E-12
   134.160446         3.08187989E-11
   134.261871         5.56448915E-11
   134.363312         8.07224149E-11
   134.464752         1.05579358E-10
   134.566177         1.29727479E-10
   134.667618         1.52671834E-10
   134.769043         1.73920336E-10
   134.870483         1.92994676E-10
   134.971924         2.09439618E-10
   135.073349         2.22833987E-10
   135.174789         2.32799585E-10
   135.276215         2.39010617E-10
   135.377655         2.41201198E-10
   135.479095         2.39172682E-10
   135.580521         2.32799183E-10
   135.681961         2.22031685E-10
   135.783386         2.06900982E-10
   135.884827         1.87518293E-10
   135.986252         1.64075198E-10
   136.087692         1.36840789E-10
   136.189133         1.06158408E-10
   136.290558         7.24396793E-11
   136.391998         3.61579620E-11
   136.493423        -2.15957937E-12
   136.594864        -4.19412838E-11
   136.696304        -8.25806298E-11
   136.797729        -1.23447350E-10
   136.899170        -1.63897632E-10
   137.000595        -2.03284722E-10
   137.102036        -2.40971215E-10
   137.203461        -2.76337592E-10
   137.304901        -3.08793768E-10
   137.406342        -3.37786549E-10
   137.507767        -3.62808811E-10
   137.609207        -3.83406057E-10
   137.710632        -3.99182187E-10
   137.812073        -4.09804246E-10
   137.913513        -4.15006279E-10
   138.014938        -4.14590584E-10
   138.116379        -4.08429540E-10
   138.217804        -3.96465610E-10
   138.319244        -3.78710008E-10
   138.420685        -3.55241364E-10
   138.522110        -3.26203037E-10
   138.623550        -2.91800833E-10
   138.724976        -2.52298821E-10
   138.826416        -2.08016812E-10
   138.927841        -1.59325775E-10
   139.029282        -1.06644985E-10
   139.130722        -5.04379559E-11
   139.232147         8.79088122E-12
   139.333588         7.04992939E-11
   139.435013         1.34110681E-10
   139.536453         1.99017899E-10
   139.637894         2.64584854E-10
   139.739319         3.30150102E-10
   139.840759         3.95031591E-10
   139.942184         4.58528326E-10
   140.043625         5.19924437E-10
   140.145065         5.78493586E-10
   140.246490         6.33503250E-10
   140.347931         6.84219847E-10
   140.449356         7.29914129E-10
   140.550797         7.69866393E-10
   140.652222         8.03374589E-10
   140.753662         8.29758595E-10
   140.855103         8.48369874E-10
   140.956528         8.58596527E-10
   141.057968         8.59872229E-10
   141.159393         8.51682003E-10
   141.260834         8.33569658E-10
   141.362274         8.05145339E-10
   141.463699         7.66090136E-10
   141.565140         7.16161352E-10
   141.666565         6.55200005E-10
   141.768005         5.83130599E-10
   141.869431         4.99967845E-10
   141.970871         4.05818656E-10
   142.072311         3.00880765E-10
   142.173737         1.85452334E-10
   142.275177         5.99235661E-11
   142.376602        -7.52148968E-11
   142.478043        -2.19372728E-10
   142.579483        -3.71857184E-10
   142.680908        -5.31872768E-10
   142.782349        -6.98514191E-10
   142.883774        -8.70764016E-10
   142.985214        -1.04748499E-09
   143.086655        -1.22741617E-09
   143.188080        -1.40916268E-09
   143.289520        -1.59118718E-09
   143.390945        -1.77180204E-09
   143.492386        -1.94915795E-09
   143.593811        -2.12123674E-09
   143.695251        -2.28584107E-09
   143.796692        -2.44059306E-09
   143.898117        -2.58292410E-09
   143.999557        -2.71008327E-09
   144.100983        -2.81913493E-09
   144.202423        -2.90697444E-09
   144.303864        -2.97034242E-09
   144.405289        -3.00585201E-09
   144.506729        -3.01001846E-09
   144.608154        -2.97930347E-09
   144.709595        -2.91016145E-09
   144.811020        -2.79910672E-09
   144.912460        -2.64277489E-09
   145.013901        -2.43800335E-09
   145.115326        -2.18192087E-09
   145.216766        -1.87203364E-09
   145.318192        -1.50633284E-09
   145.419632        -1.08338727E-09
   145.521072        -6.02454031E-10
   145.622498        -6.35835135E-11
   145.723938         5.32282274E-10
   145.825363         1.18321242E-09
   145.926804         1.88619897E-09
   146.028244         2.63707967E-09
   146.129669         3.43047746E-09
   146.231110         4.25975477E-09
   146.332535         5.11698461E-09
   146.433975         5.99295191E-09
   146.535400         6.87716728E-09
   146.636841         7.75792675E-09
   146.738281         8.62236238E-09
   146.839706         9.45656886E-09
   146.941147         1.02457198E-08
   147.042572         1.09742269E-08
   147.144012         1.16259296E-08
   147.245453         1.21843016E-08
   147.346878         1.26326967E-08
   147.448318         1.29545850E-08
   147.549744         1.31338496E-08
   147.651184         1.31550575E-08
   147.752609         1.30037678E-08
   147.854050         1.26668329E-08
   147.955490         1.21326940E-08
   148.056915         1.13916929E-08
   148.158356         1.04363602E-08
   148.259781         9.26167587E-09
   148.361221         7.86533594E-09
   148.462662         6.24797991E-09
   148.564087         4.41338210E-09
   148.665527         2.36862130E-09
   148.766953         1.24192448E-10
   148.868393        -2.30589881E-09
   148.969833        -4.90410823E-09
   149.071259        -7.64937003E-09
   149.172699        -1.05171605E-08
   149.274124        -1.34796077E-08
   149.375565        -1.65056750E-08
   149.476990        -1.95613588E-08
   149.578430        -2.26099814E-08
   149.679871        -2.56124970E-08
   149.781296        -2.85278468E-08
   149.882736        -3.13133732E-08
   149.984161        -3.39252395E-08
   150.085602        -3.63189194E-08
   150.187042        -3.84496737E-08
   150.288467        -4.02730294E-08
   150.389908        -4.17453521E-08
   150.491333        -4.28242970E-08
   150.592773        -4.34693348E-08
   150.694214        -4.36422489E-08
   150.795639        -4.33075336E-08
   150.897079        -4.24328519E-08
   150.998505        -4.09893808E-08
   151.099945        -3.89521091E-08
   151.201370        -3.63000687E-08
   151.302811        -3.30164944E-08
   151.404251        -2.90889020E-08
   151.505676        -2.45090401E-08
   151.607117        -1.92728198E-08
   151.708542        -1.33800526E-08
   151.809982        -6.83417900E-09
   151.911423         3.58199831E-10
   152.012848         8.18780954E-09
   152.114288         1.66433143E-08
   152.215714         2.57120405E-08
   152.317154         3.53807508E-08
   152.418579         4.56365150E-08
   152.520020         5.64675950E-08
   152.621460         6.78644483E-08
   152.722885         7.98206585E-08
   152.824326         9.23339840E-08
   152.925751         1.05407295E-07
   153.027191         1.19049560E-07
   153.128632         1.33276728E-07
   153.230057         1.48112605E-07
   153.331497         1.63589419E-07
   153.432922         1.79748639E-07
   153.534363         1.96641409E-07
   153.635803         2.14328651E-07
   153.737228         2.32881632E-07
   153.838669         2.52381568E-07
   153.940094         2.72919692E-07
   154.041534         2.94596617E-07
   154.142960         3.17521824E-07
   154.244400         3.41812864E-07
   154.345840         3.67594509E-07
   154.447266         3.94997073E-07
   154.548706         4.24155644E-07
   154.650131         4.55207811E-07
   154.751572         4.88292699E-07
   154.853012         5.23548749E-07
   154.954437         5.61111619E-07
   155.055878         6.01112845E-07
   155.157303         6.43677026E-07
   155.258743         6.88919840E-07
   155.360168         7.36946731E-07
   155.461609         7.87849729E-07
   155.563049         8.41706594E-07
   155.664474         8.98577809E-07
   155.765915         9.58505780E-07
   155.867340         1.02151284E-06
   155.968781         1.08759957E-06
   156.070221         1.15674345E-06
   156.171646         1.22889844E-06
   156.273087         1.30399394E-06
   156.374512         1.38193263E-06
   156.475952         1.46259265E-06
   156.577393         1.54582506E-06
   156.678818         1.63145501E-06
   156.780258         1.71928127E-06
   156.881683         1.80907739E-06
   156.983124         1.90059234E-06
   157.084549         1.99355009E-06
   157.185989         2.08765186E-06
   157.287430         2.18257674E-06
   157.388855         2.27798296E-06
   157.490295         2.37350923E-06
   157.591721         2.46877721E-06
   157.693161         2.56339126E-06
