  -4.50000000         0.00000000    
  -4.39856577         0.00000000    
  -4.29713154         0.00000000    
  -4.19569778         0.00000000    
  -4.09426355         0.00000000    
  -3.99282932         0.00000000    
  -3.89139533         0.00000000    
  -3.78996110         0.00000000    
  -3.68852711         0.00000000    
  -3.58709288         0.00000000    
  -3.48565888         0.00000000    
  -3.38422465         0.00000000    
  -3.28279042         0.00000000    
  -3.18135643         0.00000000    
  -3.07992220         0.00000000    
  -2.97848821         0.00000000    
  -2.87705398         0.00000000    
  -2.77561998         0.00000000    
  -2.67418575         0.00000000    
  -2.57275176         0.00000000    
  -2.47131753         0.00000000    
  -2.36988354         0.00000000    
  -2.26844931         0.00000000    
  -2.16701531         0.00000000    
  -2.06558108         0.00000000    
  -1.96414697         0.00000000    
  -1.86271286         0.00000000    
  -1.76127875         0.00000000    
  -1.65984464         0.00000000    
  -1.55841053         0.00000000    
  -1.45697629         0.00000000    
  -1.35554218         0.00000000    
  -1.25410807         0.00000000    
  -1.15267396         0.00000000    
  -1.05123985         0.00000000    
 -0.949805737         0.00000000    
 -0.848371625         0.00000000    
 -0.746937513         0.00000000    
 -0.645503342         0.00000000    
 -0.544069231         0.00000000    
 -0.442635119         0.00000000    
 -0.341201007         0.00000000    
 -0.239766881         0.00000000    
 -0.138332769         0.00000000    
  -3.68986391E-02     0.00000000    
   6.45354837E-02     0.00000000    
  0.165969610         0.00000000    
  0.267403722         0.00000000    
  0.368837833         0.00000000    
  0.470271975         0.00000000    
  0.571706116         0.00000000    
  0.673140228         0.00000000    
  0.774574339         0.00000000    
  0.876008451         0.00000000    
  0.977442563         0.00000000    
   1.07887673         0.00000000    
   1.18031085         0.00000000    
   1.28174496         0.00000000    
   1.38317907         0.00000000    
   1.48461318         0.00000000    
   1.58604729         0.00000000    
   1.68748140         0.00000000    
   1.78891551         0.00000000    
   1.89034963         0.00000000    
   1.99178374         0.00000000    
   2.09321785         0.00000000    
   2.19465208         0.00000000    
   2.29608607         0.00000000    
   2.39752030         0.00000000    
   2.49895430         0.00000000    
   2.60038853         0.00000000    
   2.70182276         0.00000000    
   2.80325675         0.00000000    
   2.90469098         0.00000000    
   3.00612497         0.00000000    
   3.10755920         0.00000000    
   3.20899320         0.00000000    
   3.31042743         0.00000000    
   3.41186142         0.00000000    
   3.51329565         0.00000000    
   3.61472964         0.00000000    
   3.71616387         0.00000000    
   3.81759810         0.00000000    
   3.91903210         0.00000000    
   4.02046633         0.00000000    
   4.12190056         0.00000000    
   4.22333431         0.00000000    
   4.32476854         0.00000000    
   4.42620277         0.00000000    
   4.52763700         0.00000000    
   4.62907076         0.00000000    
   4.73050499         0.00000000    
   4.83193922         0.00000000    
   4.93337345         0.00000000    
   5.03480768         0.00000000    
   5.13624144         0.00000000    
   5.23767567         0.00000000    
   5.33910990         0.00000000    
   5.44054413         0.00000000    
   5.54197788         0.00000000    
   5.64341211         0.00000000    
   5.74484634         0.00000000    
   5.84628057         0.00000000    
   5.94771433         0.00000000    
   6.04914856         0.00000000    
   6.15058279         0.00000000    
   6.25201702         0.00000000    
   6.35345125         0.00000000    
   6.45488501         0.00000000    
   6.55631924         0.00000000    
   6.65775347         0.00000000    
   6.75918770         0.00000000    
   6.86062145         0.00000000    
   6.96205568         0.00000000    
   7.06348991         0.00000000    
   7.16492414         0.00000000    
   7.26635790         0.00000000    
   7.36779213         0.00000000    
   7.46922636         0.00000000    
   7.57066059         0.00000000    
   7.67209482         0.00000000    
   7.77352858         0.00000000    
   7.87496281         0.00000000    
   7.97639704         0.00000000    
   8.07783127         0.00000000    
   8.17926502         0.00000000    
   8.28069973         0.00000000    
   8.38213348         0.00000000    
   8.48356724         0.00000000    
   8.58500195         0.00000000    
   8.68643570         0.00000000    
   8.78787041         0.00000000    
   8.88930416         0.00000000    
   8.99073792         0.00000000    
   9.09217262         0.00000000    
   9.19360638         0.00000000    
   9.29504013         0.00000000    
   9.39647484         0.00000000    
   9.49790859         0.00000000    
   9.59934330         0.00000000    
   9.70077705         0.00000000    
   9.80221081         0.00000000    
   9.90364552         0.00000000    
   10.0050793         0.00000000    
   10.1065140         0.00000000    
   10.2079477         0.00000000    
   10.3093815         0.00000000    
   10.4108162         0.00000000    
   10.5122499         0.00000000    
   10.6136837         0.00000000    
   10.7151184         0.00000000    
   10.8165522         0.00000000    
   10.9179869         0.00000000    
   11.0194206         0.00000000    
   11.1208544         0.00000000    
   11.2222891         0.00000000    
   11.3237228         0.00000000    
   11.4251575         0.00000000    
   11.5265913         0.00000000    
   11.6280251         0.00000000    
   11.7294598         0.00000000    
   11.8308935         0.00000000    
   11.9323273         0.00000000    
   12.0337620         0.00000000    
   12.1351957         0.00000000    
   12.2366304         0.00000000    
   12.3380642         0.00000000    
   12.4394979         0.00000000    
   12.5409327         0.00000000    
   12.6423664         0.00000000    
   12.7438011         0.00000000    
   12.8452349         0.00000000    
   12.9466686         0.00000000    
   13.0481033         0.00000000    
   13.1495371         0.00000000    
   13.2509708         0.00000000    
   13.3524055         0.00000000    
   13.4538393         0.00000000    
   13.5552740         0.00000000    
   13.6567078         0.00000000    
   13.7581415         0.00000000    
   13.8595762         0.00000000    
   13.9610100         0.00000000    
   14.0624447         0.00000000    
   14.1638784         0.00000000    
   14.2653122         0.00000000    
   14.3667469         0.00000000    
   14.4681807         0.00000000    
   14.5696154         0.00000000    
   14.6710491         0.00000000    
   14.7724829         0.00000000    
   14.8739176         0.00000000    
   14.9753513         0.00000000    
   15.0767851         0.00000000    
   15.1782198         0.00000000    
   15.2796535         0.00000000    
   15.3810883         0.00000000    
   15.4825220         0.00000000    
   15.5839558         0.00000000    
   15.6853905         0.00000000    
   15.7868242         0.00000000    
   15.8882589         0.00000000    
   15.9896927         0.00000000    
   16.0911274         0.00000000    
   16.1925602         0.00000000    
   16.2939949         0.00000000    
   16.3954296         0.00000000    
   16.4968624         0.00000000    
   16.5982971         0.00000000    
   16.6997318         0.00000000    
   16.8011646         0.00000000    
   16.9025993         0.00000000    
   17.0040340         0.00000000    
   17.1054688         0.00000000    
   17.2069016         0.00000000    
   17.3083363         0.00000000    
   17.4097710         0.00000000    
   17.5112038         0.00000000    
   17.6126385         0.00000000    
   17.7140732         0.00000000    
   17.8155060         0.00000000    
   17.9169407         0.00000000    
   18.0183754         0.00000000    
   18.1198101         0.00000000    
   18.2212429         0.00000000    
   18.3226776         0.00000000    
   18.4241123         0.00000000    
   18.5255451         0.00000000    
   18.6269798         0.00000000    
   18.7284145         0.00000000    
   18.8298473         0.00000000    
   18.9312820         0.00000000    
   19.0327168         0.00000000    
   19.1341496         0.00000000    
   19.2355843         0.00000000    
   19.3370190         0.00000000    
   19.4384537         0.00000000    
   19.5398865         0.00000000    
   19.6413212         0.00000000    
   19.7427559         0.00000000    
   19.8441887         0.00000000    
   19.9456234         0.00000000    
   20.0470581         0.00000000    
   20.1484909         0.00000000    
   20.2499256         0.00000000    
   20.3513603         0.00000000    
   20.4527931         0.00000000    
   20.5542278         0.00000000    
   20.6556625         0.00000000    
   20.7570972         0.00000000    
   20.8585300         0.00000000    
   20.9599648         0.00000000    
   21.0613995         0.00000000    
   21.1628323         0.00000000    
   21.2642670         0.00000000    
   21.3657017         0.00000000    
   21.4671345         0.00000000    
   21.5685692         0.00000000    
   21.6700039         0.00000000    
   21.7714367         0.00000000    
   21.8728714         0.00000000    
   21.9743061         0.00000000    
   22.0757408         0.00000000    
   22.1771736         0.00000000    
   22.2786083         0.00000000    
   22.3800430         0.00000000    
   22.4814758         0.00000000    
   22.5829105         0.00000000    
   22.6843452         0.00000000    
   22.7857780         0.00000000    
   22.8872128         0.00000000    
   22.9886475         0.00000000    
   23.0900803         0.00000000    
   23.1915150         0.00000000    
   23.2929497         0.00000000    
   23.3943844         0.00000000    
   23.4958172         0.00000000    
   23.5972519         0.00000000    
   23.6986866         0.00000000    
   23.8001194         0.00000000    
   23.9015541         0.00000000    
   24.0029888         0.00000000    
   24.1044216         0.00000000    
   24.2058563         0.00000000    
   24.3072910         0.00000000    
   24.4087238         0.00000000    
   24.5101585         0.00000000    
   24.6115932         0.00000000    
   24.7130280         0.00000000    
   24.8144608         0.00000000    
   24.9158955         0.00000000    
   25.0173302         0.00000000    
   25.1187630         0.00000000    
   25.2201977         0.00000000    
   25.3216324         0.00000000    
   25.4230652         0.00000000    
   25.5244999         0.00000000    
   25.6259346         0.00000000    
   25.7273674         0.00000000    
   25.8288021         0.00000000    
   25.9302368         0.00000000    
   26.0316715         0.00000000    
   26.1331043         0.00000000    
   26.2345390         0.00000000    
   26.3359737         0.00000000    
   26.4374065         0.00000000    
   26.5388412         0.00000000    
   26.6402760         0.00000000    
   26.7417088         0.00000000    
   26.8431435         0.00000000    
   26.9445782         0.00000000    
   27.0460110         0.00000000    
   27.1474457         0.00000000    
   27.2488804         0.00000000    
   27.3503151         0.00000000    
   27.4517479         0.00000000    
   27.5531826         0.00000000    
   27.6546173         0.00000000    
   27.7560501         0.00000000    
   27.8574848         0.00000000    
   27.9589195         0.00000000    
   28.0603523         0.00000000    
   28.1617870         0.00000000    
   28.2632217         0.00000000    
   28.3646545         0.00000000    
   28.4660892         0.00000000    
   28.5675240         0.00000000    
   28.6689587         0.00000000    
   28.7703915         0.00000000    
   28.8718262         0.00000000    
   28.9732609         0.00000000    
   29.0746937         0.00000000    
   29.1761284         0.00000000    
   29.2775631         0.00000000    
   29.3789959         0.00000000    
   29.4804306         0.00000000    
   29.5818653         0.00000000    
   29.6832981         0.00000000    
   29.7847328         0.00000000    
   29.8861675         0.00000000    
   29.9876022         0.00000000    
   30.0890350         0.00000000    
   30.1904697         0.00000000    
   30.2919044         0.00000000    
   30.3933372         0.00000000    
   30.4947720         0.00000000    
   30.5962067         0.00000000    
   30.6976395         0.00000000    
   30.7990742         0.00000000    
   30.9005089         0.00000000    
   31.0019417         0.00000000    
   31.1033764         0.00000000    
   31.2048111         0.00000000    
   31.3062458         0.00000000    
   31.4076786         0.00000000    
   31.5091133         0.00000000    
   31.6105480         0.00000000    
   31.7119808         0.00000000    
   31.8134155         0.00000000    
   31.9148502         0.00000000    
   32.0162849         0.00000000    
   32.1177177         0.00000000    
   32.2191505         0.00000000    
   32.3205872         0.00000000    
   32.4220200         0.00000000    
   32.5234528         0.00000000    
   32.6248894         0.00000000    
   32.7263222         0.00000000    
   32.8277550         0.00000000    
   32.9291916         0.00000000    
   33.0306244         0.00000000    
   33.1320610         0.00000000    
   33.2334938         0.00000000    
   33.3349266         0.00000000    
   33.4363632         0.00000000    
   33.5377960         0.00000000    
   33.6392288         0.00000000    
   33.7406654         0.00000000    
   33.8420982         0.00000000    
   33.9435310         0.00000000    
   34.0449677         0.00000000    
   34.1464005         0.00000000    
   34.2478333         0.00000000    
   34.3492699         0.00000000    
   34.4507027         0.00000000    
   34.5521355         0.00000000    
   34.6535721         0.00000000    
   34.7550049         0.00000000    
   34.8564377         0.00000000    
   34.9578743         0.00000000    
   35.0593071         0.00000000    
   35.1607399         0.00000000    
   35.2621765         0.00000000    
   35.3636093         0.00000000    
   35.4650421         0.00000000    
   35.5664787         0.00000000    
   35.6679115         0.00000000    
   35.7693481         0.00000000    
   35.8707809         0.00000000    
   35.9722137         0.00000000    
   36.0736504         0.00000000    
   36.1750832         0.00000000    
   36.2765160         0.00000000    
   36.3779526         0.00000000    
   36.4793854         0.00000000    
   36.5808182         0.00000000    
   36.6822548         0.00000000    
   36.7836876         0.00000000    
   36.8851204         0.00000000    
   36.9865570         0.00000000    
   37.0879898         0.00000000    
   37.1894226         0.00000000    
   37.2908592         0.00000000    
   37.3922920         0.00000000    
   37.4937248         0.00000000    
   37.5951614         0.00000000    
   37.6965942         0.00000000    
   37.7980270         0.00000000    
   37.8994637         0.00000000    
   38.0008965         0.00000000    
   38.1023293         0.00000000    
   38.2037659         0.00000000    
   38.3051987         0.00000000    
   38.4066353         0.00000000    
   38.5080681         0.00000000    
   38.6095009         0.00000000    
   38.7109375         0.00000000    
   38.8123703         0.00000000    
   38.9138031         0.00000000    
   39.0152397         0.00000000    
   39.1166725         0.00000000    
   39.2181053         0.00000000    
   39.3195419         0.00000000    
   39.4209747         0.00000000    
   39.5224075         0.00000000    
   39.6238441         0.00000000    
   39.7252769         0.00000000    
   39.8267097         0.00000000    
   39.9281464         1.66951848E-32
   40.0295792         4.91360959E-32
   40.1310120         9.65113364E-32
   40.2324486         1.43886092E-31
   40.3338814         1.63559448E-31
   40.4353142         1.54507530E-31
   40.5367508         1.06696625E-31
   40.6381836         2.10615042E-32
   40.7396202        -8.23413633E-32
   40.8410530        -2.04500306E-31
   40.9424858        -3.13723808E-31
   41.0439224        -4.11586181E-31
   41.1453552        -4.81627119E-31
   41.2467880        -4.81485401E-31
   41.3482246        -4.95575958E-31
   41.4496574        -4.95777908E-31
   41.5510902        -4.50360427E-31
   41.6525269        -4.10627213E-31
   41.7539597        -2.96715087E-31
   41.8553925        -9.12694369E-32
   41.9568291         2.01686995E-31
   42.0582619         5.24240482E-31
   42.1596947         8.71363870E-31
   42.2611313         1.25251660E-30
   42.3625641         1.68551107E-30
   42.4639969         2.08898418E-30
   42.5654335         2.31418821E-30
   42.6668663         2.35939245E-30
   42.7682991         2.08977430E-30
   42.8697357         1.47798676E-30
   42.9711685         5.89267278E-31
   43.0726013        -4.44305455E-31
   43.1740379        -1.56330301E-30
   43.2754707        -2.58242680E-30
   43.3769073        -3.43888484E-30
   43.4783401        -4.00521545E-30
   43.5797729        -4.19807401E-30
   43.6812096        -5.97512242E-30
   43.7826424        -9.26333785E-30
   43.8840752        -1.18819180E-29
   43.9855118        -1.29812884E-29
   44.0869446        -1.51329359E-29
   44.1883774        -1.41430515E-29
   44.2898140        -6.59942014E-30
   44.3912468         8.10809360E-30
   44.4926796         2.57507216E-29
   44.5941162         5.23855051E-29
   44.6955490         8.93528878E-29
   44.7969818         1.36707202E-28
   44.8984184         1.88510962E-28
   44.9998512         2.35083583E-28
   45.1012840         2.82631592E-28
   45.2027206         3.23707849E-28
   45.3041534         3.58380270E-28
   45.4055862         3.76942190E-28
   45.5070229         3.72601939E-28
   45.6084557         3.49378786E-28
   45.7098885         3.06687636E-28
   45.8113251         2.49677510E-28
   45.9127579         1.76162104E-28
   46.0141945         8.38182767E-29
   46.1156273        -2.76147178E-29
   46.2170601        -1.58645662E-28
   46.3184967        -3.01180969E-28
   46.4199295        -4.51020004E-28
   46.5213623        -6.03471274E-28
   46.6227989        -7.55310965E-28
   46.7242317        -8.95780447E-28
   46.8256645        -1.01229054E-27
   46.9271011        -1.09684811E-27
   47.0285339        -1.14458912E-27
   47.1299667        -1.14019868E-27
   47.2314034        -1.08175036E-27
   47.3328362        -9.63155158E-28
   47.4342690        -7.80819763E-28
   47.5357056        -5.32772649E-28
   47.6371384        -2.17982481E-28
   47.7385712         1.65301592E-28
   47.8400078         6.15771322E-28
   47.9414406         1.13022053E-27
   48.0428734         1.69666686E-27
   48.1443100         2.30219349E-27
   48.2457428         2.92164324E-27
   48.3471756         3.52426729E-27
   48.4486122         4.07619799E-27
   48.5500450         4.53392490E-27
   48.6514816         4.85658056E-27
   48.7529144         4.99437007E-27
   48.8543472         4.89872030E-27
   48.9557838         4.52967938E-27
   49.0572166         3.85494253E-27
   49.1586494         2.85181961E-27
   49.2600861         1.51333942E-27
   49.3615189        -1.55211741E-28
   49.4629517        -2.12826872E-27
   49.5643883        -4.36260881E-27
   49.6658211        -6.79741566E-27
   49.7672539        -9.35081975E-27
   49.8686905        -1.19242589E-26
   49.9701233        -1.44005957E-26
   50.0715561        -1.66480928E-26
   50.1729927        -1.85180475E-26
   50.2744255        -1.98544287E-26
   50.3758583        -2.04934785E-26
   50.4772949        -2.02712847E-26
   50.5787277        -1.90316669E-26
   50.6801605        -1.66361906E-26
   50.7815971        -1.29750609E-26
   50.8830299        -7.97690524E-27
   50.9844627        -1.62151476E-27
   51.0858994         6.04754868E-27
   51.1873322         1.49108439E-26
   51.2887688         2.47635302E-26
   51.3902016         3.53074574E-26
   51.4916344         4.61481318E-26
   51.5930710         5.67955878E-26
   51.6945038         6.66718675E-26
   51.7959366         7.51250606E-26
   51.8973732         8.14494632E-26
   51.9988060         8.49128029E-26
   52.1002388         8.47903631E-26
   52.2016754         8.04048943E-26
   52.3031082         7.11707042E-26
   52.4045410         5.66415812E-26
   52.5059776         3.65591608E-26
   52.6074104         1.09001125E-26
   52.7088432        -2.00797317E-26
   52.8102798        -5.58098629E-26
   52.9117126        -9.53751447E-26
   53.0131454        -1.37500144E-25
   53.1145821        -1.80547828E-25
   53.2160149        -2.22535763E-25
   53.3174477        -2.61172568E-25
   53.4188843        -2.93918628E-25
   53.5203171        -3.18068323E-25
   53.6217537        -3.30858691E-25
   53.7231865        -3.29598511E-25
   53.8246193        -3.11819460E-25
   53.9260559        -2.75441410E-25
   54.0274887        -2.18948665E-25
   54.1289215        -1.41567524E-25
   54.2303581        -4.34368416E-26
   54.3317909         7.42375982E-26
   54.4332237         2.09058568E-25
   54.5346603         3.57352166E-25
   54.6360931         5.14131664E-25
   54.7375259         6.73124311E-25
   54.8389626         8.26864378E-25
   54.9403954         9.66864805E-25
   55.0418282         1.08386639E-24
   55.1432648         1.16816958E-24
   55.2446976         1.21004134E-24
   55.3461304         1.20019310E-24
   55.4475670         1.13031649E-24
   55.5489998         9.93657775E-25
   55.6504326         7.85609763E-25
   55.7518692         5.04295456E-25
   55.8533020         1.51110818E-25
   55.9547348        -2.68803934E-25
   56.0561714        -7.46202907E-25
   56.1576042        -1.26751399E-24
   56.2590408        -1.81479897E-24
   56.3604736        -2.36591494E-24
   56.4619064        -2.89491462E-24
   56.5633430        -3.37269670E-24
   56.6647758        -3.76790182E-24
   56.7662086        -4.04808115E-24
   56.8676453        -4.18108665E-24
   56.9690781        -4.13667181E-24
   57.0705109        -3.88826109E-24
   57.1719475        -3.41480846E-24
   57.2733803        -2.70268617E-24
   57.3748131        -1.74751150E-24
   57.4762497        -5.55812412E-25
   57.5776825         8.53575603E-25
   57.6791153         2.44848679E-24
   57.7805519         4.18287381E-24
   57.8819847         5.99684960E-24
   57.9834175         7.81738201E-24
   58.0848541         9.55973042E-24
   58.1862869         1.11296433E-23
   58.2877197         1.24263626E-23
   58.3891563         1.33463827E-23
   58.4905891         1.37879065E-23
   58.5920219         1.36559001E-23
   58.6934586         1.28676041E-23
   58.7948914         1.13582907E-23
   58.8963280         9.08703628E-24
   58.9977608         6.04226551E-24
   59.0991936         2.24673483E-24
   59.2006302        -2.23834706E-24
   59.3020630        -7.31034009E-24
   59.4034958        -1.28237820E-23
   59.5049324        -1.85906495E-23
   59.6063652        -2.43827976E-23
   59.7077980        -2.99364920E-23
   59.8092346        -3.49593776E-23
   59.9106674        -3.91397882E-23
   60.0121002        -4.21582793E-23
   60.1135368        -4.37012880E-23
   60.2149696        -4.34765542E-23
   60.3164024        -4.12297016E-23
   60.4178391        -3.67617449E-23
   60.5192719        -2.99463275E-23
   60.6207047        -2.07463492E-23
   60.7221413        -9.22882141E-24
   60.8235741         4.42299085E-24
   60.9250069         1.99008623E-23
   61.0264435         3.67675099E-23
   61.1278763         5.44578640E-23
   61.2293091         7.22863855E-23
   61.3307457         8.94609603E-23
   61.4321785         1.05103826E-22
   61.5336151         1.18279482E-22
   61.6350479         1.28029209E-22
   61.7364807         1.33411651E-22
   61.8379173         1.33548636E-22
   61.9393501         1.27674449E-22
   62.0407829         1.15187185E-22
   62.1422195         9.56999539E-23
   62.2436523         6.90892711E-23
   62.3450851         3.55386003E-23
   62.4465218        -4.42624569E-24
   62.5479546        -4.99122361E-23
   62.6493874        -9.96481838E-23
   62.7508240        -1.51988467E-22
   62.8522568        -2.04935966E-22
   62.9536896        -2.56183677E-22
   63.0551262        -3.03175780E-22
   63.1565590        -3.43190668E-22
   63.2579918        -3.73441401E-22
   63.3594284        -3.91194255E-22
   63.4608612        -3.93901297E-22
   63.5622940        -3.79342813E-22
   63.6637306        -3.45774370E-22
   63.7651634        -2.92072708E-22
   63.8665962        -2.17873057E-22
   63.9680328        -1.23690941E-22
   64.0694656        -1.10194252E-23
   64.1708984         1.17604558E-22
   64.2723312         2.58573130E-22
   64.3737717         4.07225928E-22
   64.4752045         5.57919591E-22
   64.5766373         7.04152239E-22
   64.6780701         8.38744379E-22
   64.7795029         9.54074683E-22
   64.8809357         1.04237036E-21
   64.9823761         1.09603925E-21
   65.0838089         1.10804407E-21
   65.1852417         1.07229517E-21
   65.2866745         9.84056951E-22
   65.3881073         8.40342548E-22
   65.4895477         6.40283132E-22
   65.5909805         3.85445213E-22
   65.6924133         8.00811643E-23
   65.7938461        -2.68714852E-22
   65.8952789        -6.50956912E-22
   65.9967117        -1.05384850E-21
   66.0981522        -1.46200306E-21
   66.1995850        -1.85780484E-21
   66.3010178        -2.22193355E-21
   66.4024506        -2.53401954E-21
   66.5038834        -2.77344289E-21
   66.6053162        -2.92023837E-21
   66.7067566        -2.95609249E-21
   66.8081894        -2.86538414E-21
   66.9096222        -2.63623794E-21
   67.0110550        -2.26153643E-21
   67.1124878        -1.73984133E-21
   67.2139206        -1.07616672E-21
   67.3153610        -2.82556572E-22
   67.4167938         6.21595029E-22
   67.5182266         1.60951192E-21
   67.6196594         2.64734894E-21
   67.7210922         3.69486635E-21
   67.8225327         4.70647230E-21
   67.9239655         5.63263913E-21
   68.0253983         6.42169269E-21
   68.1268311         7.02187483E-21
   68.2282639         7.38371384E-21
   68.3296967         7.46250925E-21
   68.4311371         7.22096767E-21
   68.5325699         6.63174608E-21
   68.6340027         5.67989061E-21
   68.7354355         4.36498080E-21
   68.8368683         2.70284840E-21
   68.9383011         7.26786766E-22
   69.0397415        -1.51192733E-21
   69.1411743        -3.94424273E-21
   69.2426071        -6.48441261E-21
   69.3440399        -9.03190594E-21
   69.4454727        -1.14742908E-20
   69.5469055        -1.36908925E-20
   69.6483459        -1.55573512E-20
   69.7497787        -1.69507596E-20
   69.8512115        -1.77554238E-20
   69.9526443        -1.78688719E-20
   70.0540771        -1.72079659E-20
   70.1555099        -1.57148193E-20
   70.2569504        -1.33622506E-20
   70.3583832        -1.01584387E-20
   70.4598160        -6.15047277E-21
   70.5612488        -1.42659464E-21
   70.6626816         3.88326280E-21
   70.7641220         9.60864147E-21
   70.8655548         1.55418157E-20
   70.9669876         2.14429901E-20
   71.0684204         2.70475006E-20
   71.1698532         3.20750850E-20
   71.2712860         3.62405598E-20
   71.3727264         3.92661732E-20
   71.4741592         4.08948078E-20
   71.5755920         4.09035934E-20
   71.6770248         3.91176329E-20
   71.7784576         3.54228756E-20
   71.8798904         2.97776684E-20
   71.9813309         2.22223768E-20
   72.0827637         1.28861791E-20
   72.1841965         1.99081815E-21
   72.2856293        -1.01496022E-20
   72.3870621        -2.31327666E-20
   72.4884949        -3.64768232E-20
   72.5899353        -4.96334702E-20
   72.6913681        -6.20050645E-20
   72.7928009        -7.29662804E-20
   72.8942337        -8.18884960E-20
   72.9956665        -8.81677210E-20
   73.0971069        -9.12532533E-20
   73.1985397        -9.06776842E-20
   73.2999725        -8.60860758E-20
   73.4014053        -7.72630248E-20
   73.5028381        -6.41562963E-20
   73.6042709        -4.68958545E-20
   73.7057114        -2.58065795E-20
   73.8071442        -1.41388461E-21
   73.9085770         2.55590441E-20
   74.0100098         5.42029677E-20
   74.1114426         8.34433823E-20
   74.2128754         1.12071224E-19
   74.3143158         1.38781313E-19
   74.4157486         1.62220548E-19
   74.5171814         1.81041001E-19
   74.6186142         1.93959688E-19
   74.7200470         1.99820146E-19
   74.8214798         1.97655350E-19
   74.9229202         1.86748560E-19
   75.0243530         1.66688564E-19
   75.1257858         1.37417499E-19
   75.2272186         9.92687562E-20
   75.3286514         5.29903726E-20
   75.4300842        -2.46284748E-22
   75.5315247        -5.88552706E-20
   75.6329575        -1.20863986E-19
   75.7343903        -1.83959721E-19
   75.8358231        -2.45555648E-19
   75.9372559        -3.02875025E-19
   76.0386963        -3.53050741E-19
   76.1401291        -3.93239776E-19
   76.2415619        -4.20745574E-19
   76.3429947        -4.33147441E-19
   76.4444275        -4.28429590E-19
   76.5458603        -4.05105889E-19
   76.6473007        -3.62333051E-19
   76.7487335        -3.00008249E-19
   76.8501663        -2.18844124E-19
   76.9515991        -1.20415965E-19
   77.0530319        -7.17799386E-21
   77.1544647         1.17556673E-19
   77.2559052         2.49673999E-19
   77.3573380         3.84356089E-19
   77.4587708         5.16216227E-19
   77.5602036         6.39471721E-19
   77.6616364         7.48147279E-19
   77.7630692         8.36307930E-19
   77.8645096         8.98310287E-19
   77.9659424         9.29063311E-19
   78.0673752         9.24294822E-19
   78.1688080         8.80803009E-19
   78.2702408         7.96689753E-19
   78.3716812         6.71561780E-19
   78.4731140         5.06684418E-19
   78.5745468         3.05084579E-19
   78.6759796         7.15872281E-20
   78.7774124        -1.87218102E-19
   78.8788452        -4.63085641E-19
   78.9802856        -7.46303183E-19
   79.0817184        -1.02595522E-18
   79.1831512        -1.29026341E-18
   79.2845840        -1.52699123E-18
   79.3860168        -1.72390416E-18
   79.4874496        -1.86927226E-18
   79.5888901        -1.95239647E-18
   79.6903229        -1.96413788E-18
   79.7917557        -1.89743590E-18
   79.8931885        -1.74778011E-18
   79.9946213        -1.51362647E-18
   80.0960541        -1.19672614E-18
   80.1974945        -8.02347358E-19
   80.2989273        -3.39376437E-19
   80.4003601         1.79719347E-19
   80.5017929         7.39085309E-19
   80.6032257         1.31981526E-18
   80.7046585         1.90045697E-18
   80.8060989         2.45764976E-18
   80.9075317         2.96690847E-18
   81.0089645         3.40351197E-18
   81.1103973         3.74348858E-18
   81.2118301         3.96464069E-18
   81.3132706         4.04760525E-18
   81.4147034         3.97688214E-18
   81.5161362         3.74178831E-18
   81.6175690         3.33730754E-18
   81.7190018         2.76478792E-18
   81.8204346         2.03242867E-18
   81.9218750         1.15553906E-18
   82.0233078         1.56532428E-19
   82.1247406        -9.35364877E-19
   82.2261734        -2.08471042E-18
   82.3276062        -3.25074640E-18
   82.4290390        -4.38857365E-18
   82.5304794        -5.45061235E-18
   82.6319122        -6.38827658E-18
   82.7333450        -7.15384506E-18
   82.8347778        -7.70243703E-18
   82.9362106        -7.99405046E-18
   83.0376434        -7.99556420E-18
   83.1390839        -7.68264673E-18
   83.2405167        -7.04143535E-18
   83.3419495        -6.06998286E-18
   83.4433823        -4.77929614E-18
   83.5448151        -3.19397430E-18
   83.6462555        -1.35233463E-18
   83.7476883         6.93984837E-19
   83.8491211         2.88100369E-18
   83.9505539         5.13393700E-18
   84.0519867         7.36929666E-18
   84.1534195         9.49750581E-18
   84.2548599         1.14259773E-17
   84.3562927         1.30625418E-17
   84.4577255         1.43191515E-17
   84.5591583         1.51156901E-17
   84.6605911         1.53838091E-17
   84.7620239         1.50705574E-17
   84.8634644         1.41417229E-17
   84.9648972         1.25846655E-17
   85.0663300         1.04105254E-17
   85.1677628         7.65568561E-18
   85.2691956         4.38229990E-18
   85.3706284         6.77878183E-19
   85.4720688        -3.34617305E-18
   85.5735016        -7.55707245E-18
   85.6749344        -1.18042214E-17
   85.7763672        -1.59237678E-17
   85.8778000        -1.97439972E-17
   85.9792404        -2.30914929E-17
   86.0806732        -2.57978294E-17
   86.1821060        -2.77065519E-17
   86.2835388        -2.86803139E-17
   86.3849716        -2.86076577E-17
   86.4864044        -2.74094452E-17
   86.5878448        -2.50444366E-17
   86.6892776        -2.15138792E-17
   86.7907104        -1.68646146E-17
   86.8921432        -1.11908810E-17
   86.9935760        -4.63421693E-18
   87.0950089         2.61839928E-18
   87.1964493         1.03383854E-17
   87.2978821         1.82612296E-17
   87.3993149         2.60940262E-17
   87.5007477         3.35247038E-17
   87.6021805         4.02326389E-17
   87.7036133         4.59005003E-17
   87.8050537         5.02266715E-17
   87.9064865         5.29382092E-17
   88.0079193         5.38036023E-17
   88.1093521         5.26447851E-17
   88.2107849         4.93480502E-17
   88.3122177         4.38734711E-17
   88.4136581         3.62618841E-17
   88.5150909         2.66395932E-17
   88.6165237         1.52199247E-17
   88.7179565         2.30169478E-18
   88.8193893        -1.17357656E-17
   88.9208298        -2.64409193E-17
   89.0222626        -4.13018956E-17
   89.1236954        -5.57614230E-17
   89.2251282        -6.92345540E-17
   89.3265610        -8.11288752E-17
   89.4279938        -9.08664322E-17
   89.5294342        -9.79068112E-17
   89.6308670        -1.01770380E-16
   89.7322998        -1.02060965E-16
   89.8337326        -9.84873994E-17
   89.9351654        -9.08820824E-17
   90.0365982        -7.92167910E-17
   90.1380386        -6.36141265E-17
   90.2394714        -4.43544005E-17
   90.3409042        -2.18766541E-17
   90.4423370         3.22572646E-18
   90.5437698         3.02157960E-17
   90.6452026         5.82299682E-17
   90.7466431         8.63007658E-17
   90.8480759         1.13385313E-16
   90.9495087         1.38398646E-16
   91.0509415         1.60250957E-16
   91.1523743         1.77887891E-16
   91.2538147         1.90332287E-16
   91.3552475         1.96726234E-16
   91.4566803         1.96371526E-16
   91.5581131         1.88767248E-16
   91.6595459         1.73642787E-16
   91.7609787         1.50984324E-16
   91.8624191         1.21054296E-16
   91.9638519         8.44012216E-17
   92.0652847         4.18600804E-17
   92.1667175        -5.45772279E-18
   92.2681503        -5.61859983E-17
   92.3695831        -1.08735671E-16
   92.4710236        -1.61337833E-16
   92.5724564        -2.12095740E-16
   92.6738892        -2.59045730E-16
   92.7753220        -3.00224714E-16
   92.8767548        -3.33741807E-16
   92.9781876        -3.57852838E-16
   93.0796280        -3.71033995E-16
   93.1810608        -3.72052313E-16
   93.2824936        -3.60030428E-16
   93.3839264        -3.34501966E-16
   93.4853592        -2.95455812E-16
   93.5867920        -2.43365959E-16
   93.6882324        -1.79205781E-16
   93.7896652        -1.04444463E-16
   93.8910980        -2.10248219E-17
   93.9925308         6.86779343E-17
   94.0939636         1.61915562E-16
   94.1954041         2.55644205E-16
   94.2968369         3.46617423E-16
   94.3982697         4.31491712E-16
   94.4997025         5.06943131E-16
   94.6011353         5.69788582E-16
   94.7025681         6.17110512E-16
   94.8040085         6.46377036E-16
   94.9054413         6.55556226E-16
   95.0068741         6.43217021E-16
   95.1083069         6.08613343E-16
   95.2097397         5.51747839E-16
   95.3111725         4.73409520E-16
   95.4126129         3.75185780E-16
   95.5140457         2.59443359E-16
   95.6154785         1.29280045E-16
   95.7169113        -1.15537916E-17
   95.8183441        -1.58762363E-16
   95.9197769        -3.07636464E-16
   96.0212173        -4.53208155E-16
   96.1226501        -5.90421404E-16
   96.2240829        -7.14314213E-16
   96.3255157        -8.20204079E-16
   96.4269485        -9.03871081E-16
   96.5283890        -9.61730314E-16
   96.6298218        -9.90986197E-16
   96.7312546        -9.89763187E-16
   96.8326874        -9.57204617E-16
   96.9341202        -8.93534738E-16
   97.0355530        -8.00082758E-16
   97.1369934        -6.79262296E-16
   97.2384262        -5.34508389E-16
   97.3398590        -3.70172006E-16
   97.4412918        -1.91374627E-16
   97.5427246        -3.82886148E-18
   97.6441574         1.86369483E-16
   97.7455978         3.72970921E-16
   97.8470306         5.49811733E-16
   97.9484634         7.11055889E-16
   98.0498962         8.51428360E-16
   98.1513290         9.66426688E-16
   98.2527618         1.05250800E-15
   98.3542023         1.10723300E-15
   98.4556351         1.12936724E-15
   98.5570679         1.11892936E-15
   98.6585007         1.07718482E-15
   98.7599335         1.00658410E-15
   98.8613739         9.10644063E-16
   98.9628067         7.93781786E-16
   99.0642395         6.61099422E-16
   99.1656723         5.18141595E-16
   99.2671051         3.70621410E-16
   99.3685379         2.24140376E-16
   99.4699783         8.39083808E-17
   99.5714111        -4.55160731E-17
   99.6728439        -1.60459288E-16
   99.7742767        -2.58317017E-16
   99.8757095        -3.37688557E-16
   99.9771423        -3.98442128E-16
   100.078583        -4.41714527E-16
   100.180016        -4.69833029E-16
   100.281448        -4.86169224E-16
   100.382881        -4.94924845E-16
   100.484314        -5.00856140E-16
   100.585747        -5.08957005E-16
   100.687187        -5.24108518E-16
   100.788620        -5.50715888E-16
   100.890053        -5.92351951E-16
   100.991486        -6.51430276E-16
   101.092918        -7.28922250E-16
   101.194351        -8.24144105E-16
   101.295792        -9.34629812E-16
   101.397224        -1.05609127E-15
   101.498657        -1.18249463E-15
   101.600090        -1.30624212E-15
   101.701523        -1.41845990E-15
   101.802963        -1.50938900E-15
   101.904396        -1.56885960E-15
   102.005829        -1.58683470E-15
   102.107262        -1.55399057E-15
   102.208694        -1.46232424E-15
   102.310127        -1.30573136E-15
   102.411568        -1.08053420E-15
   102.513000        -7.85933867E-16
   102.614433        -4.24349689E-16
   102.715866        -1.61172554E-18
   102.817299         4.73005750E-16
   102.918732         9.86920650E-16
   103.020172         1.52457746E-15
   103.121605         2.06793311E-15
   103.223038         2.59714362E-15
   103.324471         3.09137613E-15
   103.425903         3.52972584E-15
   103.527336         3.89223455E-15
   103.628777         4.16089646E-15
   103.730209         4.32067144E-15
   103.831642         4.36039686E-15
   103.933075         4.27357048E-15
   104.034508         4.05894250E-15
   104.135948         3.72086624E-15
   104.237381         3.26940085E-15
   104.338814         2.72008432E-15
   104.440247         2.09342414E-15
   104.541679         1.41406751E-15
   104.643112         7.09694813E-16
   104.744553         9.65852562E-18
   104.845985        -6.56563719E-16
   104.947418        -1.26105969E-15
   105.048851        -1.77918169E-15
   105.150284        -2.19123061E-15
   105.251717        -2.48398659E-15
   105.353157        -2.65199663E-15
   105.454590        -2.69851102E-15
   105.556023        -2.63603006E-15
   105.657455        -2.48633244E-15
   105.758888        -2.27997044E-15
   105.860321        -2.05520983E-15
   105.961761        -1.85636122E-15
   106.063194        -1.73163996E-15
   106.164627        -1.73046618E-15
   106.266060        -1.90045013E-15
   106.367493        -2.28407432E-15
   106.468925        -2.91525934E-15
   106.570366        -3.81599397E-15
   106.671799        -4.99321221E-15
   106.773232        -6.43604390E-15
   106.874664        -8.11372183E-15
   106.976097        -9.97426442E-15
   107.077538        -1.19440912E-14
   107.178970        -1.39287072E-14
   107.280403        -1.58145676E-14
   107.381836        -1.74721010E-14
   107.483269        -1.87599434E-14
   107.584702        -1.95302708E-14
   107.686142        -1.96351063E-14
   107.787575        -1.89334801E-14
   107.889008        -1.72990250E-14
   107.990440        -1.46279490E-14
   108.091873        -1.08468735E-14
   108.193306        -5.92022413E-15
   108.294746         1.43148555E-16
   108.396179         7.28455704E-15
   108.497612         1.53916068E-14
   108.599045         2.42962236E-14
   108.700478         3.37747273E-14
   108.801910         4.35504328E-14
   108.903351         5.32984369E-14
   109.004784         6.26532382E-14
   109.106216         7.12184353E-14
   109.207649         7.85789619E-14
   109.309082         8.43149877E-14
   109.410522         8.80176737E-14
   109.511955         8.93056991E-14
   109.613388         8.78424801E-14
   109.714821         8.33531039E-14
   109.816254         7.56406046E-14
   109.917686         6.46006279E-14
   110.019127         5.02338039E-14
   110.120560         3.26555630E-14
   110.221992         1.21021577E-14
   110.323425        -1.10668666E-14
   110.424858        -3.63707206E-14
   110.526291        -6.32138385E-14
   110.627731        -9.08968674E-14
   110.729164        -1.18632196E-13
   110.830597        -1.45563574E-13
   110.932030        -1.70789611E-13
   111.033463        -1.93390171E-13
   111.134895        -2.12455406E-13
   111.236336        -2.27115947E-13
   111.337769        -2.36573863E-13
   111.439201        -2.40132756E-13
   111.540634        -2.37226390E-13
   111.642067        -2.27444664E-13
   111.743507        -2.10555274E-13
   111.844940        -1.86521710E-13
   111.946373        -1.55514870E-13
   112.047806        -1.17919075E-13
   112.149239        -7.43314508E-14
   112.250671        -2.55547350E-14
   112.352112         2.74166743E-14
   112.453545         8.34171531E-14
   112.554977         1.41136072E-13
   112.656410         1.99149264E-13
   112.757843         2.55954925E-13
   112.859276         3.10012676E-13
   112.960716         3.59784603E-13
   113.062149         4.03777516E-13
   113.163582         4.40584201E-13
   113.265015         4.68923294E-13
   113.366447         4.87675818E-13
   113.467880         4.95918248E-13
   113.569321         4.92949485E-13
   113.670753         4.78313515E-13
   113.772186         4.51814015E-13
   113.873619         4.13523491E-13
   113.975052         3.63784930E-13
   114.076485         3.03207329E-13
   114.177925         2.32654282E-13
   114.279358         1.53227352E-13
   114.380791         6.62443665E-14
   114.482224        -2.67873458E-14
   114.583656        -1.24199059E-13
   114.685097        -2.24193209E-13
   114.786530        -3.24876085E-13
   114.887962        -4.24290892E-13
   114.989395        -5.20451304E-13
   115.090828        -6.11373257E-13
   115.192261        -6.95105757E-13
   115.293701        -7.69759311E-13
   115.395134        -8.33533600E-13
   115.496567        -8.84742095E-13
   115.598000        -9.21835308E-13
   115.699432        -9.43423291E-13
   115.800865        -9.48296129E-13
   115.902306        -9.35444539E-13
   116.003738        -9.04080305E-13
   116.105171        -8.53656284E-13
   116.206604        -7.83888362E-13
   116.308037        -6.94774858E-13
   116.409470        -5.86619457E-13
   116.510910        -4.60052786E-13
   116.612343        -3.16051899E-13
   116.713776        -1.55959880E-13
   116.815208         1.84976715E-14
   116.916641         2.05201755E-13
   117.018082         4.01633452E-13
   117.119514         6.04874766E-13
   117.220947         8.11618676E-13
   117.322380         1.01818998E-12
   117.423813         1.22057887E-12
   117.525246         1.41448333E-12
   117.626686         1.59537205E-12
   117.728119         1.75855359E-12
   117.829552         1.89926633E-12
   117.930984         2.01277731E-12
   118.032417         2.09449233E-12
   118.133850         2.14007956E-12
   118.235291         2.14559555E-12
   118.336723         2.10761877E-12
   118.438156         2.02337886E-12
   118.539589         1.89089022E-12
   118.641022         1.70906616E-12
   118.742455         1.47783055E-12
   118.843895         1.19820560E-12
   118.945328         8.72383546E-13
   119.046761         5.03770148E-13
   119.148193         9.70004242E-14
   119.249626        -3.42075923E-13
   119.351059        -8.06442424E-13
   119.452499        -1.28799445E-12
   119.553932        -1.77765756E-12
   119.655365        -2.26553021E-12
   119.756798        -2.74106345E-12
   119.858231        -3.19326184E-12
   119.959671        -3.61091300E-12
   120.061104        -3.98282796E-12
   120.162537        -4.29809920E-12
   120.263969        -4.54636198E-12
   120.365402        -4.71805537E-12
   120.466835        -4.80467532E-12
   120.568275        -4.79901882E-12
   120.669708        -4.69539988E-12
   120.771141        -4.48984599E-12
   120.872574        -4.18026551E-12
   120.974007        -3.76657516E-12
   121.075439        -3.25079265E-12
   121.176880        -2.63708543E-12
   121.278313        -1.93178871E-12
   121.379745        -1.14336600E-12
   121.481178        -2.82341343E-13
   121.582611         6.38816311E-13
   121.684044         1.60583883E-12
   121.785484         2.60284524E-12
   121.886917         3.61255925E-12
   121.988350         4.61654933E-12
   122.089783         5.59549802E-12
   122.191216         6.52948876E-12
   122.292656         7.39831633E-12
   122.394089         8.18180159E-12
   122.495522         8.86012444E-12
   122.596954         9.41416736E-12
   122.698387         9.82584847E-12
   122.799820         1.00784919E-11
   122.901260         1.01571616E-11
   123.002693         1.00490137E-11
   123.104126         9.74364773E-12
   123.205559         9.23344387E-12
   123.306992         8.51387363E-12
   123.408424         7.58382766E-12
   123.509865         6.44588246E-12
   123.611298         5.10656491E-12
   123.712730         3.57655442E-12
   123.814163         1.87085482E-12
   123.915596         8.89929999E-15
   124.017029        -1.98542528E-12
   124.118469        -4.08381575E-12
   124.219902        -6.25369331E-12
   124.321335        -8.45844662E-12
   124.422768        -1.06577776E-11
   124.524200        -1.28081773E-11
   124.625633        -1.48635149E-11
   124.727074        -1.67757509E-11
   124.828506        -1.84957639E-11
   124.929939        -1.99743173E-11
   125.031372        -2.11631112E-11
   125.132805        -2.20158995E-11
   125.234245        -2.24897375E-11
   125.335678        -2.25462028E-11
   125.437111        -2.21526755E-11
   125.538544        -2.12835860E-11
   125.639977        -1.99215956E-11
   125.741409        -1.80587004E-11
   125.842850        -1.56971987E-11
   125.944283        -1.28504776E-11
   126.045715        -9.54358988E-12
   126.147148        -5.81359570E-12
   126.248581        -1.70962647E-12
   126.350014         2.70736081E-12
   126.451454         7.36513628E-12
   126.552887         1.21810756E-11
   126.654320         1.70633663E-11
   126.755753         2.19125464E-11
   126.857185         2.66233181E-11
   126.958618         3.10866471E-11
   127.060059         3.51920923E-11
   127.161491         3.88302654E-11
   127.262924         4.18955218E-11
   127.364357         4.42885971E-11
   127.465790         4.59192927E-11
   127.567230         4.67090880E-11
   127.668663         4.65935589E-11
   127.770096         4.55246014E-11
   127.871529         4.34723681E-11
   127.972961         4.04267800E-11
   128.074402         3.63987278E-11
   128.175827         3.14207479E-11
   128.277267         2.55472171E-11
   128.378693         1.88540242E-11
   128.480133         1.14377388E-11
   128.581573         3.41432850E-12
   128.682999        -5.08276017E-12
   128.784439        -1.39048443E-11
   128.885864        -2.28906998E-11
   128.987305        -3.18696111E-11
   129.088745        -4.06646834E-11
   129.190170        -4.90963520E-11
   129.291611        -5.69860062E-11
   129.393036        -6.41596568E-11
   129.494476        -7.04515127E-11
   129.595901        -7.57075236E-11
   129.697342        -7.97885022E-11
   129.798782        -8.25731983E-11
   129.900208        -8.39608036E-11
   130.001648        -8.38732972E-11
   130.103073        -8.22571178E-11
   130.204514        -7.90845583E-11
   130.305954        -7.43545156E-11
   130.407379        -6.80930104E-11
   130.508820        -6.03529240E-11
   130.610245        -5.12136791E-11
   130.711685        -4.07801362E-11
   130.813126        -2.91813448E-11
   130.914551        -1.65689146E-11
   131.015991        -3.11504490E-12
   131.117416         1.09896215E-11
   131.218857         2.55383718E-11
   131.320282         4.03110566E-11
   131.421722         5.50767106E-11
   131.523163         6.95964189E-11
   131.624588         8.36262032E-11
   131.726028         9.69200206E-11
   131.827454         1.09232824E-10
   131.928894         1.20323779E-10
   132.030334         1.29959321E-10
   132.131760         1.37916692E-10
   132.233200         1.43987114E-10
   132.334625         1.47979365E-10
   132.436066         1.49723234E-10
   132.537506         1.49073129E-10
   132.638931         1.45911574E-10
   132.740372         1.40152792E-10
   132.841797         1.31746197E-10
   132.943237         1.20679661E-10
   133.044662         1.06982465E-10
   133.146103         9.07281403E-11
   133.247543         7.20366891E-11
   133.348969         5.10762543E-11
   133.450409         2.80639505E-11
   133.551834         3.26635832E-12
   133.653275        -2.30014428E-11
   133.754715        -5.03775598E-11
   133.856140        -7.84561235E-11
   133.957581        -1.06791374E-10
   134.059006        -1.34902936E-10
   134.160446        -1.62282160E-10
   134.261871        -1.88399865E-10
   134.363312        -2.12715096E-10
   134.464752        -2.34684799E-10
   134.566177        -2.53774585E-10
   134.667618        -2.69469780E-10
   134.769043        -2.81287382E-10
   134.870483        -2.88787966E-10
   134.971924        -2.91587143E-10
   135.073349        -2.89367419E-10
   135.174789        -2.81888624E-10
   135.276215        -2.68997796E-10
   135.377655        -2.50637261E-10
   135.479095        -2.26851510E-10
   135.580521        -1.97791894E-10
   135.681961        -1.63719455E-10
   135.783386        -1.25005326E-10
   135.884827        -8.21284707E-11
   135.986252        -3.56715317E-11
   136.087692         1.36865736E-11
   136.189133         6.51797019E-11
   136.290558         1.17966650E-10
   136.391998         1.71144807E-10
   136.493423         2.23765839E-10
   136.594864         2.74853196E-10
   136.696304         3.23420346E-10
   136.797729         3.68490433E-10
   136.899170         4.09115353E-10
   137.000595         4.44395604E-10
   137.102036         4.73499406E-10
   137.203461         4.95680386E-10
   137.304901         5.10294917E-10
   137.406342         5.16816034E-10
   137.507767         5.14847220E-10
   137.609207         5.04131958E-10
   137.710632         4.84562168E-10
   137.812073         4.56182370E-10
   137.913513         4.19192542E-10
   138.014938         3.73946540E-10
   138.116379         3.20948657E-10
   138.217804         2.60847066E-10
   138.319244         1.94424393E-10
   138.420685         1.22585969E-10
   138.522110         4.63463920E-11
   138.623550        -3.31862662E-11
   138.724976        -1.14827925E-10
   138.826416        -1.97336592E-10
   138.927841        -2.79432005E-10
   139.029282        -3.59815178E-10
   139.130722        -4.37188646E-10
   139.232147        -5.10276321E-10
   139.333588        -5.77843329E-10
   139.435013        -6.38714304E-10
   139.536453        -6.91793012E-10
   139.637894        -7.36077310E-10
   139.739319        -7.70676023E-10
   139.840759        -7.94824095E-10
   139.942184        -8.07894140E-10
   140.043625        -8.09408207E-10
   140.145065        -7.99047273E-10
   140.246490        -7.76659237E-10
   140.347931        -7.42264139E-10
   140.449356        -6.96058267E-10
   140.550797        -6.38415376E-10
   140.652222        -5.69887026E-10
   140.753662        -4.91197860E-10
   140.855103        -4.03242273E-10
   140.956528        -3.07075226E-10
   141.057968        -2.03902090E-10
   141.159393        -9.50657816E-11
   141.260834         1.79697229E-11
   141.362274         1.33637101E-10
   141.463699         2.50286791E-10
   141.565140         3.66211700E-10
   141.666565         4.79670970E-10
   141.768005         5.88920412E-10
   141.869431         6.92239543E-10
   141.970871         7.87963361E-10
   142.072311         8.74515627E-10
   142.173737         9.50435841E-10
   142.275177         1.01441477E-09
   142.376602         1.06532139E-09
   142.478043         1.10223175E-09
   142.579483         1.12445253E-09
   142.680908         1.13154441E-09
   142.782349         1.12333598E-09
   142.883774         1.09993681E-09
   142.985214         1.06174347E-09
   143.086655         1.00943931E-09
   143.188080         9.43986778E-10
   143.289520         8.66613115E-10
   143.390945         7.78791032E-10
   143.492386         6.82209012E-10
   143.593811         5.78738446E-10
   143.695251         4.70391726E-10
   143.796692         3.59278052E-10
   143.898117         2.47551341E-10
   143.999557         1.37357944E-10
   144.100983         3.07811658E-11
   144.202423        -7.02169087E-11
   144.303864        -1.63849351E-10
   144.405289        -2.48559784E-10
   144.506729        -3.23069377E-10
   144.608154        -3.86425059E-10
   144.709595        -4.38035469E-10
   144.811020        -4.77697881E-10
   144.912460        -5.05625430E-10
   145.013901        -5.22449251E-10
   145.115326        -5.29223332E-10
   145.216766        -5.27411670E-10
   145.318192        -5.18858845E-10
   145.419632        -5.05761766E-10
   145.521072        -4.90616825E-10
   145.622498        -4.76165163E-10
   145.723938        -4.65323974E-10
   145.825363        -4.61110566E-10
   145.926804        -4.66561234E-10
   146.028244        -4.84640716E-10
   146.129669        -5.18153243E-10
   146.231110        -5.69648884E-10
   146.332535        -6.41331155E-10
   146.433975        -7.34971306E-10
   146.535400        -8.51819559E-10
   146.636841        -9.92538163E-10
   146.738281        -1.15711973E-09
   146.839706        -1.34484557E-09
   146.941147        -1.55423507E-09
   147.042572        -1.78301840E-09
   147.144012        -2.02812611E-09
   147.245453        -2.28567987E-09
   147.346878        -2.55102917E-09
   147.448318        -2.81877477E-09
   147.549744        -3.08282799E-09
   147.651184        -3.33647510E-09
   147.752609        -3.57247654E-09
   147.854050        -3.78315246E-09
   147.955490        -3.96050481E-09
   148.056915        -4.09635303E-09
   148.158356        -4.18246104E-09
   148.259781        -4.21068735E-09
   148.361221        -4.17314672E-09
   148.462662        -4.06236111E-09
   148.564087        -3.87142984E-09
   148.665527        -3.59418473E-09
   148.766953        -3.22534910E-09
   148.868393        -2.76070011E-09
   148.969833        -2.19721041E-09
   149.071259        -1.53319113E-09
   149.172699        -7.68411390E-10
   149.274124         9.57776705E-11
   149.375565         1.05635001E-09
   149.476990         2.10853135E-09
   149.578430         3.24572702E-09
   149.679871         4.45949677E-09
   149.781296         5.73951464E-09
   149.882736         7.07359460E-09
   149.984161         8.44770209E-09
   150.085602         9.84601822E-09
   150.187042         1.12510019E-08
   150.288467         1.26434827E-08
   150.389908         1.40027865E-08
   150.491333         1.53068722E-08
   150.592773         1.65324678E-08
   150.694214         1.76552675E-08
   150.795639         1.86500806E-08
   150.897079         1.94910470E-08
   150.998505         2.01518215E-08
   151.099945         2.06057802E-08
   151.201370         2.08262119E-08
   151.302811         2.07865085E-08
   151.404251         2.04603463E-08
   151.505676         1.98218597E-08
   151.607117         1.88457676E-08
   151.708542         1.75075208E-08
   151.809982         1.57833817E-08
   151.911423         1.36504879E-08
   152.012848         1.10869038E-08
   152.114288         8.07159140E-09
   152.215714         4.58441241E-09
   152.317154         6.05995698E-10
   152.418579        -3.88233401E-09
   152.520020        -8.89872709E-09
   152.621460        -1.44609933E-08
   152.722885        -2.05868123E-08
   152.824326        -2.72940053E-08
   152.925751        -3.46007560E-08
   153.027191        -4.25259756E-08
   153.128632        -5.10895291E-08
   153.230057        -6.03126367E-08
   153.331497        -7.02180358E-08
   153.432922        -8.08304108E-08
   153.534363        -9.21766770E-08
   153.635803        -1.04286066E-07
   153.737228        -1.17190588E-07
   153.838669        -1.30925031E-07
   153.940094        -1.45527224E-07
   154.041534        -1.61037988E-07
   154.142960        -1.77501292E-07
   154.244400        -1.94964059E-07
   154.345840        -2.13476355E-07
   154.447266        -2.33090830E-07
   154.548706        -2.53862794E-07
   154.650131        -2.75849658E-07
   154.751572        -2.99110752E-07
   154.853012        -3.23706843E-07
   154.954437        -3.49699434E-07
   155.055878        -3.77150542E-07
   155.157303        -4.06121757E-07
   155.258743        -4.36673673E-07
   155.360168        -4.68865153E-07
   155.461609        -5.02752869E-07
   155.563049        -5.38390339E-07
   155.664474        -5.75826846E-07
   155.765915        -6.15107069E-07
   155.867340        -6.56270515E-07
   155.968781        -6.99350153E-07
   156.070221        -7.44371960E-07
   156.171646        -7.91354410E-07
   156.273087        -8.40307621E-07
   156.374512        -8.91232276E-07
   156.475952        -9.44120188E-07
   156.577393        -9.98952260E-07
   156.678818        -1.05569916E-06
   156.780258        -1.11432064E-06
   156.881683        -1.17476441E-06
   156.983124        -1.23696714E-06
   157.084549        -1.30085311E-06
   157.185989        -1.36633412E-06
   157.287430        -1.43331033E-06
   157.388855        -1.50166886E-06
   157.490295        -1.57128522E-06
   157.591721        -1.64202243E-06
   157.693161        -1.71373108E-06
