  -4.50000000         0.00000000    
  -4.39856577         0.00000000    
  -4.29713154         0.00000000    
  -4.19569778         0.00000000    
  -4.09426355         0.00000000    
  -3.99282932         0.00000000    
  -3.89139533         0.00000000    
  -3.78996110         0.00000000    
  -3.68852711         0.00000000    
  -3.58709288         0.00000000    
  -3.48565888         0.00000000    
  -3.38422465         0.00000000    
  -3.28279042         0.00000000    
  -3.18135643         0.00000000    
  -3.07992220         0.00000000    
  -2.97848821         0.00000000    
  -2.87705398         0.00000000    
  -2.77561998         0.00000000    
  -2.67418575         0.00000000    
  -2.57275176         0.00000000    
  -2.47131753         0.00000000    
  -2.36988354         0.00000000    
  -2.26844931         0.00000000    
  -2.16701531         0.00000000    
  -2.06558108         0.00000000    
  -1.96414697         0.00000000    
  -1.86271286         0.00000000    
  -1.76127875         0.00000000    
  -1.65984464         0.00000000    
  -1.55841053         0.00000000    
  -1.45697629         0.00000000    
  -1.35554218         0.00000000    
  -1.25410807         0.00000000    
  -1.15267396         0.00000000    
  -1.05123985         0.00000000    
 -0.949805737         0.00000000    
 -0.848371625         0.00000000    
 -0.746937513         0.00000000    
 -0.645503342         0.00000000    
 -0.544069231         0.00000000    
 -0.442635119         0.00000000    
 -0.341201007         0.00000000    
 -0.239766881         0.00000000    
 -0.138332769         0.00000000    
  -3.68986391E-02     0.00000000    
   6.45354837E-02     0.00000000    
  0.165969610         0.00000000    
  0.267403722         0.00000000    
  0.368837833         0.00000000    
  0.470271975         0.00000000    
  0.571706116         0.00000000    
  0.673140228         0.00000000    
  0.774574339         0.00000000    
  0.876008451         0.00000000    
  0.977442563         0.00000000    
   1.07887673         0.00000000    
   1.18031085         0.00000000    
   1.28174496         0.00000000    
   1.38317907         0.00000000    
   1.48461318         0.00000000    
   1.58604729         0.00000000    
   1.68748140         0.00000000    
   1.78891551         0.00000000    
   1.89034963         0.00000000    
   1.99178374         0.00000000    
   2.09321785         0.00000000    
   2.19465208         0.00000000    
   2.29608607         0.00000000    
   2.39752030         0.00000000    
   2.49895430         0.00000000    
   2.60038853         0.00000000    
   2.70182276         0.00000000    
   2.80325675         0.00000000    
   2.90469098         0.00000000    
   3.00612497         0.00000000    
   3.10755920         0.00000000    
   3.20899320         0.00000000    
   3.31042743         0.00000000    
   3.41186142         0.00000000    
   3.51329565         0.00000000    
   3.61472964         0.00000000    
   3.71616387         0.00000000    
   3.81759810         0.00000000    
   3.91903210         0.00000000    
   4.02046633         0.00000000    
   4.12190056         0.00000000    
   4.22333431         0.00000000    
   4.32476854         0.00000000    
   4.42620277         0.00000000    
   4.52763700         0.00000000    
   4.62907076         0.00000000    
   4.73050499         0.00000000    
   4.83193922         0.00000000    
   4.93337345         0.00000000    
   5.03480768         0.00000000    
   5.13624144         0.00000000    
   5.23767567         0.00000000    
   5.33910990         0.00000000    
   5.44054413         0.00000000    
   5.54197788         0.00000000    
   5.64341211         0.00000000    
   5.74484634         0.00000000    
   5.84628057         0.00000000    
   5.94771433         0.00000000    
   6.04914856         0.00000000    
   6.15058279         0.00000000    
   6.25201702         0.00000000    
   6.35345125         0.00000000    
   6.45488501         0.00000000    
   6.55631924         0.00000000    
   6.65775347         0.00000000    
   6.75918770         0.00000000    
   6.86062145         0.00000000    
   6.96205568         0.00000000    
   7.06348991         0.00000000    
   7.16492414         0.00000000    
   7.26635790         0.00000000    
   7.36779213         0.00000000    
   7.46922636         0.00000000    
   7.57066059         0.00000000    
   7.67209482         0.00000000    
   7.77352858         0.00000000    
   7.87496281         0.00000000    
   7.97639704         0.00000000    
   8.07783127         0.00000000    
   8.17926502         0.00000000    
   8.28069973         0.00000000    
   8.38213348         0.00000000    
   8.48356724         0.00000000    
   8.58500195         0.00000000    
   8.68643570         0.00000000    
   8.78787041         0.00000000    
   8.88930416         0.00000000    
   8.99073792         0.00000000    
   9.09217262         0.00000000    
   9.19360638         0.00000000    
   9.29504013         0.00000000    
   9.39647484         0.00000000    
   9.49790859         0.00000000    
   9.59934330         0.00000000    
   9.70077705         0.00000000    
   9.80221081         0.00000000    
   9.90364552         0.00000000    
   10.0050793         0.00000000    
   10.1065140         0.00000000    
   10.2079477         0.00000000    
   10.3093815         0.00000000    
   10.4108162         0.00000000    
   10.5122499         0.00000000    
   10.6136837         0.00000000    
   10.7151184         0.00000000    
   10.8165522         0.00000000    
   10.9179869         0.00000000    
   11.0194206         0.00000000    
   11.1208544         0.00000000    
   11.2222891         0.00000000    
   11.3237228         0.00000000    
   11.4251575         0.00000000    
   11.5265913         0.00000000    
   11.6280251         0.00000000    
   11.7294598         0.00000000    
   11.8308935         0.00000000    
   11.9323273         0.00000000    
   12.0337620         0.00000000    
   12.1351957         0.00000000    
   12.2366304         0.00000000    
   12.3380642         0.00000000    
   12.4394979         0.00000000    
   12.5409327         0.00000000    
   12.6423664         0.00000000    
   12.7438011         0.00000000    
   12.8452349         0.00000000    
   12.9466686         0.00000000    
   13.0481033         0.00000000    
   13.1495371         0.00000000    
   13.2509708         0.00000000    
   13.3524055         0.00000000    
   13.4538393         0.00000000    
   13.5552740         0.00000000    
   13.6567078         0.00000000    
   13.7581415         0.00000000    
   13.8595762         0.00000000    
   13.9610100         0.00000000    
   14.0624447         0.00000000    
   14.1638784         0.00000000    
   14.2653122         0.00000000    
   14.3667469         0.00000000    
   14.4681807         0.00000000    
   14.5696154         0.00000000    
   14.6710491         0.00000000    
   14.7724829         0.00000000    
   14.8739176         0.00000000    
   14.9753513         0.00000000    
   15.0767851         0.00000000    
   15.1782198         0.00000000    
   15.2796535         0.00000000    
   15.3810883         0.00000000    
   15.4825220         0.00000000    
   15.5839558         0.00000000    
   15.6853905         0.00000000    
   15.7868242         0.00000000    
   15.8882589         0.00000000    
   15.9896927         0.00000000    
   16.0911274         0.00000000    
   16.1925602         0.00000000    
   16.2939949         0.00000000    
   16.3954296         0.00000000    
   16.4968624         0.00000000    
   16.5982971         0.00000000    
   16.6997318         0.00000000    
   16.8011646         0.00000000    
   16.9025993         0.00000000    
   17.0040340         0.00000000    
   17.1054688         0.00000000    
   17.2069016         0.00000000    
   17.3083363         0.00000000    
   17.4097710         0.00000000    
   17.5112038         0.00000000    
   17.6126385         0.00000000    
   17.7140732         0.00000000    
   17.8155060         0.00000000    
   17.9169407         0.00000000    
   18.0183754         0.00000000    
   18.1198101         0.00000000    
   18.2212429         0.00000000    
   18.3226776         0.00000000    
   18.4241123         0.00000000    
   18.5255451         0.00000000    
   18.6269798         0.00000000    
   18.7284145         0.00000000    
   18.8298473         0.00000000    
   18.9312820         0.00000000    
   19.0327168         0.00000000    
   19.1341496         0.00000000    
   19.2355843         0.00000000    
   19.3370190         0.00000000    
   19.4384537         0.00000000    
   19.5398865         0.00000000    
   19.6413212         0.00000000    
   19.7427559         0.00000000    
   19.8441887         0.00000000    
   19.9456234         0.00000000    
   20.0470581         0.00000000    
   20.1484909         0.00000000    
   20.2499256         0.00000000    
   20.3513603         0.00000000    
   20.4527931         0.00000000    
   20.5542278         0.00000000    
   20.6556625         0.00000000    
   20.7570972         0.00000000    
   20.8585300         0.00000000    
   20.9599648         0.00000000    
   21.0613995         0.00000000    
   21.1628323         0.00000000    
   21.2642670         0.00000000    
   21.3657017         0.00000000    
   21.4671345         0.00000000    
   21.5685692         0.00000000    
   21.6700039         0.00000000    
   21.7714367         0.00000000    
   21.8728714         0.00000000    
   21.9743061         0.00000000    
   22.0757408         0.00000000    
   22.1771736         0.00000000    
   22.2786083         0.00000000    
   22.3800430         0.00000000    
   22.4814758         0.00000000    
   22.5829105         0.00000000    
   22.6843452         0.00000000    
   22.7857780         0.00000000    
   22.8872128         0.00000000    
   22.9886475         0.00000000    
   23.0900803         0.00000000    
   23.1915150         0.00000000    
   23.2929497         0.00000000    
   23.3943844         0.00000000    
   23.4958172         0.00000000    
   23.5972519         0.00000000    
   23.6986866         0.00000000    
   23.8001194         0.00000000    
   23.9015541         0.00000000    
   24.0029888         0.00000000    
   24.1044216         0.00000000    
   24.2058563         0.00000000    
   24.3072910         0.00000000    
   24.4087238         0.00000000    
   24.5101585         0.00000000    
   24.6115932         0.00000000    
   24.7130280         0.00000000    
   24.8144608         0.00000000    
   24.9158955         0.00000000    
   25.0173302         0.00000000    
   25.1187630         0.00000000    
   25.2201977         0.00000000    
   25.3216324         0.00000000    
   25.4230652         0.00000000    
   25.5244999         0.00000000    
   25.6259346         0.00000000    
   25.7273674         0.00000000    
   25.8288021         0.00000000    
   25.9302368         0.00000000    
   26.0316715         0.00000000    
   26.1331043         0.00000000    
   26.2345390         0.00000000    
   26.3359737         0.00000000    
   26.4374065         0.00000000    
   26.5388412         0.00000000    
   26.6402760         0.00000000    
   26.7417088         0.00000000    
   26.8431435         0.00000000    
   26.9445782         0.00000000    
   27.0460110         0.00000000    
   27.1474457         0.00000000    
   27.2488804         0.00000000    
   27.3503151         0.00000000    
   27.4517479         0.00000000    
   27.5531826         0.00000000    
   27.6546173         0.00000000    
   27.7560501         0.00000000    
   27.8574848         0.00000000    
   27.9589195         0.00000000    
   28.0603523         0.00000000    
   28.1617870         0.00000000    
   28.2632217         0.00000000    
   28.3646545         0.00000000    
   28.4660892         0.00000000    
   28.5675240         0.00000000    
   28.6689587         0.00000000    
   28.7703915         0.00000000    
   28.8718262         0.00000000    
   28.9732609         0.00000000    
   29.0746937         0.00000000    
   29.1761284         0.00000000    
   29.2775631        -9.11783213E-35
   29.3789959        -3.93308609E-34
   29.4804306        -7.94330757E-34
   29.5818653        -1.25229353E-33
   29.6832981        -1.50235764E-33
   29.7847328        -1.53652384E-33
   29.8861675        -1.21684172E-33
   29.9876022        -6.09117249E-34
   30.0890350         1.82954790E-34
   30.1904697         1.28974515E-33
   30.2919044         2.64471590E-33
   30.3933372         4.07692885E-33
   30.4947720         5.48542088E-33
   30.5962067         6.69515591E-33
   30.6976395         6.91911550E-33
   30.7990742         6.17912785E-33
   30.9005089         4.43163427E-33
   31.0019417         1.97242644E-33
   31.1033764        -6.97554786E-34
   31.2048111        -3.45170618E-33
   31.3062458        -6.20597320E-33
   31.4076786        -8.83748481E-33
   31.5091133        -1.15891547E-32
   31.6105480        -7.83445238E-33
   31.7119808        -3.18849133E-33
   31.8134155         4.65954867E-33
   31.9148502         1.94289453E-32
   32.0162849         3.45707334E-32
   32.1177177         5.48314806E-32
   32.2191505         7.61587979E-32
   32.3205872         2.86182751E-31
   32.4220200         5.45895157E-31
   32.5234528         6.92311771E-31
   32.6248894         2.80872902E-31
   32.7263222        -1.86888405E-30
   32.8277550        -5.88325970E-30
   32.9291916        -1.05225620E-29
   33.0306244        -1.58379962E-29
   33.1320610        -2.13440404E-29
   33.2334938        -2.44144376E-29
   33.3349266        -2.35760051E-29
   33.4363632        -1.76576073E-29
   33.5377960        -6.89790467E-30
   33.6392288         7.61138197E-30
   33.7406654         2.57779133E-29
   33.8420982         4.55345239E-29
   33.9435310         6.62880712E-29
   34.0449677         8.55608401E-29
   34.1464005         1.29040436E-28
   34.2478333         2.16865586E-28
   34.3492699         3.68302420E-28
   34.4507027         5.79653876E-28
   34.5521355         8.27645860E-28
   34.6535721         1.06402266E-27
   34.7550049         1.23744754E-27
   34.8564377         1.30626439E-27
   34.9578743         1.23141736E-27
   35.0593071         9.93263606E-28
   35.1607399         5.83979804E-28
   35.2621765         8.63913944E-30
   35.3636093        -6.71510623E-28
   35.4650421        -1.41698553E-27
   35.5664787        -2.20129036E-27
   35.6679115        -3.02786559E-27
   35.7693481        -3.89936757E-27
   35.8707809        -4.81476862E-27
   35.9722137        -5.75979048E-27
   36.0736504        -6.64166186E-27
   36.1750832        -7.38175899E-27
   36.2765160        -7.83132342E-27
   36.3779526        -7.84089606E-27
   36.4793854        -7.26334973E-27
   36.5808182        -6.01137316E-27
   36.6822548        -3.99483631E-27
   36.7836876        -1.23270648E-27
   36.8851204         2.21672957E-27
   36.9865570         6.24466183E-27
   37.0879898         1.07174997E-26
   37.1894226         1.54648554E-26
   37.2908592         2.02846384E-26
   37.3922920         2.49340936E-26
   37.4937248         2.91355853E-26
   37.5951614         3.25835669E-26
   37.6965942         3.49305667E-26
   37.7980270         3.57748143E-26
   37.8994637         3.47003334E-26
   38.0008965         3.13008575E-26
   38.1023293         2.52286839E-26
   38.2037659         1.62400037E-26
   38.3051987         4.25677279E-27
   38.4066353        -1.06367778E-26
   38.5080681        -2.81452290E-26
   38.6095009        -4.77494640E-26
   38.7109375        -6.87116337E-26
   38.8123703        -9.00822454E-26
   38.9138031        -1.10706693E-25
   39.0152397        -1.29249966E-25
   39.1166725        -1.44229448E-25
   39.2181053        -1.54055549E-25
   39.3195419        -1.57115787E-25
   39.4209747        -1.51834178E-25
   39.5224075        -1.36784290E-25
   39.6238441        -1.10808161E-25
   39.7252769        -7.31479656E-26
   39.8267097        -2.35821216E-26
   39.9281464         3.74568445E-26
   40.0295792         1.08772973E-25
   40.1310120         1.88317307E-25
   40.2324486         2.73165620E-25
   40.3338814         3.59517392E-25
   40.4353142         4.42769778E-25
   40.5367508         5.17615915E-25
   40.6381836         5.78219365E-25
   40.7396202         6.18440079E-25
   40.8410530         6.32118336E-25
   40.9424858         6.13409365E-25
   41.0439224         5.57166492E-25
   41.1453552         4.59358241E-25
   41.2467880         3.17505002E-25
   41.3482246         1.31112664E-25
   41.4496574        -9.79237201E-26
   41.5510902        -3.64978553E-25
   41.6525269        -6.62448262E-25
   41.7539597        -9.79632913E-25
   41.8553925        -1.30277420E-24
   41.9568291        -1.61527622E-24
   42.0582619        -1.89812437E-24
   42.1596947        -2.13051175E-24
   42.2611313        -2.29067024E-24
   42.3625641        -2.35689215E-24
   42.4639969        -2.30873318E-24
   42.5654335        -2.12833627E-24
   42.6668663        -1.80184725E-24
   42.7682991        -1.32086219E-24
   42.8697357        -6.83826048E-25
   42.9711685         1.02700630E-25
   43.0726013         1.02299354E-24
   43.1740379         2.05143988E-24
   43.2754707         3.15222369E-24
   43.3769073         4.27952426E-24
   43.4783401         5.37828602E-24
   43.5797729         6.38562945E-24
   43.6812096         7.23291260E-24
   43.7826424         7.84844893E-24
   43.8840752         8.16082838E-24
   43.9855118         8.10275166E-24
   44.0869446         7.61528137E-24
   44.1883774         6.65228100E-24
   44.2898140         5.18494449E-24
   44.3912468         3.20607390E-24
   44.4926796         7.33924533E-25
   44.5941162        -2.18467770E-24
   44.6955490        -5.47223068E-24
   44.7969818        -9.01972436E-24
   44.8984184        -1.26873312E-23
   44.9998512        -1.63068073E-23
   45.1012840        -1.96857604E-23
   45.2027206        -2.26138385E-23
   45.3041534        -2.48708011E-23
   45.4055862        -2.62363194E-23
   45.5070229        -2.65013088E-23
   45.6084557        -2.54803382E-23
   45.7098885        -2.30247025E-23
   45.8113251        -1.90355623E-23
   45.9127579        -1.34764264E-23
   46.0141945        -6.38434873E-24
   46.1156273         2.12102945E-24
   46.2170601         1.18312546E-23
   46.3184967         2.24464896E-23
   46.4199295         3.35771229E-23
   46.5213623         4.47502048E-23
   46.6227989         5.54208928E-23
   46.7242317         6.49893086E-23
   46.8256645         7.28223629E-23
   46.9271011         7.82804788E-23
   47.0285339         8.07483765E-23
   47.1299667         7.96688046E-23
   47.2314034         7.45784493E-23
   47.3328362         6.51437486E-23
   47.4342690         5.11954225E-23
   47.5357056         3.27598031E-23
   47.6371384         1.00844389E-23
   47.7385712        -1.63432716E-23
   47.8400078        -4.57868659E-23
   47.9414406        -7.72624570E-23
   48.0428734        -1.09552547E-22
   48.1443100        -1.41233075E-22
   48.2457428        -1.70713955E-22
   48.3471756        -1.96293067E-22
   48.4486122        -2.16222533E-22
   48.5500450        -2.28786172E-22
   48.6514816        -2.32385220E-22
   48.7529144        -2.25629845E-22
   48.8543472        -2.07431922E-22
   48.9557838        -1.77096282E-22
   49.0572166        -1.34404228E-22
   49.1586494        -7.96855348E-23
   49.2600861        -1.38736068E-23
   49.3615189         6.14605255E-23
   49.4629517         1.44100237E-22
   49.5643883         2.31203923E-22
   49.6658211         3.19357552E-22
   49.7672539         4.04660325E-22
   49.8686905         4.82843206E-22
   49.9701233         5.49419078E-22
   50.0715561         5.99861242E-22
   50.1729927         6.29805443E-22
   50.2744255         6.35268904E-22
   50.3758583         6.12878886E-22
   50.4772949         5.60100179E-22
   50.5787277         4.75451340E-22
   50.6801605         3.58702071E-22
   50.7815971         2.11032624E-22
   50.8830299         3.51528031E-23
   50.9844627        -1.64635852E-22
   51.0858994        -3.82441433E-22
   51.1873322        -6.10854657E-22
   51.2887688        -8.41096674E-22
   51.3902016        -1.06324667E-21
   51.4916344        -1.26654549E-21
   51.5930710        -1.43977076E-21
   51.6945038        -1.57167739E-21
   51.7959366        -1.65148851E-21
   51.8973732        -1.66942314E-21
   51.9988060        -1.61723796E-21
   52.1002388        -1.48876738E-21
   52.2016754        -1.28043197E-21
   52.3031082        -9.91691912E-22
   52.4045410        -6.25420639E-22
   52.5059776        -1.88171220E-22
   52.6074104         3.09684981E-22
   52.7088432         8.53969975E-22
   52.8102798         1.42687696E-21
   52.9117126         2.00732359E-21
   53.0131454         2.57148561E-21
   53.1145821         3.09350686E-21
   53.2160149         3.54637855E-21
   53.3174477         3.90295882E-21
   53.4188843         4.13712202E-21
   53.5203171         4.22497321E-21
   53.6217537         4.14612569E-21
   53.7231865         3.88494382E-21
   53.8246193         3.43173568E-21
   53.9260559         2.78382021E-21
   54.0274887         1.94640526E-21
   54.1289215         9.33232902E-22
   54.2303581        -2.33070886E-22
   54.3317909        -1.52099047E-21
   54.4332237        -2.89048511E-21
   54.5346603        -4.29376047E-21
   54.6360931        -5.67645102E-21
   54.7375259        -6.97920879E-21
   54.8389626        -8.13966725E-21
   54.9403954        -9.09474825E-21
   55.0418282        -9.78324443E-21
   55.1432648        -1.01485788E-20
   55.2446976        -1.01416673E-20
   55.3461304        -9.72376417E-21
   55.4475670        -8.86913150E-21
   55.5489998        -7.56746991E-21
   55.6504326        -5.82589929E-21
   55.7518692        -3.67041808E-21
   55.8533020        -1.14669922E-21
   55.9547348         1.67988538E-21
   56.0561714         4.72507417E-21
   56.1576042         7.88741998E-21
   56.2590408         1.10508939E-20
   56.3604736         1.40883754E-20
   56.4619064         1.68659558E-20
   56.5633430         1.92479258E-20
   56.6647758         2.11023290E-20
   56.7662086         2.23068575E-20
   56.8676453         2.27548404E-20
   56.9690781         2.23611622E-20
   57.0705109         2.10676844E-20
   57.1719475         1.88480001E-20
   57.2733803         1.57112133E-20
   57.3748131         1.17044910E-20
   57.4762497         6.91410143E-21
   57.5776825         1.46484871E-21
   57.6791153        -4.48225142E-21
   57.7805519        -1.07340942E-20
   57.8819847        -1.70713632E-20
   57.9834175        -2.32560197E-20
   58.0848541        -2.90401981E-20
   58.1862869        -3.41761464E-20
   58.2877197        -3.84269015E-20
   58.3891563        -4.15771187E-20
   58.4905891        -4.34436776E-20
   58.5920219        -4.38853372E-20
   58.6934586        -4.28111494E-20
   58.7948914        -4.01867961E-20
   58.8963280        -3.60387697E-20
   58.9977608        -3.04555817E-20
   59.0991936        -2.35861941E-20
   59.2006302        -1.56352597E-20
   59.3020630        -6.85531991E-21
   59.4034958         2.46379946E-21
   59.5049324         1.20079822E-20
   59.6063652         2.14536368E-20
   59.7077980         3.04836089E-20
   59.8092346         3.88032493E-20
   59.9106674         4.61557508E-20
   60.0121002         5.23357626E-20
   60.1135368         5.72000757E-20
   60.2149696         6.06748224E-20
   60.3164024         6.27581091E-20
   60.4178391         6.35177000E-20
   60.5192719         6.30834431E-20
   60.6207047         6.16342550E-20
   60.7221413         5.93805885E-20
   60.8235741         5.65424995E-20
   60.9250069         5.33249026E-20
   61.0264435         4.98914277E-20
   61.1278763         4.63385707E-20
   61.2293091         4.26722154E-20
   61.3307457         3.87888157E-20
   61.4321785         3.44630165E-20
   61.5336151         2.93443033E-20
   61.6350479         2.29638150E-20
   61.7364807         1.47529892E-20
   61.8379173         4.07475753E-21
   61.9393501        -9.73319516E-21
   62.0407829        -2.73031867E-20
   62.1422195        -4.91729535E-20
   62.2436523        -7.57137931E-20
   62.3450851        -1.07055253E-19
   62.4465218        -1.43010959E-19
   62.5479546        -1.83010298E-19
   62.6493874        -2.26042379E-19
   62.7508240        -2.70616790E-19
   62.8522568        -3.14748117E-19
   62.9536896        -3.55968440E-19
   63.0551262        -3.91372726E-19
   63.1565590        -4.17700231E-19
   63.2579918        -4.31452470E-19
   63.3594284        -4.29048787E-19
   63.4608612        -4.07015332E-19
   63.5622940        -3.62203107E-19
   63.6637306        -2.92027611E-19
   63.7651634        -1.94718691E-19
   63.8665962        -6.95710982E-20
   63.9680328         8.28221115E-20
   64.0694656         2.60364921E-19
   64.1708984         4.59302168E-19
   64.2723312         6.74124385E-19
   64.3737717         8.97552176E-19
   64.4752045         1.12060867E-18
   64.5766373         1.33279642E-18
   64.6780701         1.52237773E-18
   64.7795029         1.67676479E-18
   64.8809357         1.78301366E-18
   64.9823761         1.82841099E-18
   65.0838089         1.80113967E-18
   65.1852417         1.69099375E-18
   65.2866745         1.49012348E-18
   65.3881073         1.19376679E-18
   65.4895477         8.00934327E-19
   65.5909805         3.15004077E-19
   65.6924133        -2.55815065E-19
   65.7938461        -8.98192207E-19
   65.8952789        -1.59359519E-18
   65.9967117        -2.31845243E-18
   66.0981522        -3.04458073E-18
   66.1995850        -3.73989696E-18
   66.3010178        -4.36940374E-18
   66.4024506        -4.89645221E-18
   66.5038834        -5.28423613E-18
   66.6053162        -5.49749198E-18
   66.7067566        -5.50433814E-18
   66.8081894        -5.27817662E-18
   66.9096222        -4.79958440E-18
   67.0110550        -4.05809639E-18
   67.1124878        -3.05377608E-18
   67.2139206        -1.79848566E-18
   67.3153610        -3.16743561E-19
   67.4167938         1.35390079E-18
   67.5182266         3.16306732E-18
   67.6196594         5.04836145E-18
   67.7210922         6.93684994E-18
   67.8225327         8.74718021E-18
   67.9239655         1.03923523E-17
   68.0253983         1.17830249E-17
   68.1268311         1.28313258E-17
   68.2282639         1.34549827E-17
   68.3296967         1.35816571E-17
   68.4311371         1.31532653E-17
   68.5325699         1.21301115E-17
   68.6340027         1.04945959E-17
   68.7354355         8.25430050E-18
   68.8368683         5.44422320E-18
   68.9383011         2.12799078E-18
   69.0397415        -1.60212498E-18
   69.1411743        -5.62649948E-18
   69.2426071        -9.80082964E-18
   69.3440399        -1.39602031E-17
   69.4454727        -1.79244910E-17
   69.5469055        -2.15050035E-17
   69.6483459        -2.45121045E-17
   69.7497787        -2.67636603E-17
   69.8512115        -2.80938991E-17
   69.9526443        -2.83623887E-17
   70.0540771        -2.74626577E-17
   70.1555099        -2.53300786E-17
   70.2569504        -2.19485890E-17
   70.3583832        -1.73557630E-17
   70.4598160        -1.16459280E-17
   70.5612488        -4.97097498E-18
   70.6626816         2.46139275E-18
   70.7641220         1.03921000E-17
   70.8655548         1.85178790E-17
   70.9669876         2.65010735E-17
   71.0684204         3.39818534E-17
   71.1698532         4.05925518E-17
   71.2712860         4.59734775E-17
   71.3727264         4.97898341E-17
   71.4741592         5.17488592E-17
   71.5755920         5.16165401E-17
   71.6770248         4.92330324E-17
   71.7784576         4.45260306E-17
   71.8798904         3.75212501E-17
   71.9813309         2.83492961E-17
   72.0827637         1.72483850E-17
   72.1841965         4.56237423E-18
   72.2856293        -9.26618476E-18
   72.3870621        -2.37079939E-17
   72.4884949        -3.81639032E-17
   72.5899353        -5.19863163E-17
   72.6913681        -6.45045500E-17
   72.7928009        -7.50532270E-17
   72.8942337        -8.30026908E-17
   72.9956665        -8.77904320E-17
   73.0971069        -8.89516546E-17
   73.1985397        -8.61481807E-17
   73.2999725        -7.91936895E-17
   73.4014053        -6.80743439E-17
   73.5028381        -5.29630809E-17
   73.6042709        -3.42267651E-17
   73.7057114        -1.24252231E-17
   73.8071442         1.16985408E-17
   73.9085770         3.72369977E-17
   74.0100098         6.31455452E-17
   74.1114426         8.82782701E-17
   74.2128754         1.11430903E-16
   74.3143158         1.31389726E-16
   74.4157486         1.46984595E-16
   74.5171814         1.57144358E-16
   74.6186142         1.60951930E-16
   74.7200470         1.57696849E-16
   74.8214798         1.46922920E-16
   74.9229202         1.28468389E-16
   75.0243530         1.02496201E-16
   75.1257858         6.95125661E-17
   75.2272186         3.03720240E-17
   75.3286514        -1.37319815E-17
   75.4300842        -6.12920452E-17
   75.5315247        -1.10526907E-16
   75.6329575        -1.59436231E-16
   75.7343903        -2.05868803E-16
   75.8358231        -2.47602051E-16
   75.9372559        -2.82430748E-16
   76.0386963        -3.08260833E-16
   76.1401291        -3.23206094E-16
   76.2415619        -3.25682924E-16
   76.3429947        -3.14499469E-16
   76.4444275        -2.88934135E-16
   76.5458603        -2.48801926E-16
   76.6473007        -1.94502018E-16
   76.7487335        -1.27045863E-16
   76.8501663        -4.80614601E-17
   76.9515991         4.02259487E-17
   77.0530319         1.35039472E-16
   77.1544647         2.33120831E-16
   77.2559052         3.30824996E-16
   77.3573380         4.24236187E-16
   77.4587708         5.09303282E-16
   77.5602036         5.81988503E-16
   77.6616364         6.38426679E-16
   77.7630692         6.75087165E-16
   77.8645096         6.88934671E-16
   77.9659424         6.77580989E-16
   78.0673752         6.39421731E-16
   78.1688080         5.73751902E-16
   78.2702408         4.80854993E-16
   78.3716812         3.62060713E-16
   78.4731140         2.19765795E-16
   78.5745468         5.74175643E-17
   78.6759796        -1.20544078E-16
   78.7774124        -3.08783690E-16
   78.8788452        -5.01208188E-16
   78.9802856        -6.91139763E-16
   79.0817184        -8.71521146E-16
   79.1831512        -1.03514848E-15
   79.2845840        -1.17492194E-15
   79.3860168        -1.28410936E-15
   79.4874496        -1.35661104E-15
   79.5888901        -1.38721974E-15
   79.6903229        -1.37186398E-15
   79.7917557        -1.30782226E-15
   79.8931885        -1.19390639E-15
   79.9946213        -1.03059981E-15
   80.0960541        -8.20144680E-16
   80.1974945        -5.66572397E-16
   80.2989273        -2.75673093E-16
   80.4003601         4.50980028E-17
   80.5017929         3.86778193E-16
   80.6032257         7.39116662E-16
   80.7046585         1.09085170E-15
   80.8060989         1.43004001E-15
   80.9075317         1.74442687E-15
   81.0089645         2.02185303E-15
   81.1103973         2.25067623E-15
   81.2118301         2.42020670E-15
   81.3132706         2.52112940E-15
   81.4147034         2.54590554E-15
   81.5161362         2.48913845E-15
   81.6175690         2.34788258E-15
   81.7190018         2.12188847E-15
   81.8204346         1.81376817E-15
   81.9218750         1.42906899E-15
   82.0233078         9.76251847E-16
   82.1247406         4.66564488E-16
   82.2261734        -8.61890236E-17
   82.3276062        -6.65983466E-16
   82.4290390        -1.25500478E-15
   82.5304794        -1.83417001E-15
   82.6319122        -2.38372393E-15
   82.7333450        -2.88389519E-15
   82.8347778        -3.31559231E-15
   82.9362106        -3.66111272E-15
   83.0376434        -3.90484264E-15
   83.1390839        -4.03393258E-15
   83.2405167        -4.03889534E-15
   83.3419495        -3.91412951E-15
   83.4433823        -3.65832175E-15
   83.5448151        -3.27471916E-15
   83.6462555        -2.77124235E-15
   83.7476883        -2.16043821E-15
   83.8491211        -1.45924168E-15
   83.9505539        -6.88574735E-16
   84.0519867         1.27242163E-16
   84.1534195         9.61242423E-16
   84.2548599         1.78470011E-15
   84.3562927         2.56815392E-15
   84.4577255         3.28249704E-15
   84.5591583         3.90013356E-15
   84.6605911         4.39613276E-15
   84.7620239         4.74933661E-15
   84.8634644         4.94339143E-15
   84.9648972         4.96763055E-15
   85.0663300         4.81777348E-15
   85.1677628         4.49641214E-15
   85.2691956         4.01322389E-15
   85.3706284         3.38490565E-15
   85.4720688         2.63480356E-15
   85.5735016         1.79223722E-15
   85.6749344         8.91517847E-16
   85.7763672        -2.92992700E-17
   85.8778000        -9.29911627E-16
   85.9792404        -1.76945278E-15
   86.0806732        -2.50831888E-15
   86.1821060        -3.11003330E-15
   86.2835388        -3.54312082E-15
   86.3849716        -3.78283601E-15
   86.4864044        -3.81275872E-15
   86.5878448        -3.62605826E-15
   86.6892776        -3.22642812E-15
   86.7907104        -2.62859502E-15
   86.8921432        -1.85836233E-15
   86.9935760        -9.52107490E-16
   87.0950089         4.42237854E-17
   87.1964493         1.07667237E-15
   87.2978821         2.08530512E-15
   87.3993149         3.00669634E-15
   87.5007477         3.77678312E-15
   87.6021805         4.33396139E-15
   87.7036133         4.62232740E-15
   87.8050537         4.59492800E-15
   87.9064865         4.21682181E-15
   88.0079193         3.46787295E-15
   88.1093521         2.34505794E-15
   88.2107849         8.64163871E-16
   88.3122177        -9.39232801E-16
   88.4136581        -3.00965693E-15
   88.5150909        -5.27249507E-15
   88.6165237        -7.63576654E-15
   88.7179565        -9.99280428E-15
   88.8193893        -1.22258787E-14
   88.9208298        -1.42106209E-14
   89.0222626        -1.58211321E-14
   89.1236954        -1.69356310E-14
   89.2251282        -1.74423261E-14
   89.3265610        -1.72454502E-14
   89.4279938        -1.62709930E-14
   89.5294342        -1.44719560E-14
   89.6308670        -1.18329122E-14
   89.7322998        -8.37345855E-15
   89.8337326        -4.15043307E-15
   89.9351654         7.41280407E-16
   90.0365982         6.16962112E-15
   90.1380386         1.19678547E-14
   90.2394714         1.79388297E-14
   90.3409042         2.38608368E-14
   90.4423370         2.94950459E-14
   90.5437698         3.45941402E-14
   90.6452026         3.89120939E-14
   90.7466431         4.22144653E-14
   90.8480759         4.42890692E-14
   90.9495087         4.49564363E-14
   91.0509415         4.40794828E-14
   91.1523743         4.15722314E-14
   91.2538147         3.74068588E-14
   91.3552475         3.16187065E-14
   91.4566803         2.43090511E-14
   91.5581131         1.56451509E-14
   91.6595459         5.85759113E-15
   91.7609787        -4.76527565E-15
   91.8624191        -1.58856184E-14
   91.9638519        -2.71269908E-14
   92.0652847        -3.80876327E-14
   92.1667175        -4.83552746E-14
   92.2681503        -5.75235253E-14
   92.3695831        -6.52087434E-14
   92.4710236        -7.10668164E-14
   92.5724564        -7.48092655E-14
   92.6738892        -7.62175764E-14
   92.7753220        -7.51554648E-14
   92.8767548        -7.15780313E-14
   92.9781876        -6.55373921E-14
   93.0796280        -5.71844750E-14
   93.1810608        -4.67666541E-14
   93.2824936        -3.46205303E-14
   93.3839264        -2.11611310E-14
   93.4853592        -6.86676524E-15
   93.5867920         7.73949420E-15
   93.6882324         2.21110785E-14
   93.7896652         3.57012664E-14
   93.8910980         4.79873133E-14
   93.9925308         5.84945639E-14
   94.0939636         6.68192986E-14
   94.1954041         7.26492298E-14
   94.2968369         7.57803922E-14
   94.3982697         7.61297899E-14
   94.4997025         7.37422886E-14
   94.6011353         6.87924720E-14
   94.7025681         6.15790039E-14
   94.8040085         5.25141149E-14
   94.9054413         4.21052014E-14
   95.0068741         3.09329080E-14
   95.1083069         1.96224364E-14
   95.2097397         8.81245540E-15
   95.3111725        -8.78430235E-16
   95.4126129        -8.88614811E-15
   95.5140457        -1.47345125E-14
   95.6154785        -1.80659202E-14
   95.7169113        -1.86672509E-14
   95.8183441        -1.64899815E-14
   95.9197769        -1.16626806E-14
   96.0212173        -4.49475281E-15
   96.1226501         4.52928041E-15
   96.2240829         1.47652022E-14
   96.3255157         2.54343614E-14
   96.4269485         3.56580102E-14
   96.5283890         4.44998042E-14
   96.6298218         5.10145379E-14
   96.7312546         5.43013442E-14
   96.8326874         5.35593197E-14
   96.9341202         4.81417816E-14
   97.0355530         3.76075209E-14
   97.1369934         2.17660837E-14
   97.2384262         7.12638306E-16
   97.3398590        -2.51474307E-14
   97.4412918        -5.50891391E-14
   97.5427246        -8.80727376E-14
   97.6441574        -1.22766638E-13
   97.7455978        -1.57586170E-13
   97.8470306        -1.90749258E-13
   97.9484634        -2.20347124E-13
   98.0498962        -2.44428067E-13
   98.1513290        -2.61091008E-13
   98.2527618        -2.68585203E-13
   98.3542023        -2.65412502E-13
   98.4556351        -2.50425847E-13
   98.5570679        -2.22921196E-13
   98.6585007        -1.82714724E-13
   98.7599335        -1.30204780E-13
   98.8613739        -6.64096531E-14
   98.9628067         7.01986221E-15
   99.0642395         8.78166423E-14
   99.1656723         1.73142547E-13
   99.2671051         2.59667694E-13
   99.3685379         3.43675229E-13
   99.4699783         4.21198585E-13
   99.5714111         4.88178291E-13
   99.6728439         5.40638064E-13
   99.7742767         5.74875434E-13
   99.8757095         5.87652485E-13
   99.9771423         5.76385944E-13
   100.078583         5.39321138E-13
   100.180016         4.75688011E-13
   100.281448         3.85821583E-13
   100.382881         2.71248274E-13
   100.484314         1.34723680E-13
   100.585747        -1.97795813E-14
   100.687187        -1.87137971E-13
   100.788620        -3.61200653E-13
   100.890053        -5.34966494E-13
   100.991486        -7.00813539E-13
   101.092918        -8.50773770E-13
   101.194351        -9.76846750E-13
   101.295792        -1.07133670E-12
   101.397224        -1.12720618E-12
   101.498657        -1.13843201E-12
   101.600090        -1.10033998E-12
   101.701523        -1.00991763E-12
   101.802963        -8.66073055E-13
   101.904396        -6.69839726E-13
   102.005829        -4.24505645E-13
   102.107262        -1.35660743E-13
   102.208694         1.88847622E-13
   102.310127         5.39056321E-13
   102.411568         9.03122195E-13
   102.513000         1.26765157E-12
   102.614433         1.61811710E-12
   102.715866         1.93934755E-12
   102.817299         2.21607715E-12
   102.918732         2.43353623E-12
   103.020172         2.57806190E-12
   103.121605         2.63770407E-12
   103.223038         2.60280274E-12
   103.324471         2.46651289E-12
   103.425903         2.22525102E-12
   103.527336         1.87904683E-12
   103.628777         1.43176757E-12
   103.730209         8.91218631E-13
   103.831642         2.69091092E-13
   103.933075        -4.19234742E-13
   104.034508        -1.15503722E-12
   104.135948        -1.91674758E-12
   104.237381        -2.68056432E-12
   104.338814        -3.42119714E-12
   104.440247        -4.11267591E-12
   104.541679        -4.72923306E-12
   104.643112        -5.24622186E-12
   104.744553        -5.64100242E-12
   104.845985        -5.89381148E-12
   104.947418        -5.98853822E-12
   105.048851        -5.91339824E-12
   105.150284        -5.66146912E-12
   105.251717        -5.23105647E-12
   105.353157        -4.62588605E-12
   105.454590        -3.85509897E-12
   105.556023        -2.93304855E-12
   105.657455        -1.87891434E-12
   105.758888        -7.16121498E-13
   105.860321         5.28375141E-13
   105.961761         1.82495989E-12
   106.063194         3.14229458E-12
   106.164627         4.44833016E-12
   106.266060         5.71132681E-12
   106.367493         6.90083147E-12
   106.468925         7.98859937E-12
   106.570366         8.94937510E-12
   106.671799         9.76153967E-12
   106.773232         1.04075767E-11
   106.874664         1.08743448E-11
   106.976097         1.11531062E-11
   107.077538         1.12393983E-11
   107.178970         1.11326504E-11
   107.280403         1.08356666E-11
   107.381836         1.03539460E-11
   107.483269         9.69489419E-12
   107.584702         8.86699568E-12
   107.686142         7.87897785E-12
   107.787575         6.73904639E-12
   107.889008         5.45421520E-12
   107.990440         4.02983853E-12
   108.091873         2.46934309E-12
   108.193306         7.74226115E-13
   108.294746        -1.05566489E-12
   108.396179        -3.02153203E-12
   108.497612        -5.12475262E-12
   108.599045        -7.36570267E-12
   108.700478        -9.74239266E-12
   108.801910        -1.22488183E-11
   108.903351        -1.48733404E-11
   109.004784        -1.75968910E-11
   109.106216        -2.03913657E-11
   109.207649        -2.32181305E-11
   109.309082        -2.60268283E-11
   109.410522        -2.87545820E-11
   109.511955        -3.13256886E-11
   109.613388        -3.36518764E-11
   109.714821        -3.56332429E-11
   109.816254        -3.71598932E-11
   109.917686        -3.81142652E-11
   110.019127        -3.83742343E-11
   110.120560        -3.78168677E-11
   110.221992        -3.63228059E-11
   110.323425        -3.37812001E-11
   110.424858        -3.00949612E-11
   110.526291        -2.51862923E-11
   110.627731        -1.90022269E-11
   110.729164        -1.15200132E-11
   110.830597        -2.75213901E-12
   110.932030         7.24931009E-12
   111.033463         1.83890958E-11
   111.134895         3.05262621E-11
   111.236336         4.34729162E-11
   111.337769         5.69942565E-11
   111.439201         7.08102396E-11
   111.540634         8.45987516E-11
   111.642067         9.80005591E-11
   111.743507         1.10625654E-10
   111.844940         1.22061361E-10
   111.946373         1.31881700E-10
   112.047806         1.39658049E-10
   112.149239         1.44970799E-10
   112.250671         1.47421728E-10
   112.352112         1.46646709E-10
   112.453545         1.42328579E-10
   112.554977         1.34209574E-10
   112.656410         1.22103216E-10
   112.757843         1.05904986E-10
   112.859276         8.56016438E-11
   112.960716         6.12788431E-11
   113.062149         3.31265779E-11
   113.163582         1.44246973E-12
   113.265015        -3.33675414E-11
   113.366447        -7.07909634E-11
   113.467880        -1.10213498E-10
   113.569321        -1.50925980E-10
   113.670753        -1.92134378E-10
   113.772186        -2.32971975E-10
   113.873619        -2.72513734E-10
   113.975052        -3.09792969E-10
   114.076485        -3.43819362E-10
   114.177925        -3.73598597E-10
   114.279358        -3.98152344E-10
   114.380791        -4.16539886E-10
   114.482224        -4.27878594E-10
   114.583656        -4.31365277E-10
   114.685097        -4.26296359E-10
   114.786530        -4.12086865E-10
   114.887962        -3.88288512E-10
   114.989395        -3.54606289E-10
   115.090828        -3.10912268E-10
   115.192261        -2.57258187E-10
   115.293701        -1.93885380E-10
   115.395134        -1.21231761E-10
   115.496567        -3.99370259E-11
   115.598000         4.91558495E-11
   115.699432         1.45001247E-10
   115.800865         2.46355020E-10
   115.902306         3.51781465E-10
   116.003738         4.59663141E-10
   116.105171         5.68214531E-10
   116.206604         6.75497769E-10
   116.308037         7.79443399E-10
   116.409470         8.77872885E-10
   116.510910         9.68525593E-10
   116.612343         1.04908782E-09
   116.713776         1.11722787E-09
   116.815208         1.17063104E-09
   116.916641         1.20704102E-09
   117.018082         1.22430210E-09
   117.119514         1.22040411E-09
   117.220947         1.19353161E-09
   117.322380         1.14211185E-09
   117.423813         1.06486708E-09
   117.525246         9.60863056E-10
   117.626686         8.29561031E-10
   117.728119         6.70864253E-10
   117.829552         4.85164242E-10
   117.930984         2.73380679E-10
   118.032417         3.69970166E-11
   118.133850        -2.21911822E-10
   118.235291        -5.00660069E-10
   118.336723        -7.95941923E-10
   118.438156        -1.10383358E-09
   118.539589        -1.41980838E-09
   118.641022        -1.73876391E-09
   118.742455        -2.05506545E-09
   118.843895        -2.36260478E-09
   118.945328        -2.65487232E-09
   119.046761        -2.92504465E-09
   119.148193        -3.16609028E-09
   119.249626        -3.37088490E-09
   119.351059        -3.53234109E-09
   119.452499        -3.64355079E-09
   119.553932        -3.69793351E-09
   119.655365        -3.68939435E-09
   119.756798        -3.61248076E-09
   119.858231        -3.46254647E-09
   119.959671        -3.23590688E-09
   120.061104        -2.92999047E-09
   120.162537        -2.54348076E-09
   120.263969        -2.07644346E-09
   120.365402        -1.53043755E-09
   120.466835        -9.08604136E-10
   120.568275        -2.15732515E-10
   120.669708         5.41699352E-10
   120.771141         1.35551614E-09
   120.872574         2.21586527E-09
   120.974007         3.11127080E-09
   121.075439         4.02872002E-09
   121.176880         4.95378494E-09
   121.278313         5.87077853E-09
   121.379745         6.76293332E-09
   121.481178         7.61263230E-09
   121.582611         8.40164649E-09
   121.684044         9.11140585E-09
   121.785484         9.72329506E-09
   121.886917         1.02189759E-08
   121.988350         1.05806972E-08
   122.089783         1.07916449E-08
   122.191216         1.08362794E-08
   122.292656         1.07006750E-08
   122.394089         1.03728555E-08
   122.495522         9.84312276E-09
   122.596954         9.10435904E-09
   122.698387         8.15231083E-09
   122.799820         6.98585367E-09
   122.901260         5.60721469E-09
   123.002693         4.02215994E-09
   123.104126         2.24015273E-09
   123.205559         2.74443884E-10
   123.306992        -1.85786408E-09
   123.408424        -4.13582013E-09
   123.509865        -6.53468035E-09
   123.611298        -9.02601727E-09
   123.712730        -1.15778924E-08
   123.814163        -1.41550878E-08
   123.915596        -1.67194170E-08
   124.017029        -1.92300540E-08
   124.118469        -2.16439844E-08
   124.219902        -2.39164653E-08
   124.321335        -2.60015565E-08
   124.422768        -2.78527441E-08
   124.524200        -2.94235285E-08
   124.625633        -3.06681649E-08
   124.727074        -3.15423598E-08
   124.828506        -3.20040385E-08
   124.929939        -3.20141176E-08
   125.031372        -3.15373008E-08
   125.132805        -3.05428927E-08
   125.234245        -2.90055535E-08
   125.335678        -2.69061093E-08
   125.437111        -2.42322429E-08
   125.538544        -2.09792308E-08
   125.639977        -1.71505175E-08
   125.741409        -1.27583091E-08
   125.842850        -7.82401610E-09
   125.944283        -2.37861020E-09
   126.045715         3.53711993E-09
   126.147148         9.87246818E-09
   126.248581         1.65668244E-08
   126.350014         2.35498678E-08
   126.451454         3.07418766E-08
   126.552887         3.80542424E-08
   126.654320         4.53901343E-08
   126.755753         5.26453015E-08
   126.857185         5.97091088E-08
   126.958618         6.64656525E-08
   127.060059         7.27951033E-08
   127.161491         7.85750984E-08
   127.262924         8.36824228E-08
   127.364357         8.79945716E-08
   127.465790         9.13916551E-08
   127.567230         9.37581390E-08
   127.668663         9.49849266E-08
   127.770096         9.49710568E-08
   127.871529         9.36258573E-08
   127.972961         9.08706710E-08
   128.074402         8.66408101E-08
   128.175827         8.08872826E-08
   128.277267         7.35783772E-08
   128.378693         6.47012612E-08
   128.480133         5.42632108E-08
   128.581573         4.22928466E-08
   128.682999         2.88409954E-08
   128.784439         1.39814516E-08
   128.885864        -2.18858376E-09
   128.987305        -1.95483167E-08
   129.088745        -3.79533986E-08
   129.190170        -5.72363028E-08
   129.291611        -7.72068844E-08
   129.393036        -9.76533343E-08
   129.494476        -1.18343252E-07
   129.595901        -1.39025147E-07
   129.697342        -1.59430044E-07
   129.798782        -1.79273371E-07
   129.900208        -1.98257069E-07
   130.001648        -2.16071854E-07
   130.103073        -2.32399756E-07
   130.204514        -2.46916642E-07
   130.305954        -2.59294893E-07
   130.407379        -2.69206311E-07
   130.508820        -2.76324812E-07
   130.610245        -2.80329431E-07
   130.711685        -2.80907102E-07
   130.813126        -2.77755362E-07
   130.914551        -2.70585332E-07
   131.015991        -2.59124135E-07
   131.117416        -2.43117512E-07
   131.218857        -2.22332233E-07
   131.320282        -1.96557920E-07
   131.421722        -1.65609492E-07
   131.523163        -1.29328598E-07
   131.624588        -8.75850148E-08
   131.726028        -4.02779854E-08
   131.827454         1.26628663E-08
   131.928894         7.12770074E-08
   132.030334         1.35572662E-07
   132.131760         2.05526788E-07
   132.233200         2.81085477E-07
   132.334625         3.62164286E-07
   132.436066         4.48649729E-07
   132.537506         5.40399867E-07
   132.638931         6.37246274E-07
   132.740372         7.38995652E-07
   132.841797         8.45431884E-07
   132.943237         9.56318331E-07
   133.044662         1.07140011E-06
   133.146103         1.19040772E-06
   133.247543         1.31305728E-06
   133.348969         1.43905720E-06
   133.450409         1.56810768E-06
   133.551834         1.69990597E-06
   133.653275         1.83414784E-06
   133.754715         1.97053168E-06
   133.856140         2.10876146E-06
   133.957581         2.24854807E-06
   134.059006         2.38961456E-06
   134.160446         2.53169605E-06
   134.261871         2.67454288E-06
   134.363312         2.81792450E-06
   134.464752         2.96162875E-06
   134.566177         3.10546397E-06
   134.667618         3.24926259E-06
   134.769043         3.39287817E-06
   134.870483         3.53618930E-06
   134.971924         3.67910002E-06
   135.073349         3.82153621E-06
   135.174789         3.96345013E-06
   135.276215         4.10481744E-06
   135.377655         4.24563723E-06
   135.479095         4.38592724E-06
   135.580521         4.52572976E-06
   135.681961         4.66510164E-06
   135.783386         4.80412245E-06
   135.884827         4.94287997E-06
   135.986252         5.08147969E-06
   136.087692         5.22003393E-06
   136.189133         5.35866684E-06
   136.290558         5.49750166E-06
   136.391998         5.63666754E-06
   136.493423         5.77629362E-06
   136.594864         5.91650360E-06
   136.696304         6.05741070E-06
   136.797729         6.19912453E-06
   136.899170         6.34173739E-06
   137.000595         6.48532659E-06
   137.102036         6.62994853E-06
   137.203461         6.77563867E-06
   137.304901         6.92240656E-06
   137.406342         7.07022946E-06
   137.507767         7.21905735E-06
   137.609207         7.36880475E-06
   137.710632         7.51934613E-06
   137.812073         7.67051733E-06
   137.913513         7.82211373E-06
   138.014938         7.97388384E-06
   138.116379         8.12553662E-06
   138.217804         8.27673102E-06
   138.319244         8.42707323E-06
   138.420685         8.57613031E-06
   138.522110         8.72341298E-06
   138.623550         8.86839098E-06
   138.724976         9.01048134E-06
   138.826416         9.14905741E-06
   138.927841         9.28344707E-06
   139.029282         9.41294002E-06
   139.130722         9.53678500E-06
   139.232147         9.65420350E-06
   139.333588         9.76437877E-06
   139.435013         9.86647228E-06
   139.536453         9.95963364E-06
   139.637894         1.00429897E-05
   139.739319         1.01156675E-05
   139.840759         1.01767910E-05
   139.942184         1.02254917E-05
   140.043625         1.02609183E-05
   140.145065         1.02822469E-05
   140.246490         1.02886725E-05
   140.347931         1.02794502E-05
   140.449356         1.02538725E-05
   140.550797         1.02112836E-05
   140.652222         1.01511014E-05
   140.753662         1.00728139E-05
   140.855103         9.97598909E-06
   140.956528         9.86028590E-06
   141.057968         9.72544876E-06
   141.159393         9.57133398E-06
   141.260834         9.39789425E-06
   141.362274         9.20520324E-06
   141.463699         8.99344013E-06
   141.565140         8.76290869E-06
   141.666565         8.51403456E-06
   141.768005         8.24736071E-06
   141.869431         7.96355926E-06
   141.970871         7.66342328E-06
   142.072311         7.34786545E-06
   142.173737         7.01791805E-06
   142.275177         6.67473023E-06
   142.376602         6.31956482E-06
   142.478043         5.95378560E-06
   142.579483         5.57886096E-06
   142.680908         5.19634705E-06
   142.782349         4.80788685E-06
   142.883774         4.41519296E-06
   142.985214         4.02004571E-06
   143.086655         3.62427386E-06
   143.188080         3.22974915E-06
   143.289520         2.83836812E-06
   143.390945         2.45204592E-06
   143.492386         2.07269113E-06
   143.593811         1.70220483E-06
   143.695251         1.34245204E-06
   143.796692         9.95256073E-07
   143.898117         6.62383741E-07
   143.999557         3.45521840E-07
   144.100983         4.62722802E-08
   144.202423        -2.33871347E-07
   144.303864        -4.93532752E-07
   144.405289        -7.31466514E-07
   144.506729        -9.46570992E-07
   144.608154        -1.13790384E-06
   144.709595        -1.30468936E-06
   144.811020        -1.44632793E-06
   144.912460        -1.56240299E-06
   145.013901        -1.65268943E-06
   145.115326        -1.71715703E-06
   145.216766        -1.75597393E-06
   145.318192        -1.76950778E-06
   145.419632        -1.75832406E-06
   145.521072        -1.72318312E-06
   145.622498        -1.66503582E-06
   145.723938        -1.58501712E-06
   145.825363        -1.48443598E-06
   145.926804        -1.36476501E-06
   146.028244        -1.22762697E-06
   146.129669        -1.07478456E-06
   146.231110        -9.08116476E-07
   146.332535        -7.29608018E-07
   146.433975        -5.41327836E-07
   146.535400        -3.45407898E-07
   146.636841        -1.44025094E-07
   146.738281         6.06225115E-08
   146.839706         2.66335803E-07
   146.941147         4.70938346E-07
   147.042572         6.72295187E-07
   147.144012         8.68337452E-07
   147.245453         1.05708318E-06
   147.346878         1.23665222E-06
   147.448318         1.40529312E-06
   147.549744         1.56139481E-06
   147.651184         1.70350438E-06
   147.752609         1.83034274E-06
   147.854050         1.94081599E-06
   147.955490         2.03402737E-06
   148.056915         2.10928147E-06
   148.158356         2.16609533E-06
   148.259781         2.20419747E-06
   148.361221         2.22353174E-06
   148.462662         2.22425274E-06
   148.564087         2.20672700E-06
   148.665527         2.17152206E-06
   148.766953         2.11940392E-06
   148.868393         2.05132073E-06
   148.969833         1.96839369E-06
   149.071259         1.87190358E-06
   149.172699         1.76327410E-06
   149.274124         1.64405196E-06
   149.375565         1.51588995E-06
   149.476990         1.38052769E-06
   149.578430         1.23976963E-06
   149.679871         1.09546227E-06
   149.781296         9.49475123E-07
   149.882736         8.03676528E-07
   149.984161         6.59913383E-07
   150.085602         5.19989896E-07
   150.187042         3.85644398E-07
   150.288467         2.58534186E-07
   150.389908         1.40211824E-07
   150.491333         3.21070601E-08
   150.592773        -6.44869331E-08
   150.694214        -1.48430416E-07
   150.795639        -2.18750756E-07
   150.897079        -2.74652280E-07
   150.998505        -3.15527615E-07
   151.099945        -3.40962202E-07
   151.201370        -3.50741686E-07
   151.302811        -3.44853646E-07
   151.404251        -3.23487683E-07
   151.505676        -2.87035277E-07
   151.607117        -2.36085825E-07
   151.708542        -1.71421135E-07
   151.809982        -9.40067295E-08
   151.911423        -4.98305974E-09
   152.012848         9.43469587E-08
   152.114288         2.02531695E-07
   152.215714         3.17986860E-07
   152.317154         4.39012609E-07
   152.418579         5.63810886E-07
   152.520020         6.90506340E-07
   152.621460         8.17163993E-07
   152.722885         9.41815472E-07
   152.824326         1.06247364E-06
   152.925751         1.17715774E-06
   153.027191         1.28391537E-06
   153.128632         1.38084022E-06
   153.230057         1.46609784E-06
   153.331497         1.53794019E-06
   153.432922         1.59473120E-06
   153.534363         1.63495883E-06
   153.635803         1.65725714E-06
   153.737228         1.66041673E-06
   153.838669         1.64340236E-06
   153.940094         1.60535990E-06
   154.041534         1.54562758E-06
   154.142960         1.46374327E-06
   154.244400         1.35944856E-06
   154.345840         1.23269194E-06
   154.447266         1.08362894E-06
   154.548706         9.12621715E-07
   154.650131         7.20234198E-07
   154.751572         5.07227185E-07
   154.853012         2.74551354E-07
   154.954437         2.33349784E-08
   155.055878        -2.45125648E-07
   155.157303        -5.29381850E-07
   155.258743        -8.27845611E-07
   155.360168        -1.13880606E-06
   155.461609        -1.46044772E-06
   155.563049        -1.79086578E-06
   155.664474        -2.12808732E-06
   155.765915        -2.47008688E-06
   155.867340        -2.81480629E-06
   155.968781        -3.16017372E-06
   156.070221        -3.50412142E-06
   156.171646        -3.84460373E-06
   156.273087        -4.17961473E-06
   156.374512        -4.50720518E-06
   156.475952        -4.82549649E-06
   156.577393        -5.13269742E-06
   156.678818        -5.42711268E-06
   156.780258        -5.70716065E-06
   156.881683        -5.97137750E-06
   156.983124        -6.21842810E-06
   157.084549        -6.44711645E-06
   157.185989        -6.65638345E-06
   157.287430        -6.84532142E-06
   157.388855        -7.01316912E-06
   157.490295        -7.15932038E-06
   157.591721        -7.28331906E-06
   157.693161        -7.38486187E-06
