  -4.50000000         0.00000000    
  -4.37320757         0.00000000    
  -4.24641466         0.00000000    
  -4.11962223         0.00000000    
  -3.99282932         0.00000000    
  -3.86603665         0.00000000    
  -3.73924398         1.56340866E-32
  -3.61245155         1.73051271E-31
  -3.48565888         3.44715717E-31
  -3.35886621        -5.34902169E-31
  -3.23207355        -8.07420851E-30
  -3.10528088        -4.85249304E-29
  -2.97848821        -1.89096986E-28
  -2.85169554        -4.46619639E-28
  -2.72490287        -5.99604873E-28
  -2.59811020         1.94891447E-28
  -2.47131753         3.60697404E-27
  -2.34452486         1.14059203E-26
  -2.21773219         2.27762047E-26
  -2.09093952         2.94535178E-26
  -1.96414697         1.11304121E-26
  -1.83735430        -6.19379070E-26
  -1.71056163        -2.08078950E-25
  -1.58376896        -3.85315683E-25
  -1.45697629        -4.17971245E-25
  -1.33018374         6.81085003E-26
  -1.20339108         1.62755336E-24
  -1.07659841         4.78836952E-24
 -0.949805737         9.56278410E-24
 -0.823013067         1.46842008E-23
 -0.696220458         1.67903569E-23
 -0.569427788         1.00652443E-23
 -0.442635119        -1.28870148E-23
 -0.315842479        -5.81311159E-23
 -0.189049825        -1.25078087E-22
  -6.22571707E-02    -1.99439827E-22
   6.45354837E-02    -2.46799665E-22
  0.191328138        -2.10978577E-22
  0.318120778        -2.25893539E-23
  0.444913447         3.77373437E-22
  0.571706116         9.97468040E-22
  0.698498726         1.74463640E-21
  0.825291395         2.37678555E-21
  0.952084064         2.48368128E-21
   1.07887673         1.52636098E-21
   1.20566940        -1.03835229E-21
   1.33246195        -5.53909219E-21
   1.45925462        -1.18003631E-20
   1.58604729        -1.88490018E-20
   1.71283996        -2.47266855E-20
   1.83963263        -2.65439609E-20
   1.96642530        -2.08995373E-20
   2.09321785        -4.72413672E-21
   2.22001052         2.35116024E-20
   2.34680319         6.24450083E-20
   2.47359586         1.06704948E-19
   2.60038853         1.46516473E-19
   2.72718120         1.68502352E-19
   2.85397387         1.57985009E-19
   2.98076653         1.02751187E-19
   3.10755920        -2.22974612E-21
   3.23435187        -1.50136874E-19
   3.36114454        -3.19053954E-19
   3.48793697        -4.71618474E-19
   3.61472964        -5.58718473E-19
   3.74152231        -5.27640883E-19
   3.86831498        -3.33978101E-19
   3.99510765         4.46276930E-20
   4.12190056         5.95848232E-19
   4.24869299         1.26458100E-18
   4.37548542         1.95254060E-18
   4.50227833         2.52747021E-18
   4.62907076         2.84200585E-18
   4.75586367         2.75997104E-18
   4.88265610         2.18586840E-18
   5.00944901         1.09203206E-18
   5.13624144        -4.62206761E-19
   5.26303434        -2.32395628E-18
   5.38982677        -4.25537317E-18
   5.51661968        -5.95761161E-18
   5.64341211        -7.10799692E-18
   5.77020502        -7.40666619E-18
   5.89699745        -6.62799559E-18
   6.02379036        -4.67166174E-18
   6.15058279        -1.60777979E-18
   6.27737522         2.29031505E-18
   6.40416813         6.53321599E-18
   6.53096056         1.04310461E-17
   6.65775347         1.31454906E-17
   6.78454590         1.37829019E-17
   6.91133881         1.15262589E-17
   7.03813124         5.79335960E-18
   7.16492414        -3.60263709E-18
   7.29171658        -1.63238453E-17
   7.41850948        -3.14458004E-17
   7.54530191        -4.74926973E-17
   7.67209482        -6.25816132E-17
   7.79888725        -7.46605809E-17
   7.92567968        -8.17964232E-17
   8.05247211        -8.24446086E-17
   8.17926502        -7.56259603E-17
   8.30605793        -6.09493277E-17
   8.43285084        -3.84584523E-17
   8.55964279        -8.33673567E-18
   8.68643570         2.94351758E-17
   8.81322861         7.53267591E-17
   8.94002151         1.30254133E-16
   9.06681347         1.95200476E-16
   9.19360638         2.70418471E-16
   9.32039928         3.54294188E-16
   9.44719219         4.42092356E-16
   9.57398415         5.24926964E-16
   9.70077705         5.89373360E-16
   9.82756996         6.18120864E-16
   9.95436192         5.91948552E-16
   10.0811548         4.93082231E-16
   10.2079477         3.09685278E-16
   10.3347406         4.09020431E-17
   10.4615326        -2.98434218E-16
   10.5883255        -6.74520447E-16
   10.7151184        -1.03385782E-15
   10.8419113        -1.30603322E-15
   10.9687033        -1.41056291E-15
   11.0954962        -1.26774860E-15
   11.2222891        -8.12777982E-16
   11.3490820        -1.15466621E-17
   11.4758739         1.12395872E-15
   11.6026669         2.52328256E-15
   11.7294598         4.05073983E-15
   11.8562517         5.50653324E-15
   11.9830446         6.63721338E-15
   12.1098375         7.15586563E-15
   12.2366304         6.77102002E-15
   12.3634224         5.22203986E-15
   12.4902153         2.31753974E-15
   12.6170082        -2.02731936E-15
   12.7438011        -7.75903525E-15
   12.8705931        -1.46634837E-14
   12.9973860        -2.23562895E-14
   13.1241789        -3.02877806E-14
   13.2509708        -3.77629209E-14
   13.3777637        -4.39754502E-14
   13.5045567        -4.80542628E-14
   13.6313496        -4.91193830E-14
   13.7581415        -4.63449300E-14
   13.8849344        -3.90262773E-14
   14.0117273        -2.66492235E-14
   14.1385202        -8.95899803E-15
   14.2653122         1.39730392E-14
   14.3921051         4.16879801E-14
   14.5188980         7.32874048E-14
   14.6456909         1.07396866E-13
   14.7724829         1.42152539E-13
   14.8992758         1.75220718E-13
   15.0260687         2.03859648E-13
   15.1528606         2.25033276E-13
   15.2796535         2.35582739E-13
   15.4064465         2.32456063E-13
   15.5332394         2.12991097E-13
   15.6600313         1.75235152E-13
   15.7868242         1.18278271E-13
   15.9136171         4.25676848E-14
   16.0404091        -4.98361287E-14
   16.1672020        -1.55101599E-13
   16.2939949        -2.67606927E-13
   16.4207878        -3.80089921E-13
   16.5475807        -4.83987579E-13
   16.6743736        -5.69966329E-13
   16.8011646        -6.28627359E-13
   16.9279575        -6.51347791E-13
   17.0547504        -6.31202664E-13
   17.1815434        -5.63893062E-13
   17.3083363        -4.48598596E-13
   17.4351292        -2.88661673E-13
   17.5619221        -9.20199450E-14
   17.6887150         1.28697563E-13
   17.8155060         3.56474209E-13
   17.9422989         5.70656261E-13
   18.0690918         7.48170623E-13
   18.1958847         8.65198700E-13
   18.3226776         8.99254521E-13
   18.4494705         8.31579326E-13
   18.5762634         6.49707827E-13
   18.7030544         3.50024046E-13
   18.8298473        -5.99277640E-14
   18.9566402        -5.59641743E-13
   19.0834332        -1.11463898E-12
   19.2102261        -1.67652459E-12
   19.3370190        -2.18434645E-12
   19.4638119        -2.56742219E-12
   19.5906048        -2.74968785E-12
   19.7173958        -2.65550386E-12
   19.8441887        -2.21667042E-12
   19.9709816        -1.38028033E-12
   20.0977745        -1.16866613E-13
   20.2245674         1.57180866E-12
   20.3513603         3.64605655E-12
   20.4781532         6.02341571E-12
   20.6049442         8.57636531E-12
   20.7317371         1.11332575E-11
   20.8585300         1.34828728E-11
   20.9853230         1.53829640E-11
   21.1121159         1.65727172E-11
   21.2389088         1.67888984E-11
   21.3657017         1.57852585E-11
   21.4924946         1.33541286E-11
   21.6192856         9.34931473E-12
   21.7460785         3.70876290E-12
   21.8728714        -3.52463024E-12
   21.9996643        -1.21857567E-11
   22.1264572        -2.19755030E-11
   22.2532501        -3.24562217E-11
   22.3800430        -4.30560830E-11
   22.5068340        -5.30835792E-11
   22.6336269        -6.17529985E-11
   22.7604198        -6.82210469E-11
   22.8872128        -7.16337267E-11
   23.0140057        -7.11824211E-11
   23.1407986        -6.61660379E-11
   23.2675915        -5.60566732E-11
   23.3943844        -4.05640001E-11
   23.5211754        -1.96942913E-11
   23.6479683         6.20108609E-12
   23.7747612         3.63927430E-11
   23.9015541         6.97599617E-11
   24.0283470         1.04801300E-10
   24.1551399         1.39671150E-10
   24.2819328         1.72243955E-10
   24.4087238         2.00205130E-10
   24.5355167         2.21166627E-10
   24.6623096         2.32802860E-10
   24.7891026         2.33000563E-10
   24.9158955         2.20016130E-10
   25.0426884         1.92629815E-10
   25.1694813         1.50288365E-10
   25.2962742         9.32257258E-11
   25.4230652         2.25516272E-11
   25.5498581        -5.97007790E-11
   25.6766510        -1.50575205E-10
   25.8034439        -2.46246606E-10
   25.9302368        -3.42131545E-10
   26.0570297        -4.33054453E-10
   26.1838226        -5.13467213E-10
   26.3106136        -5.77713266E-10
   26.4374065        -6.20327456E-10
   26.5641994        -6.36359243E-10
   26.6909924        -6.21699969E-10
   26.8177853        -5.73401604E-10
   26.9445782        -4.89963736E-10
   27.0713711        -3.71573161E-10
   27.1981640        -2.20276075E-10
   27.3249550        -4.00668942E-11
   27.4517479         1.63117589E-10
   27.5785408         3.81513210E-10
   27.7053337         6.05750727E-10
   27.8321266         8.25191249E-10
   27.9589195         1.02836228E-09
   28.0857124         1.20348342E-09
   28.2125034         1.33906408E-09
   28.3392963         1.42454193E-09
   28.4660892         1.45093559E-09
   28.5928822         1.41147405E-09
   28.7196751         1.30216560E-09
   28.8464680         1.12226328E-09
   28.9732609         8.74603667E-10
   29.1000538         5.65766878E-10
   29.2268448         2.06044126E-10
   29.3536377        -1.90801652E-10
   29.4804306        -6.07995432E-10
   29.6072235        -1.02642861E-09
   29.7340164        -1.42551704E-09
   29.8608093        -1.78422521E-09
   29.9876022        -2.08220019E-09
   30.1143932        -2.30095787E-09
   30.2411861        -2.42506282E-09
   30.3679790        -2.44321652E-09
   30.4947720        -2.34919750E-09
   30.6215649        -2.14257057E-09
   30.7483578        -1.82911264E-09
   30.8751507        -1.42089862E-09
   31.0019417        -9.36022704E-10
   31.1287346        -3.97929328E-10
   31.2555275         1.65609373E-10
   31.3823204         7.23874904E-10
   31.5091133         1.24484734E-09
   31.6359062         1.69705994E-09
   31.7626991         2.05154338E-09
   31.8894920         2.28378250E-09
   32.0162849         2.37552156E-09
   32.1430779         2.31633246E-09
   32.2698708         2.10482454E-09
   32.3966637         1.74937886E-09
   32.5234528         1.26836219E-09
   32.6502457         6.89737267E-10
   32.7770386         5.00734662E-11
   32.9038315        -6.07036643E-10
   33.0306244        -1.23309563E-09
   33.1574173        -1.77726733E-09
   33.2842102        -2.18926344E-09
   33.4110031        -2.42243625E-09
   33.5377960        -2.43685760E-09
   33.6645889        -2.20226726E-09
   33.7913818        -1.70066627E-09
   33.9181747        -9.28440713E-10
   34.0449677         1.02185455E-10
   34.1717606         1.36244094E-09
   34.2985535         2.80712498E-09
   34.4253426         4.37561809E-09
   34.5521355         5.99377614E-09
   34.6789284         7.57660601E-09
   34.8057213         9.03168473E-09
   34.9325142         1.02631486E-08
   35.0593071         1.11760912E-08
   35.1861000         1.16811707E-08
   35.3128929         1.16991892E-08
   35.4396858         1.11654748E-08
   35.5664787         1.00337729E-08
   35.6932716         8.27954771E-09
   35.8200645         5.90240345E-09
   35.9468575         2.92763480E-09
   36.0736504        -5.93317673E-10
   36.2004433        -4.58350513E-09
   36.3272324        -8.94214214E-09
   36.4540253        -1.35473082E-08
   36.5808182        -1.82595983E-08
   36.7076111        -2.29265638E-08
   36.8344040        -2.73876886E-08
   36.9611969        -3.14799138E-08
   37.0879898        -3.50431328E-08
   37.2147827        -3.79259575E-08
   37.3415756        -3.99909794E-08
   37.4683685        -4.11197831E-08
   37.5951614        -4.12172163E-08
   37.7219543        -4.02150633E-08
   37.8487473        -3.80746883E-08
   37.9755402        -3.47888651E-08
   38.1023293        -3.03825551E-08
   38.2291222        -2.49127616E-08
   38.3559151        -1.84673947E-08
   38.4827080        -1.11633023E-08
   38.6095009        -3.14345461E-09
   38.7362938         5.42649836E-09
   38.8630867         1.43622403E-08
   38.9898796         2.34652333E-08
   39.1166725         3.25274208E-08
   39.2434654         4.13361967E-08
   39.3702583         4.96791834E-08
   39.4970512         5.73491690E-08
   39.6238441         6.41488000E-08
   39.7506371         6.98948313E-08
   39.8774300         7.44223527E-08
   40.0042191         7.75884530E-08
   40.1310120         7.92754022E-08
   40.2578049         7.93936508E-08
   40.3845978         7.78840885E-08
   40.5113907         7.47199991E-08
   40.6381836         6.99084524E-08
   40.7649765         6.34911999E-08
   40.8917694         5.55449766E-08
   41.0185623         4.61812455E-08
   41.1453552         3.55452912E-08
   41.2721481         2.38144953E-08
   41.3989410         1.11959304E-08
   41.5257339        -2.07704698E-09
   41.6525269        -1.57491709E-08
   41.7793198        -2.95487261E-08
   41.9061089        -4.31941878E-08
   42.0329018        -5.64021079E-08
   42.1596947        -6.88962132E-08
   42.2864876        -8.04178271E-08
   42.4132805        -9.07374371E-08
   42.5400734        -9.96674174E-08
   42.6668663        -1.07075735E-07
   42.7936592        -1.12900352E-07
   42.9204521        -1.17164134E-07
   43.0472450        -1.19990119E-07
   43.1740379        -1.21616225E-07
   43.3008308        -1.22410071E-07
   43.4276237        -1.22882128E-07
   43.5544167        -1.23697873E-07
   43.6812096        -1.25688175E-07
   43.8079987        -1.29857000E-07
   43.9347916        -1.37386692E-07
   44.0615845        -1.49640101E-07
   44.1883774        -1.68158877E-07
   44.3151703        -1.94658156E-07
   44.4419632        -2.31017211E-07
   44.5687561        -2.79264668E-07
   44.6955490        -3.41560650E-07
   44.8223419        -4.20172455E-07
   44.9491348        -5.17447234E-07
   45.0759277        -6.35777837E-07
   45.2027206        -7.77565333E-07
   45.3295135        -9.45177931E-07
   45.4563065        -1.14090301E-06
   45.5830994        -1.36689914E-06
   45.7098885        -1.62514289E-06
   45.8366814        -1.91737377E-06
   45.9634743        -2.24504129E-06
   46.0902672        -2.60924321E-06
   46.2170601        -3.01067848E-06
   46.3438530        -3.44959085E-06
   46.4706459        -3.92572383E-06
   46.5974388        -4.43827457E-06
   46.7242317        -4.98586405E-06
   46.8510246        -5.56651185E-06
   46.9778175        -6.17761407E-06
   47.1046104        -6.81595020E-06
   47.2314034        -7.47769172E-06
   47.3581963        -8.15841759E-06
   47.4849892        -8.85316786E-06
   47.6117783        -9.55649557E-06
   47.7385712        -1.02625363E-05
   47.8653641        -1.09650982E-05
   47.9921570        -1.16577676E-05
   48.1189499        -1.23340196E-05
   48.2457428        -1.29873415E-05
   48.3725357        -1.36113777E-05
   48.4993286        -1.42000636E-05
   48.6261215        -1.47477640E-05
   48.7529144        -1.52494158E-05
   48.8797073        -1.57006762E-05
   49.0065002        -1.60980217E-05
   49.1332932        -1.64388821E-05
   49.2600861        -1.67217258E-05
   49.3868790        -1.69461309E-05
   49.5136681        -1.71128449E-05
   49.6404610        -1.72237906E-05
   49.7672539        -1.72820783E-05
   49.8940468        -1.72919554E-05
   50.0208397        -1.72587406E-05
   50.1476326        -1.71887532E-05
   50.2744255        -1.70891544E-05
   50.4012184        -1.69678278E-05
   50.5280113        -1.68331953E-05
   50.6548042        -1.66940426E-05
   50.7815971        -1.65593101E-05
   50.9083900        -1.64378835E-05
   51.0351830        -1.63383975E-05
   51.1619759        -1.62690176E-05
   51.2887688        -1.62372417E-05
   51.4155579        -1.62497363E-05
   51.5423508        -1.63121495E-05
   51.6691437        -1.64289941E-05
   51.7959366        -1.66035279E-05
   51.9227295        -1.68376773E-05
   52.0495224        -1.71319953E-05
   52.1763153        -1.74856323E-05
   52.3031082        -1.78963801E-05
   52.4299011        -1.83607226E-05
   52.5566940        -1.88739086E-05
   52.6834869        -1.94300756E-05
   52.8102798        -2.00223840E-05
   52.9370728        -2.06431723E-05
   53.0638657        -2.12841351E-05
   53.1906586        -2.19364956E-05
   53.3174477        -2.25912208E-05
   53.4442406        -2.32391631E-05
   53.5710335        -2.38713055E-05
   53.6978264        -2.44788862E-05
   53.8246193        -2.50536013E-05
   53.9514122        -2.55877330E-05
   54.0782051        -2.60742909E-05
   54.2049980        -2.65071394E-05
   54.3317909        -2.68810763E-05
   54.4585838        -2.71919034E-05
   54.5853767        -2.74364993E-05
   54.7121696        -2.76128430E-05
   54.8389626        -2.77200306E-05
   54.9657555        -2.77582694E-05
   55.0925484        -2.77288691E-05
   55.2193375        -2.76341962E-05
   55.3461304        -2.74776394E-05
   55.4729233        -2.72635443E-05
   55.5997162        -2.69971551E-05
   55.7265091        -2.66845145E-05
   55.8533020        -2.63324036E-05
   55.9800949        -2.59482222E-05
   56.1068878        -2.55399027E-05
   56.2336807        -2.51157799E-05
   56.3604736        -2.46844920E-05
   56.4872665        -2.42548322E-05
   56.6140594        -2.38356497E-05
   56.7408524        -2.34356812E-05
   56.8676453        -2.30634196E-05
   56.9944382        -2.27269866E-05
   57.1212273        -2.24340019E-05
   57.2480202        -2.21914052E-05
   57.3748131        -2.20053789E-05
   57.5016060        -2.18812020E-05
   57.6283989        -2.18231471E-05
   57.7551918        -2.18344048E-05
   57.8819847        -2.19169979E-05
   58.0087776        -2.20717629E-05
   58.1355705        -2.22982981E-05
   58.2623634        -2.25950043E-05
   58.3891563        -2.29590933E-05
   58.5159492        -2.33866704E-05
   58.6427422        -2.38728098E-05
   58.7695351        -2.44116873E-05
   58.8963280        -2.49966979E-05
   59.0231171        -2.56206240E-05
   59.1499100        -2.62757985E-05
   59.2767029        -2.69542888E-05
   59.4034958        -2.76480623E-05
   59.5302887        -2.83491590E-05
   59.6570816        -2.90498610E-05
   59.7838745        -2.97428360E-05
   59.9106674        -3.04212444E-05
   60.0374603        -3.10788710E-05
   60.1642532        -3.17101294E-05
   60.2910461        -3.23101449E-05
   60.4178391        -3.28747337E-05
   60.5446320        -3.34003635E-05
   60.6714249        -3.38840873E-05
   60.7982178        -3.43234533E-05
   60.9250069        -3.47164023E-05
   61.0517998        -3.50611226E-05
   61.1785927        -3.53559299E-05
   61.3053856        -3.55991069E-05
   61.4321785        -3.57888166E-05
   61.5589714        -3.59229671E-05
   61.6857643        -3.59991354E-05
   61.8125572        -3.60145314E-05
   61.9393501        -3.59659753E-05
   62.0661430        -3.58499237E-05
   62.1929359        -3.56625460E-05
   62.3197289        -3.53998839E-05
   62.4465218        -3.50579285E-05
   62.5733147        -3.46329180E-05
   62.7001076        -3.41214836E-05
   62.8268967        -3.35209697E-05
   62.9536896        -3.28296628E-05
   63.0804825        -3.20470790E-05
   63.2072754        -3.11742260E-05
   63.3340683        -3.02138415E-05
   63.4608612        -2.91706074E-05
   63.5876541        -2.80512959E-05
   63.7144470        -2.68649073E-05
   63.8412399        -2.56226940E-05
   63.9680328        -2.43381401E-05
   64.0948257        -2.30268597E-05
   64.2216187        -2.17064407E-05
   64.3484116        -2.03961863E-05
   64.4752045        -1.91167892E-05
   64.6019974        -1.78899954E-05
   64.7287903        -1.67381131E-05
   64.8555832        -1.56835977E-05
   64.9823761        -1.47485207E-05
   65.1091690        -1.39540807E-05
   65.2359619        -1.33200747E-05
   65.3627548        -1.28644397E-05
   65.4895477        -1.26027799E-05
   65.6163330        -1.25479755E-05
   65.7431259        -1.27098510E-05
   65.8699188        -1.30949056E-05
   65.9967117        -1.37061488E-05
   66.1235046        -1.45430031E-05
   66.2502975        -1.56013193E-05
   66.3770905        -1.68734714E-05
   66.5038834        -1.83485390E-05
   66.6306763        -2.00125996E-05
   66.7574692        -2.18490350E-05
   66.8842621        -2.38389875E-05
   67.0110550        -2.59617518E-05
   67.1378479        -2.81953107E-05
   67.2646408        -3.05168032E-05
   67.3914337        -3.29030154E-05
   67.5182266        -3.53308824E-05
   67.6450195        -3.77779106E-05
   67.7718124        -4.02225633E-05
   67.8986053        -4.26446277E-05
   68.0253983        -4.50254483E-05
   68.1521912        -4.73481014E-05
   68.2789841        -4.95975655E-05
   68.4057770        -5.17606641E-05
   68.5325699        -5.38261083E-05
   68.6593628        -5.57843014E-05
   68.7861557        -5.76271887E-05
   68.9129486        -5.93480545E-05
   69.0397415        -6.09412236E-05
   69.1665344        -6.24017848E-05
   69.2933273        -6.37253033E-05
   69.4201126        -6.49075446E-05
   69.5469055        -6.59442012E-05
   69.6736984        -6.68307257E-05
   69.8004913        -6.75621341E-05
   69.9272842        -6.81329038E-05
   70.0540771        -6.85369523E-05
   70.1808701        -6.87677020E-05
   70.3076630        -6.88181972E-05
   70.4344559        -6.86812564E-05
   70.5612488        -6.83497856E-05
   70.6880417        -6.78170472E-05
   70.8148346        -6.70770460E-05
   70.9416275        -6.61249651E-05
   71.0684204        -6.49575086E-05
   71.1952133        -6.35733450E-05
   71.3220062        -6.19734928E-05
   71.4487991        -6.01617576E-05
   71.5755920        -5.81449349E-05
   71.7023849        -5.59331638E-05
   71.8291779        -5.35400759E-05
   71.9559708        -5.09828860E-05
   72.0827637        -4.82824253E-05
   72.2095566        -4.54630426E-05
   72.3363495        -4.25524486E-05
   72.4631424        -3.95814423E-05
   72.5899353        -3.65835331E-05
   72.7167282        -3.35945660E-05
   72.8435211        -3.06522124E-05
   72.9703140        -2.77953823E-05
   73.0971069        -2.50637058E-05
   73.2238922        -2.24968589E-05
   73.3506851        -2.01339844E-05
   73.4774780        -1.80130592E-05
   73.6042709        -1.61702774E-05
   73.7310638        -1.46394905E-05
   73.8578568        -1.34516713E-05
   73.9846497        -1.26344112E-05
   74.1114426        -1.22114998E-05
   74.2382355        -1.22025331E-05
   74.3650284        -1.26226196E-05
   74.4918213        -1.34821030E-05
   74.6186142        -1.47863957E-05
   74.7454071        -1.65358451E-05
   74.8722000        -1.87256665E-05
   74.9989929        -2.13459516E-05
   75.1257858        -2.43817012E-05
   75.2525787        -2.78129519E-05
   75.3793716        -3.16149344E-05
   75.5061646        -3.57582649E-05
   75.6329575        -4.02092483E-05
   75.7597504        -4.49301260E-05
   75.8865433        -4.98794834E-05
   76.0133362        -5.50126279E-05
   76.1401291        -6.02819964E-05
   76.2669220        -6.56376869E-05
   76.3937149        -7.10279128E-05
   76.5205078        -7.63995777E-05
   76.6473007        -8.16987667E-05
   76.7740936        -8.68713978E-05
   76.9008865        -9.18637670E-05
   77.0276718        -9.66230873E-05
   77.1544647        -1.01098041E-04
   77.2812576        -1.05239378E-04
   77.4080505        -1.09000342E-04
   77.5348434        -1.12337162E-04
   77.6616364        -1.15209426E-04
   77.7884293        -1.17580486E-04
   77.9152222        -1.19417622E-04
   78.0420151        -1.20692370E-04
   78.1688080        -1.21380668E-04
   78.2956009        -1.21462857E-04
   78.4223938        -1.20923803E-04
   78.5491867        -1.19752825E-04
   78.6759796        -1.17943680E-04
   78.8027725        -1.15494433E-04
   78.9295654        -1.12407346E-04
   79.0563583        -1.08688771E-04
   79.1831512        -1.04348997E-04
   79.3099442        -9.94021466E-05
   79.4367371        -9.38660596E-05
   79.5635300        -8.77622369E-05
   79.6903229        -8.11156788E-05
   79.8171158        -7.39550233E-05
   79.9439087        -6.63123210E-05
   80.0707016        -5.82231442E-05
   80.1974945        -4.97265428E-05
   80.3242874        -4.08649757E-05
   80.4510803        -3.16842888E-05
   80.5778732        -2.22336421E-05
   80.7046585        -1.25652823E-05
   80.8314514        -2.73438491E-06
   80.9582443         7.20126445E-06
   81.0850372         1.71816919E-05
   81.2118301         2.71451845E-05
   81.3386230         3.70289272E-05
   81.4654160         4.67696627E-05
   81.5922089         5.63044669E-05
   81.7190018         6.55716140E-05
   81.8457947         7.45115249E-05
   81.9725876         8.30677163E-05
   82.0993805         9.11877141E-05
   82.2261734         9.88240863E-05
   82.3529663         1.05935389E-04
   82.4797592         1.12486872E-04
   82.6065521         1.18451375E-04
   82.7333450         1.23809907E-04
   82.8601379         1.28551954E-04
   82.9869308         1.32675923E-04
   83.1137238         1.36189075E-04
   83.2405167         1.39107433E-04
   83.3673096         1.41455341E-04
   83.4941025         1.43264901E-04
   83.6208954         1.44575213E-04
   83.7476883         1.45431288E-04
   83.8744812         1.45882979E-04
   84.0012741         1.45983635E-04
   84.1280670         1.45788712E-04
   84.2548599         1.45354294E-04
   84.3816528         1.44735750E-04
   84.5084381         1.43986137E-04
   84.6352310         1.43154975E-04
   84.7620239         1.42286925E-04
   84.8888168         1.41420751E-04
   85.0156097         1.40588338E-04
   85.1424026         1.39814118E-04
   85.2691956         1.39114578E-04
   85.3959885         1.38498057E-04
   85.5227814         1.37964744E-04
   85.6495743         1.37507173E-04
   85.7763672         1.37110517E-04
   85.9031601         1.36753530E-04
   86.0299530         1.36409479E-04
   86.1567459         1.36047121E-04
   86.2835388         1.35632014E-04
   86.4103317         1.35127848E-04
   86.5371246         1.34497648E-04
   86.6639175         1.33705238E-04
   86.7907104         1.32716435E-04
   86.9175034         1.31500230E-04
   87.0442963         1.30029948E-04
   87.1710892         1.28284068E-04
   87.2978821         1.26247076E-04
   87.4246750         1.23909980E-04
   87.5514679         1.21270801E-04
   87.6782608         1.18334603E-04
   87.8050537         1.15113631E-04
   87.9318466         1.11627014E-04
   88.0586395         1.07900516E-04
   88.1854324         1.03965860E-04
   88.3122177         9.98601608E-05
   88.4390106         9.56251170E-05
   88.5658035         9.13061158E-05
   88.6925964         8.69512878E-05
   88.8193893         8.26105388E-05
   88.9461823         7.83345022E-05
   89.0729752         7.41735421E-05
   89.1997681         7.01767640E-05
   89.3265610         6.63910760E-05
   89.4533539         6.28603084E-05
   89.5801468         5.96244390E-05
   89.7069397         5.67188472E-05
   89.8337326         5.41737390E-05
   89.9605255         5.20137000E-05
   90.0873184         5.02573239E-05
   90.2141113         4.89169615E-05
   90.3409042         4.79987248E-05
   90.4676971         4.75023990E-05
   90.5944901         4.74217595E-05
   90.7212830         4.77447829E-05
   90.8480759         4.84540469E-05
   90.9748688         4.95273198E-05
   91.1016617         5.09380588E-05
   91.2284546         5.26561707E-05
   91.3552475         5.46486372E-05
   91.4820404         5.68803771E-05
   91.6088333         5.93148652E-05
   91.7356262         6.19149941E-05
   91.8624191         6.46437693E-05
   91.9892120         6.74648763E-05
   92.1159973         7.03434853E-05
   92.2427902         7.32465196E-05
   92.3695831         7.61433112E-05
   92.4963760         7.90057384E-05
   92.6231689         8.18085828E-05
   92.7499619         8.45295435E-05
   92.8767548         8.71492666E-05
   93.0035477         8.96513229E-05
   93.1303406         9.20219318E-05
   93.2571335         9.42498082E-05
   93.3839264         9.63258208E-05
   93.5107193         9.82426573E-05
   93.6375122         9.99945114E-05
   93.7643051         1.01576668E-04
   93.8910980         1.02985228E-04
   94.0178909         1.04216742E-04
   94.1446838         1.05268067E-04
   94.2714767         1.06136053E-04
   94.3982697         1.06817446E-04
   94.5250626         1.07308850E-04
   94.6518555         1.07606749E-04
   94.7786484         1.07707565E-04
   94.9054413         1.07607761E-04
   95.0322342         1.07304055E-04
   95.1590271         1.06793632E-04
   95.2858200         1.06074462E-04
   95.4126129         1.05145467E-04
   95.5394058         1.04006809E-04
   95.6661987         1.02660088E-04
   95.7929916         1.01108628E-04
   95.9197769         9.93574868E-05
   96.0465698         9.74135983E-05
   96.1733627         9.52858245E-05
   96.3001556         9.29847738E-05
   96.4269485         9.05227353E-05
   96.5537415         8.79134823E-05
   96.6805344         8.51718651E-05
   96.8073273         8.23136943E-05
   96.9341202         7.93551299E-05
   97.0609131         7.63124553E-05
   97.1877060         7.32015833E-05
   97.3144989         7.00377423E-05
   97.4412918         6.68350767E-05
   97.5680847         6.36063705E-05
   97.6948776         6.03627632E-05
   97.8216705         5.71136879E-05
   97.9484634         5.38667191E-05
   98.0752563         5.06276629E-05
   98.2020493         4.74006156E-05
   98.3288422         4.41882657E-05
   98.4556351         4.09920904E-05
   98.5824280         3.78128134E-05
   98.7092209         3.46507550E-05
   98.8360138         3.15062971E-05
   98.9628067         2.83803547E-05
   99.0895996         2.52747814E-05
   99.2163925         2.21927985E-05
   99.3431854         1.91393046E-05
   99.4699783         1.61211319E-05
   99.5967712         1.31472252E-05
   99.7235565         1.02286413E-05
   99.8503494         7.37848632E-06
   99.9771423         4.61173477E-06
   100.103935         1.94486506E-06
   100.230728        -6.04555112E-07
   100.357521        -3.01836144E-06
   100.484314        -5.27843758E-06
   100.611107        -7.36734819E-06
   100.737900        -9.26903431E-06
   100.864693        -1.09694638E-05
   100.991486        -1.24573262E-05
   101.118279        -1.37245252E-05
   101.245071        -1.47667997E-05
   101.371864        -1.55839807E-05
   101.498657        -1.61803400E-05
   101.625450        -1.65646779E-05
   101.752243        -1.67502185E-05
   101.879036        -1.67545168E-05
   102.005829        -1.65990168E-05
   102.132622        -1.63086188E-05
   102.259415        -1.59110223E-05
   102.386208        -1.54360059E-05
   102.513000        -1.49146535E-05
   102.639793        -1.43784209E-05
   102.766586        -1.38583009E-05
   102.893379        -1.33839058E-05
   103.020172        -1.29826185E-05
   103.146965        -1.26788218E-05
   103.273758        -1.24931576E-05
   103.400551        -1.24419612E-05
   103.527336        -1.25368069E-05
   103.654129        -1.27841395E-05
   103.780922        -1.31851448E-05
   103.907715        -1.37357047E-05
   104.034508        -1.44264868E-05
   104.161301        -1.52432322E-05
   104.288094        -1.61671123E-05
   104.414886        -1.71752145E-05
   104.541679        -1.82411386E-05
   104.668472        -1.93356409E-05
   104.795265        -2.04273583E-05
   104.922058        -2.14835600E-05
   105.048851        -2.24709256E-05
   105.175644        -2.33563187E-05
   105.302437        -2.41075777E-05
   105.429230        -2.46942454E-05
   105.556023        -2.50883168E-05
   105.682816        -2.52649043E-05
   105.809608        -2.52029004E-05
   105.936401        -2.48855577E-05
   106.063194        -2.43010400E-05
   106.189987        -2.34429062E-05
   106.316780        -2.23105035E-05
   106.443573        -2.09093414E-05
   106.570366        -1.92513271E-05
   106.697159        -1.73549615E-05
   106.823952        -1.52453795E-05
   106.950745        -1.29543278E-05
   107.077538        -1.05199706E-05
   107.204330        -7.98657675E-06
   107.331116        -5.40404926E-06
   107.457909        -2.82729616E-06
   107.584702        -3.15435642E-07
   107.711494         2.06917070E-06
   107.838287         4.26204770E-06
   107.965080         6.19788216E-06
   108.091873         7.81194103E-06
   108.218666         9.04158787E-06
   108.345459         9.82788970E-06
   108.472252         1.01172473E-05
   108.599045         9.86303166E-06
   108.725838         9.02716693E-06
   108.852631         7.58157603E-06
   108.979424         5.50951791E-06
   109.106216         2.80666200E-06
   109.233009        -5.18076092E-07
   109.359802        -4.44200123E-06
   109.486595        -8.92846401E-06
   109.613388        -1.39270414E-05
   109.740181        -1.93741089E-05
   109.866974        -2.51937981E-05
   109.993767        -3.12993325E-05
   110.120560        -3.75947275E-05
   110.247353        -4.39767500E-05
   110.374146        -5.03372175E-05
   110.500938        -5.65654518E-05
   110.627731        -6.25508401E-05
   110.754524        -6.81854945E-05
   110.881317        -7.33668130E-05
   111.008102        -7.80000119E-05
   111.134895        -8.20003042E-05
   111.261688        -8.52949524E-05
   111.388481        -8.78249048E-05
   111.515274        -8.95460107E-05
   111.642067        -9.04297922E-05
   111.768860        -9.04638218E-05
   111.895653        -8.96515048E-05
   112.022446        -8.80114749E-05
   112.149239        -8.55765466E-05
   112.276031        -8.23922019E-05
   112.402824        -7.85148659E-05
   112.529617        -7.40097821E-05
   112.656410        -6.89488079E-05
   112.783203        -6.34081298E-05
   112.909996        -5.74659061E-05
   113.036789        -5.12000806E-05
   113.163582        -4.46863269E-05
   113.290375        -3.79963240E-05
   113.417168        -3.11962940E-05
   113.543961        -2.43458926E-05
   113.670753        -1.74976049E-05
   113.797546        -1.06964671E-05
   113.924339        -3.98023531E-06
   114.051132         2.62006529E-06
   114.177925         9.07924823E-06
   114.304718         1.53767960E-05
   114.431511         2.14954853E-05
   114.558304         2.74198719E-05
   114.685097         3.31347619E-05
   114.811882         3.86237298E-05
   114.938675         4.38677598E-05
   115.065468         4.88441474E-05
   115.192261         5.35256804E-05
   115.319054         5.78801373E-05
   115.445847         6.18702761E-05
   115.572639         6.54540854E-05
   115.699432         6.85856212E-05
   115.826225         7.12161200E-05
   115.953018         7.32954504E-05
   116.079811         7.47739687E-05
   116.206604         7.56044683E-05
   116.333397         7.57443704E-05
   116.460190         7.51578118E-05
   116.586983         7.38178423E-05
   116.713776         7.17082585E-05
   116.840569         6.88253713E-05
   116.967361         6.51792434E-05
   117.094154         6.07946677E-05
   117.220947         5.57115563E-05
   117.347740         4.99848757E-05
   117.474533         4.36840710E-05
   117.601326         3.68918918E-05
   117.728119         2.97028782E-05
   117.854912         2.22212493E-05
   117.981705         1.45585827E-05
   118.108498         6.83111648E-06
   118.235291        -8.43088685E-07
   118.362083        -8.34705861E-06
   118.488876        -1.55677535E-05
   118.615662        -2.23988354E-05
   118.742455        -2.87431012E-05
   118.869247        -3.45146509E-05
   118.996040        -3.96406394E-05
   119.122833        -4.40625336E-05
   119.249626        -4.77368776E-05
   119.376419        -5.06355645E-05
   119.503212        -5.27456359E-05
   119.630005        -5.40685069E-05
   119.756798        -5.46188967E-05
   119.883591        -5.44233335E-05
   120.010384        -5.35183899E-05
   120.137177        -5.19487694E-05
   120.263969        -4.97652909E-05
   120.390762        -4.70228661E-05
   120.517555        -4.37786111E-05
   120.644348        -4.00901044E-05
   120.771141        -3.60139347E-05
   120.897934        -3.16045116E-05
   121.024727        -2.69132506E-05
   121.151520        -2.19881076E-05
   121.278313        -1.68734332E-05
   121.405106        -1.16102219E-05
   121.531898        -6.23659207E-06
   121.658691        -7.88531565E-07
   121.785484         4.69920406E-06
   121.912277         1.01920814E-05
   122.039070         1.56547831E-05
   122.165863         2.10502676E-05
   122.292656         2.63389520E-05
   122.419441         3.14781137E-05
   122.546234         3.64215484E-05
   122.673027         4.11195215E-05
   122.799820         4.55190602E-05
   122.926613         4.95645654E-05
   123.053406         5.31986916E-05
   123.180199         5.63636277E-05
   123.306992         5.90025047E-05
   123.433784         6.10610441E-05
   123.560577         6.24893073E-05
   123.687370         6.32434894E-05
   123.814163         6.32877054E-05
   123.940956         6.25955581E-05
   124.067749         6.11516225E-05
   124.194542         5.89526317E-05
   124.321335         5.60083390E-05
   124.448128         5.23419876E-05
   124.574921         4.79904411E-05
   124.701714         4.30038781E-05
   124.828506         3.74451047E-05
   124.955299         3.13884630E-05
   125.082092         2.49183540E-05
   125.208885         1.81275373E-05
   125.335678         1.11151212E-05
   125.462471         3.98436350E-06
   125.589264        -3.15959710E-06
   125.716057        -1.02120785E-05
   125.842850        -1.70711355E-05
   125.969643        -2.36397627E-05
   126.096436        -2.98278701E-05
   126.223221        -3.55540978E-05
   126.350014        -4.07473017E-05
   126.476807        -4.53477078E-05
   126.603600        -4.93078005E-05
   126.730392        -5.25928299E-05
   126.857185        -5.51809317E-05
   126.983978        -5.70629745E-05
   127.110771        -5.82420835E-05
   127.237564        -5.87328759E-05
   127.364357        -5.85604830E-05
   127.491150        -5.77593746E-05
   127.617943        -5.63720860E-05
   127.744736        -5.44477989E-05
   127.871529        -5.20409485E-05
   127.998322        -4.92098006E-05
   128.125107        -4.60150950E-05
   128.251907        -4.25187900E-05
   128.378693        -3.87829023E-05
   128.505493        -3.48684953E-05
   128.632278        -3.08348208E-05
   128.759079        -2.67386004E-05
   128.885864        -2.26334942E-05
   129.012665        -1.85696645E-05
   129.139450        -1.45935355E-05
   129.266251        -1.07476117E-05
   129.393036        -7.07042500E-06
   129.519836        -3.59654518E-06
   129.646622        -3.56642687E-07
   129.773422         2.62242406E-06
   129.900208         5.31749811E-06
   130.027008         7.70902625E-06
   130.153793         9.78096978E-06
   130.280594         1.15207440E-05
   130.407379         1.29191803E-05
   130.534180         1.39705162E-05
   130.660965         1.46724169E-05
   130.787766         1.50259921E-05
   130.914551         1.50358446E-05
   131.041351         1.47100973E-05
   131.168137         1.40604125E-05
   131.294937         1.31019833E-05
   131.421722         1.18534763E-05
   131.548523         1.03369375E-05
   131.675308         8.57763189E-06
   131.802109         6.60383239E-06
   131.928894         4.44652596E-06
   132.055679         2.13907379E-06
   132.182480        -2.83200677E-07
   132.309265        -2.78347375E-06
   132.436066        -5.32393096E-06
   132.562851        -7.86631153E-06
   132.689651        -1.03724797E-05
   132.816437        -1.28050069E-05
   132.943237        -1.51277482E-05
   133.070023        -1.73064127E-05
   133.196823        -1.93090946E-05
   133.323608        -2.11067854E-05
   133.450409        -2.26737866E-05
   133.577194        -2.39881447E-05
   133.703995        -2.50319135E-05
   133.830780        -2.57914344E-05
   133.957581        -2.62574777E-05
   134.084366        -2.64253395E-05
   134.211166        -2.62947906E-05
   134.337952        -2.58700384E-05
   134.464752        -2.51595211E-05
   134.591537        -2.41756952E-05
   134.718338        -2.29346861E-05
   134.845123        -2.14559459E-05
   134.971924        -1.97618010E-05
   135.098709        -1.78770115E-05
   135.225510        -1.58282510E-05
   135.352295        -1.36435883E-05
   135.479095        -1.13519845E-05
   135.605881        -8.98276357E-06
   135.732666        -6.56512020E-06
   135.859467        -4.12766440E-06
   135.986252        -1.69800467E-06
   136.113052         6.97630185E-07
   136.239838         3.03468232E-06
   136.366638         5.29050612E-06
   136.493423         7.44452973E-06
   136.620224         9.47833996E-06
   136.747009         1.13757105E-05
   136.873810         1.31225261E-05
   137.000595         1.47066821E-05
   137.127396         1.61178887E-05
   137.254181         1.73474637E-05
   137.380981         1.83880711E-05
   137.507767         1.92334610E-05
   137.634567         1.98781963E-05
   137.761353         2.03174150E-05
   137.888153         2.05466131E-05
   138.014938         2.05614906E-05
   138.141739         2.03578402E-05
   138.268524         1.99315564E-05
   138.395325         1.92786865E-05
   138.522110         1.83955781E-05
   138.648911         1.72791370E-05
   138.775696         1.59271622E-05
   138.902496         1.43387178E-05
   139.029282         1.25146553E-05
   139.156082         1.04580859E-05
   139.282867         8.17494674E-06
   139.409653         5.67453708E-06
   139.536453         2.97002452E-06
   139.663239         7.89134873E-08
   139.790039        -2.97658903E-06
   139.916824        -6.16931266E-06
   140.043625        -9.46700675E-06
   140.170410        -1.28323672E-05
   140.297211        -1.62232627E-05
   140.423996        -1.95931207E-05
   140.550797        -2.28915032E-05
   140.677582        -2.60648812E-05
   140.804382        -2.90575754E-05
   140.931168        -3.18128077E-05
   141.057968        -3.42739186E-05
   141.184753        -3.63857034E-05
   141.311554        -3.80957208E-05
   141.438339        -3.93556693E-05
   141.565140        -4.01227553E-05
   141.691925        -4.03609374E-05
   141.818726        -4.00420940E-05
   141.945511        -3.91470094E-05
   142.072311        -3.76662138E-05
   142.199097        -3.56005912E-05
   142.325897        -3.29616996E-05
   142.452682        -2.97719416E-05
   142.579483        -2.60643592E-05
   142.706268        -2.18822915E-05
   142.833069        -1.72786640E-05
   142.959854        -1.23151731E-05
   143.086655        -7.06114997E-06
   143.213440        -1.59234071E-06
   143.340225         4.01048283E-06
   143.467026         9.66302196E-06
   143.593811         1.52789944E-05
   143.720612         2.07716912E-05
   143.847397         2.60555316E-05
   143.974197         3.10475443E-05
   144.100983         3.56687815E-05
   144.227783         3.98456395E-05
   144.354568         4.35110087E-05
   144.481369         4.66053534E-05
   144.608154         4.90775674E-05
   144.734955         5.08857556E-05
   144.861740         5.19977839E-05
   144.988541         5.23917806E-05
   145.115326         5.20563990E-05
   145.242126         5.09909987E-05
   145.368912         4.92056606E-05
   145.495712         4.67211066E-05
   145.622498         4.35684342E-05
   145.749298         3.97888034E-05
   145.876083         3.54329059E-05
   146.002884         3.05603717E-05
   146.129669         2.52389982E-05
   146.256470         1.95438588E-05
   146.383255         1.35562859E-05
   146.510056         7.36269340E-06
   146.636841         1.05329968E-06
   146.763641        -5.27928569E-06
   146.890427        -1.15415605E-05
   147.017212        -1.76407066E-05
   147.144012        -2.34862164E-05
   147.270798        -2.89915351E-05
   147.397598        -3.40756851E-05
   147.524384        -3.86647807E-05
   147.651184        -4.26935076E-05
   147.777969        -4.61064301E-05
   147.904770        -4.88590340E-05
   148.031555        -5.09186430E-05
   148.158356        -5.22650553E-05
   148.285141        -5.28907913E-05
   148.411942        -5.28012424E-05
   148.538727        -5.20141984E-05
   148.665527        -5.05594471E-05
   148.792313        -4.84777738E-05
   148.919113        -4.58198192E-05
   149.045898        -4.26447041E-05
   149.172699        -3.90184432E-05
   149.299484        -3.50122209E-05
   149.426285        -3.07005612E-05
   149.553070        -2.61595451E-05
   149.679871        -2.14649663E-05
   149.806656        -1.66906520E-05
   149.933456        -1.19068782E-05
   150.060242        -7.17899729E-06
   150.187042        -2.56628687E-06
   150.313828         1.87894909E-06
   150.440628         6.11201631E-06
   150.567413         1.00961870E-05
   150.694214         1.38027663E-05
   150.820999         1.72109540E-05
   150.947784         2.03074305E-05
   151.074585         2.30857349E-05
   151.201370         2.55455452E-05
   151.328171         2.76917672E-05
   151.454956         2.95335740E-05
   151.581757         3.10834330E-05
   151.708542         3.23560707E-05
   151.835342         3.33675671E-05
   151.962128         3.41344239E-05
   152.088928         3.46728630E-05
   152.215714         3.49980910E-05
   152.342514         3.51238668E-05
   152.469299         3.50620503E-05
   152.596100         3.48224276E-05
   152.722885         3.44125983E-05
   152.849686         3.38380378E-05
   152.976471         3.31022056E-05
   153.103271         3.22068336E-05
   153.230057         3.11522563E-05
   153.356857         2.99377534E-05
   153.483643         2.85620154E-05
   153.610443         2.70235305E-05
   153.737228         2.53210346E-05
   153.864029         2.34538784E-05
   153.990814         2.14224183E-05
   154.117615         1.92282987E-05
   154.244400         1.68747338E-05
   154.371201         1.43666821E-05
   154.497986         1.17110021E-05
   154.624771         8.91652508E-06
   154.751572         5.99411260E-06
   154.878357         2.95663608E-06
   155.005157        -1.81048307E-07
   155.131943        -3.40216093E-06
   155.258743        -6.68807479E-06
   155.385529        -1.00183934E-05
   155.512329        -1.33710391E-05
   155.639114        -1.67223479E-05
   155.765915        -2.00471550E-05
   155.892700        -2.33188875E-05
   156.019501        -2.65096714E-05
   156.146286        -2.95904556E-05
   156.273087        -3.25311630E-05
   156.399872        -3.53008581E-05
   156.526672        -3.78679906E-05
   156.653458        -4.02006481E-05
   156.780258        -4.22669254E-05
   156.907043        -4.40352742E-05
   157.033844        -4.54750407E-05
   157.160629        -4.65569283E-05
   157.287430        -4.72536267E-05
   157.414215        -4.75404449E-05
   157.541016        -4.73960135E-05
   157.667801        -4.68029721E-05
   157.794601        -4.57486858E-05
   157.921387        -4.42259661E-05
   158.048187        -4.22336852E-05
   158.174973        -3.97774129E-05
   158.301773        -3.68698420E-05
   158.428558        -3.35311997E-05
   158.555344        -2.97894458E-05
   158.682144        -2.56802814E-05
   158.808929        -2.12470040E-05
   158.935730        -1.65401543E-05
   159.062515        -1.16169031E-05
   159.189316        -6.54028008E-06
   159.316101        -1.37815960E-06
   159.442902         3.79792300E-06
   159.569687         8.91412674E-06
   159.696487         1.38957867E-05
   159.823273         1.86689940E-05
   159.950073         2.31622307E-05
   160.076859         2.73079786E-05
   160.203659         3.10443138E-05
