  -4.50000000         0.00000000    
  -4.37320757         0.00000000    
  -4.24641466         0.00000000    
  -4.11962223         0.00000000    
  -3.99282932         0.00000000    
  -3.86603665         0.00000000    
  -3.73924398         4.14197594E-33
  -3.61245155        -8.09769332E-33
  -3.48565888        -3.07342778E-31
  -3.35886621        -1.88162754E-30
  -3.23207355        -5.54732824E-30
  -3.10528088         2.43905471E-29
  -2.97848821         1.52842571E-28
  -2.85169554         4.98724807E-28
  -2.72490287         1.13632149E-27
  -2.59811020         1.89084855E-27
  -2.47131753         2.06154642E-27
  -2.34452486         5.70887958E-28
  -2.21773219        -2.44166818E-27
  -2.09093952        -1.22600145E-27
  -1.96414697         2.35214225E-26
  -1.83735430         1.14505613E-25
  -1.71056163         3.43535637E-25
  -1.58376896         8.01929274E-25
  -1.45697629         1.56224268E-24
  -1.33018374         2.60400756E-24
  -1.20339108         3.71544414E-24
  -1.07659841         4.41592344E-24
 -0.949805737         3.98121138E-24
 -0.823013067         1.67451347E-24
 -0.696220458        -2.73807940E-24
 -0.569427788        -8.20519865E-24
 -0.442635119        -1.15317478E-23
 -0.315842479        -6.85241974E-24
 -0.189049825         1.39767141E-23
  -6.22571707E-02     5.94677366E-23
   6.45354837E-02     1.34748600E-22
  0.191328138         2.36294790E-22
  0.318120778         3.46442996E-22
  0.444913447         4.30050514E-22
  0.571706116         4.36400579E-22
  0.698498726         3.09305267E-22
  0.825291395         6.81439113E-24
  0.952084064        -4.71233496E-22
   1.07887673        -1.05404651E-21
   1.20566940        -1.58003382E-21
   1.33246195        -1.80035881E-21
   1.45925462        -1.41941477E-21
   1.58604729        -1.79636464E-22
   1.71283996         2.01429041E-21
   1.83963263         4.95393137E-21
   1.96642530         8.00847350E-21
   2.09321785         1.00818025E-20
   2.22001052         9.69841642E-21
   2.34680319         5.25306662E-21
   2.47359586        -4.57902590E-21
   2.60038853        -2.03276130E-20
   2.72718120        -4.12206104E-20
   2.85397387        -6.48365554E-20
   2.98076653        -8.70735872E-20
   3.10755920        -1.02548876E-19
   3.23435187        -1.05452319E-19
   3.36114454        -9.07592197E-20
   3.48793697        -5.55902207E-20
   3.61472964        -4.35225744E-22
   3.74152231         7.00392630E-20
   3.86831498         1.46798360E-19
   3.99510765         2.16921653E-19
   4.12190056         2.64691256E-19
   4.24869299         2.73142483E-19
   4.37548542         2.25983443E-19
   4.50227833         1.09920904E-19
   4.62907076        -8.24257563E-20
   4.75586367        -3.48827544E-19
   4.88265610        -6.73034937E-19
   5.00944901        -1.02031705E-18
   5.13624144        -1.33444251E-18
   5.26303434        -1.53838171E-18
   5.38982677        -1.54130094E-18
   5.51661968        -1.25379353E-18
   5.64341211        -6.11454235E-19
   5.77020502         3.96015536E-19
   5.89699745         1.69631438E-18
   6.02379036         3.11557598E-18
   6.15058279         4.37865286E-18
   6.27737522         5.13629695E-18
   6.40416813         5.02149503E-18
   6.53096056         3.72931319E-18
   6.65775347         1.10593655E-18
   6.78454590        -2.77421199E-18
   6.91133881        -7.56655690E-18
   7.03813124        -1.26689337E-17
   7.16492414        -1.72970795E-17
   7.29171658        -2.06160888E-17
   7.41850948        -2.19042273E-17
   7.54530191        -2.07124255E-17
   7.67209482        -1.69777051E-17
   7.79888725        -1.10542366E-17
   7.92567968        -3.64243317E-18
   8.05247211         4.37898663E-18
   8.17926502         1.21851356E-17
   8.30605793         1.92444049E-17
   8.43285084         2.54942508E-17
   8.55964279         3.13830108E-17
   8.68643570         3.77265100E-17
   8.81322861         4.53638520E-17
   8.94002151         5.46469096E-17
   9.06681347         6.48547584E-17
   9.19360638         7.36791278E-17
   9.32039928         7.69649672E-17
   9.44719219         6.89000621E-17
   9.57398415         4.28119932E-17
   9.70077705        -7.35898502E-18
   9.82756996        -8.49858067E-17
   9.95436192        -1.88342527E-16
   10.0811548        -3.08314566E-16
   10.2079477        -4.26857489E-16
   10.3347406        -5.16903285E-16
   10.4615326        -5.44344453E-16
   10.5883255        -4.72472807E-16
   10.7151184        -2.68819776E-16
   10.8419113         8.62243144E-17
   10.9687033         5.90243210E-16
   11.0954962         1.21083455E-15
   11.2222891         1.88088769E-15
   11.3490820         2.49905678E-15
   11.4758739         2.93685042E-15
   11.6026669         3.05282766E-15
   11.7294598         2.71309672E-15
   11.8562517         1.81593890E-15
   11.9830446         3.17118018E-16
   12.1098375        -1.74836695E-15
   12.2366304        -4.25251536E-15
   12.3634224        -6.97230046E-15
   12.4902153        -9.60175543E-15
   12.6170082        -1.17784598E-14
   12.7438011        -1.31223420E-14
   12.8705931        -1.32824736E-14
   12.9973860        -1.19857627E-14
   13.1241789        -9.08066414E-15
   13.2509708        -4.56925994E-15
   13.3777637         1.37726297E-15
   13.5045567         8.42241536E-15
   13.6313496         1.60869056E-14
   13.7581415         2.37863420E-14
   13.8849344         3.08780745E-14
   14.0117273         3.67099675E-14
   14.1385202         4.06640901E-14
   14.2653122         4.21903486E-14
   14.3921051         4.08282010E-14
   14.5188980         3.62185427E-14
   14.6456909         2.81116191E-14
   14.7724829         1.63789677E-14
   14.8992758         1.03822893E-15
   15.0260687        -1.77032258E-14
   15.1528606        -3.93845384E-14
   15.2796535        -6.32134454E-14
   15.4064465        -8.79878445E-14
   15.5332394        -1.12038369E-13
   15.6600313        -1.33217263E-13
   15.7868242        -1.48959119E-13
   15.9136171        -1.56433948E-13
   16.0404091        -1.52801328E-13
   16.1672020        -1.35558286E-13
   16.2939949        -1.02954368E-13
   16.4207878        -5.44281485E-14
   16.5475807         8.99508756E-15
   16.6743736         8.44151883E-14
   16.8011646         1.66945518E-13
   16.9279575         2.49834224E-13
   17.0547504         3.24849143E-13
   17.1815434         3.82927576E-13
   17.3083363         4.15052622E-13
   17.4351292         4.13282879E-13
   17.5619221         3.71832149E-13
   17.6887150         2.88076149E-13
   17.8155060         1.63359601E-13
   17.9422989         3.48865935E-15
   18.0690918        -1.81177230E-13
   18.1958847        -3.76084743E-13
   18.3226776        -5.63295992E-13
   18.4494705        -7.22709598E-13
   18.5762634        -8.33606459E-13
   18.7030544        -8.76413146E-13
   18.8298473        -8.34553563E-13
   18.9566402        -6.96261625E-13
   19.0834332        -4.56235744E-13
   19.2102261        -1.17027359E-13
   19.3370190         3.09927051E-13
   19.4638119         8.03711806E-13
   19.5906048         1.33384525E-12
   19.7173958         1.86078778E-12
   19.8441887         2.33711423E-12
   19.9709816         2.70943554E-12
   20.0977745         2.92113621E-12
   20.2245674         2.91595741E-12
   20.3513603         2.64239151E-12
   20.4781532         2.05878413E-12
   20.6049442         1.13890082E-12
   20.7317371        -1.22390881E-13
   20.8585300        -1.70380431E-12
   20.9853230        -3.55325860E-12
   21.1121159        -5.58506453E-12
   21.2389088        -7.67934154E-12
   21.3657017        -9.68416146E-12
   21.4924946        -1.14208365E-11
   21.6192856        -1.26925076E-11
   21.7460785        -1.32959086E-11
   21.8728714        -1.30358510E-11
   21.9996643        -1.17416805E-11
   22.1264572        -9.28472316E-12
   22.2532501        -5.59544295E-12
   22.3800430        -6.79015546E-13
   22.5068340         5.37206260E-12
   22.6336269         1.23695281E-11
   22.7604198         2.00262532E-11
   22.8872128         2.79591263E-11
   23.0140057         3.56986003E-11
   23.1407986         4.27048778E-11
   23.2675915         4.83906630E-11
   23.3943844         5.21498018E-11
   23.5211754         5.33909479E-11
   23.6479683         5.15749804E-11
   23.7747612         4.62547431E-11
   23.9015541         3.71149361E-11
   24.0283470         2.40106268E-11
   24.1551399         7.00150831E-12
   24.2819328        -1.36200140E-11
   24.4087238        -3.73095860E-11
   24.5355167        -6.32626659E-11
   24.6623096        -9.04191652E-11
   24.7891026        -1.17482843E-10
   24.9158955        -1.42955772E-10
   25.0426884        -1.65189112E-10
   25.1694813        -1.82447946E-10
   25.2962742        -1.92990096E-10
   25.4230652        -1.95155225E-10
   25.5498581        -1.87462115E-10
   25.6766510        -1.68708353E-10
   25.8034439        -1.38069681E-10
   25.9302368        -9.51929993E-11
   26.0570297        -4.02777846E-11
   26.1838226         2.58580258E-11
   26.3106136         1.01733462E-10
   26.4374065         1.85184812E-10
   26.5641994         2.73374989E-10
   26.6909924         3.62834290E-10
   26.8177853         4.49535464E-10
   26.9445782         5.29001787E-10
   27.0713711         5.96452165E-10
   27.1981640         6.46975140E-10
   27.3249550         6.75733691E-10
   27.4517479         6.78194056E-10
   27.5785408         6.50369814E-10
   27.7053337         5.89073290E-10
   27.8321266         4.92166141E-10
   27.9589195         3.58793051E-10
   28.0857124         1.89588248E-10
   28.2125034        -1.31579461E-11
   28.3392963        -2.45387044E-10
   28.4660892        -5.01226227E-10
   28.5928822        -7.73017483E-10
   28.7196751        -1.05143094E-09
   28.8464680        -1.32566602E-09
   28.9732609        -1.58374136E-09
   29.1000538        -1.81287019E-09
   29.2268448        -1.99991290E-09
   29.3536377        -2.13189577E-09
   29.4804306        -2.19657337E-09
   29.6072235        -2.18302620E-09
   29.7340164        -2.08225415E-09
   29.8608093        -1.88775107E-09
   29.9876022        -1.59602898E-09
   30.1143932        -1.20705856E-09
   30.2411861        -7.24613702E-10
   30.3679790        -1.56479954E-10
   30.4947720         4.85480656E-10
   30.6215649         1.18543020E-09
   30.7483578         1.92381555E-09
   30.8751507         2.67781530E-09
   31.0019417         3.42192874E-09
   31.1287346         4.12872758E-09
   31.2555275         4.76971174E-09
   31.3823204         5.31628030E-09
   31.5091133         5.74075232E-09
   31.6359062         6.01739458E-09
   31.7626991         6.12345774E-09
   31.8894920         6.04012973E-09
   32.0162849         5.75340708E-09
   32.1430779         5.25482768E-09
   32.2698708         4.54205429E-09
   32.3966637         3.61925490E-09
   32.5234528         2.49732035E-09
   32.6502457         1.19384502E-09
   32.7770386        -2.67069311E-10
   32.9038315        -1.85522475E-09
   33.0306244        -3.53489660E-09
   33.1574173        -5.26559862E-09
   33.2842102        -7.00294267E-09
   33.4110031        -8.69966854E-09
   33.5377960        -1.03066977E-08
   33.6645889        -1.17743335E-08
   33.7913818        -1.30534206E-08
   33.9181747        -1.40965808E-08
   34.0449677        -1.48594133E-08
   34.1717606        -1.53016924E-08
   34.2985535        -1.53885260E-08
   34.4253426        -1.50914481E-08
   34.5521355        -1.43894345E-08
   34.6789284        -1.32698359E-08
   34.8057213        -1.17291838E-08
   34.9325142        -9.77386616E-09
   35.0593071        -7.42061834E-09
   35.1861000        -4.69683403E-09
   35.3128929        -1.64064318E-09
   35.4396858         1.69925407E-09
   35.5664787         5.26403854E-09
   35.6932716         8.98553054E-09
   35.8200645         1.27872113E-08
   35.9468575         1.65856235E-08
   36.0736504         2.02920294E-08
   36.2004433         2.38143443E-08
   36.3272324         2.70593894E-08
   36.4540253         2.99352543E-08
   36.5808182         3.23538814E-08
   36.7076111         3.42336897E-08
   36.8344040         3.55021577E-08
   36.9611969         3.60984238E-08
   37.0879898         3.59755603E-08
   37.2147827         3.51026870E-08
   37.3415756         3.34666659E-08
   37.4683685         3.10733661E-08
   37.5951614         2.79484418E-08
   37.7219543         2.41374725E-08
   37.8487473         1.97056007E-08
   37.9755402         1.47364307E-08
   38.1023293         9.33035693E-09
   38.2291222         3.60226493E-09
   38.3559151        -2.32134312E-09
   38.4827080        -8.30575608E-09
   38.6095009        -1.42118353E-08
   38.7362938        -1.99001562E-08
   38.8630867        -2.52353569E-08
   38.9898796        -3.00905754E-08
   39.1166725        -3.43518316E-08
   39.2434654        -3.79221738E-08
   39.3702583        -4.07255456E-08
   39.4970512        -4.27101270E-08
   39.6238441        -4.38511414E-08
   39.7506371        -4.41528236E-08
   39.8774300        -4.36496883E-08
   40.0042191        -4.24067679E-08
   40.1310120        -4.05189695E-08
   40.2578049        -3.81093486E-08
   40.3845978        -3.53263303E-08
   40.5113907        -3.23399618E-08
   40.6381836        -2.93371230E-08
   40.7649765        -2.65157745E-08
   40.8917694        -2.40784583E-08
   41.0185623        -2.22250058E-08
   41.1453552        -2.11446611E-08
   41.2721481        -2.10078266E-08
   41.3989410        -2.19575451E-08
   41.5257339        -2.41010145E-08
   41.6525269        -2.75012457E-08
   41.7793198        -3.21692362E-08
   41.9061089        -3.80567435E-08
   42.0329018        -4.50500934E-08
   42.1596947        -5.29650315E-08
   42.2864876        -6.15431901E-08
   42.4132805        -7.04499996E-08
   42.5400734        -7.92745425E-08
   42.6668663        -8.75315322E-08
   42.7936592        -9.46653458E-08
   42.9204521        -1.00056155E-07
   43.0472450        -1.03028846E-07
   43.1740379        -1.02863488E-07
   43.3008308        -9.88087905E-08
   43.4276237        -9.00968402E-08
   43.5544167        -7.59600596E-08
   43.6812096        -5.56496325E-08
   43.8079987        -2.84545738E-08
   43.9347916         6.27799279E-09
   44.0615845         4.91228533E-08
   44.1883774         1.00556939E-07
   44.3151703         1.60940559E-07
   44.4419632         2.30500248E-07
   44.5687561         3.09313606E-07
   44.6955490         3.97296901E-07
   44.8223419         4.94195660E-07
   44.9491348         5.99578527E-07
   45.0759277         7.12835458E-07
   45.2027206         8.33178774E-07
   45.3295135         9.59650038E-07
   45.4563065         1.09112807E-06
   45.5830994         1.22634322E-06
   45.7098885         1.36389485E-06
   45.8366814         1.50226788E-06
   45.9634743         1.63985897E-06
   46.0902672         1.77499635E-06
   46.2170601         1.90596802E-06
   46.3438530         2.03104582E-06
   46.4706459         2.14851070E-06
   46.5974388         2.25667782E-06
   46.7242317         2.35392076E-06
   46.8510246         2.43869454E-06
   46.9778175         2.50955327E-06
   47.1046104         2.56517114E-06
   47.2314034         2.60435763E-06
   47.3581963         2.62607159E-06
   47.4849892         2.62943240E-06
   47.6117783         2.61373361E-06
   47.7385712         2.57844886E-06
   47.8653641         2.52323980E-06
   47.9921570         2.44796342E-06
   48.1189499         2.35267862E-06
   48.2457428         2.23764550E-06
   48.3725357         2.10333269E-06
   48.4993286         1.95042185E-06
   48.6261215         1.77979950E-06
   48.7529144         1.59256160E-06
   48.8797073         1.39000997E-06
   49.0065002         1.17364141E-06
   49.1332932         9.45138140E-07
   49.2600861         7.06351614E-07
   49.3868790         4.59281893E-07
   49.5136681         2.06059013E-07
   49.6404610        -5.11038003E-08
   49.7672539        -3.09930414E-07
   49.8940468        -5.68135363E-07
   50.0208397        -8.23472647E-07
   50.1476326        -1.07377855E-06
   50.2744255        -1.31704280E-06
   50.4012184        -1.55145847E-06
   50.5280113        -1.77548372E-06
   50.6548042        -1.98790781E-06
   50.7815971        -2.18790410E-06
   50.9083900        -2.37508175E-06
   51.0351830        -2.54953579E-06
   51.1619759        -2.71188333E-06
   51.2887688        -2.86328850E-06
   51.4155579        -3.00547549E-06
   51.5423508        -3.14072872E-06
   51.6691437        -3.27187627E-06
   51.7959366        -3.40224551E-06
   51.9227295        -3.53562291E-06
   52.0495224        -3.67617508E-06
   52.1763153        -3.82836561E-06
   52.3031082        -3.99684359E-06
   52.4299011        -4.18632908E-06
   52.5566940        -4.40147960E-06
   52.6834869        -4.64675168E-06
   52.8102798        -4.92624804E-06
   52.9370728        -5.24356892E-06
   53.0638657        -5.60166609E-06
   53.1906586        -6.00269732E-06
   53.3174477        -6.44789225E-06
   53.4442406        -6.93743914E-06
   53.5710335        -7.47038666E-06
   53.6978264        -8.04456613E-06
   53.8246193        -8.65654420E-06
   53.9514122        -9.30161605E-06
   54.0782051        -9.97381267E-06
   54.2049980        -1.06659463E-05
   54.3317909        -1.13697106E-05
   54.4585838        -1.20757968E-05
   54.5853767        -1.27740432E-05
   54.7121696        -1.34536240E-05
   54.8389626        -1.41032706E-05
   54.9657555        -1.47115106E-05
   55.0925484        -1.52669090E-05
   55.2193375        -1.57583509E-05
   55.3461304        -1.61753487E-05
   55.4729233        -1.65082693E-05
   55.5997162        -1.67486432E-05
   55.7265091        -1.68894185E-05
   55.8533020        -1.69251944E-05
   55.9800949        -1.68524239E-05
   56.1068878        -1.66696227E-05
   56.2336807        -1.63774657E-05
   56.3604736        -1.59789270E-05
   56.4872665        -1.54792888E-05
   56.6140594        -1.48861818E-05
   56.7408524        -1.42094950E-05
   56.8676453        -1.34613092E-05
   56.9944382        -1.26557243E-05
   57.1212273        -1.18086709E-05
   57.2480202        -1.09376597E-05
   57.3748131        -1.00615071E-05
   57.5016060        -9.20001821E-06
   57.6283989        -8.37362495E-06
   57.7551918        -7.60303328E-06
   57.8819847        -6.90882371E-06
   58.0087776        -6.31106968E-06
   58.1355705        -5.82892653E-06
   58.2623634        -5.48024991E-06
   58.3891563        -5.28122109E-06
   58.5159492        -5.24598181E-06
   58.6427422        -5.38631548E-06
   58.7695351        -5.71133842E-06
   58.8963280        -6.22726429E-06
   59.0231171        -6.93716811E-06
   59.1499100        -7.84084386E-06
   59.2767029        -8.93469405E-06
   59.4034958        -1.02116710E-05
   59.5302887        -1.16612982E-05
   59.6570816        -1.32697405E-05
   59.7838745        -1.50199203E-05
   59.9106674        -1.68917395E-05
   60.0374603        -1.88623308E-05
   60.1642532        -2.09063492E-05
   60.2910461        -2.29963825E-05
   60.4178391        -2.51033380E-05
   60.5446320        -2.71969402E-05
   60.6714249        -2.92462064E-05
   60.7982178        -3.12199991E-05
   60.9250069        -3.30875810E-05
   61.0517998        -3.48191570E-05
   61.1785927        -3.63864710E-05
   61.3053856        -3.77633369E-05
   61.4321785        -3.89261695E-05
   61.5589714        -3.98544471E-05
   61.6857643        -4.05312312E-05
   61.8125572        -4.09434579E-05
   61.9393501        -4.10823013E-05
   62.0661430        -4.09433705E-05
   62.1929359        -4.05269202E-05
   62.3197289        -3.98378143E-05
   62.4465218        -3.88855697E-05
   62.5733147        -3.76841199E-05
   62.7001076        -3.62516912E-05
   62.8268967        -3.46103952E-05
   62.9536896        -3.27858579E-05
   63.0804825        -3.08067101E-05
   63.2072754        -2.87040693E-05
   63.3340683        -2.65109356E-05
   63.4608612        -2.42615406E-05
   63.5876541        -2.19907379E-05
   63.7144470        -1.97333247E-05
   63.8412399        -1.75234327E-05
   63.9680328        -1.53939091E-05
   64.0948257        -1.33757740E-05
   64.2216187        -1.14977420E-05
   64.3484116        -9.78578100E-06
   64.4752045        -8.26279302E-06
   64.6019974        -6.94834262E-06
   64.7287903        -5.85851467E-06
   64.8555832        -5.00582291E-06
   64.9823761        -4.39922633E-06
   65.1091690        -4.04421235E-06
   65.2359619        -3.94296330E-06
   65.3627548        -4.09455333E-06
   65.4895477        -4.49522076E-06
   65.6163330        -5.13864825E-06
   65.7431259        -6.01626516E-06
   65.8699188        -7.11755729E-06
   65.9967117        -8.43035286E-06
   66.1235046        -9.94109905E-06
   66.2502975        -1.16350820E-05
   66.3770905        -1.34966340E-05
   66.5038834        -1.55092785E-05
   66.6306763        -1.76558078E-05
   66.7574692        -1.99183778E-05
   66.8842621        -2.22784765E-05
   67.0110550        -2.47169137E-05
   67.1378479        -2.72137913E-05
   67.2646408        -2.97484294E-05
   67.3914337        -3.22992710E-05
   67.5182266        -3.48439062E-05
   67.6450195        -3.73589755E-05
   67.7718124        -3.98202028E-05
   67.8986053        -4.22025005E-05
   68.0253983        -4.44800389E-05
   68.1521912        -4.66264355E-05
   68.2789841        -4.86150566E-05
   68.4057770        -5.04192976E-05
   68.5325699        -5.20129870E-05
   68.6593628        -5.33707935E-05
   68.7861557        -5.44687791E-05
   68.9129486        -5.52848796E-05
   69.0397415        -5.57994535E-05
   69.1665344        -5.59957844E-05
   69.2933273        -5.58607098E-05
   69.4201126        -5.53849568E-05
   69.5469055        -5.45636722E-05
   69.6736984        -5.33966922E-05
   69.8004913        -5.18888519E-05
   69.9272842        -5.00500828E-05
   70.0540771        -4.78954425E-05
   70.1808701        -4.54450565E-05
   70.3076630        -4.27238192E-05
   70.4344559        -3.97611111E-05
   70.5612488        -3.65903361E-05
   70.6880417        -3.32482668E-05
   70.8148346        -2.97744918E-05
   70.9416275        -2.62105696E-05
   71.0684204        -2.25993172E-05
   71.1952133        -1.89839575E-05
   71.3220062        -1.54072968E-05
   71.4487991        -1.19108909E-05
   71.5755920        -8.53431538E-06
   71.7023849        -5.31444584E-06
   71.8291779        -2.28483282E-06
   71.9559708         5.24782536E-07
   72.0827637         3.08889071E-06
   72.2095566         5.38646964E-06
   72.3363495         7.40111727E-06
   72.4631424         9.12106407E-06
   72.5899353         1.05390145E-05
   72.7167282         1.16519432E-05
   72.8435211         1.24606968E-05
   72.9703140         1.29695636E-05
   73.0971069         1.31857323E-05
   73.2238922         1.31187307E-05
   73.3506851         1.27798103E-05
   73.4774780         1.21813355E-05
   73.6042709         1.13361757E-05
   73.7310638         1.02571694E-05
   73.8578568         8.95661287E-06
   73.9846497         7.44585259E-06
   74.1114426         5.73494071E-06
   74.2382355         3.83243378E-06
   74.3650284         1.74525394E-06
   74.4918213        -5.21297011E-07
   74.6186142        -2.96345024E-06
   74.7454071        -5.57875683E-06
   74.8722000        -8.36578693E-06
   74.9989929        -1.13237602E-05
   75.1257858        -1.44521155E-05
   75.2525787        -1.77500169E-05
   75.3793716        -2.12158739E-05
   75.5061646        -2.48468186E-05
   75.6329575        -2.86382492E-05
   75.7597504        -3.25833535E-05
   75.8865433        -3.66727836E-05
   76.0133362        -4.08942687E-05
   76.1401291        -4.52324675E-05
   76.2669220        -4.96688081E-05
   76.3937149        -5.41814225E-05
   76.5205078        -5.87453142E-05
   76.6473007        -6.33324598E-05
   76.7740936        -6.79121440E-05
   76.9008865        -7.24513011E-05
   77.0276718        -7.69149992E-05
   77.1544647        -8.12668950E-05
   77.2812576        -8.54698737E-05
   77.4080505        -8.94865807E-05
   77.5348434        -9.32800758E-05
   77.6616364        -9.68144741E-05
   77.7884293        -1.00055397E-04
   77.9152222        -1.02970727E-04
   78.0420151        -1.05530846E-04
   78.1688080        -1.07709348E-04
   78.2956009        -1.09483204E-04
   78.4223938        -1.10833040E-04
   78.5491867        -1.11743364E-04
   78.6759796        -1.12202673E-04
   78.8027725        -1.12203437E-04
   78.9295654        -1.11741887E-04
   79.0563583        -1.10818022E-04
   79.1831512        -1.09435263E-04
   79.3099442        -1.07600135E-04
   79.4367371        -1.05321931E-04
   79.5635300        -1.02612386E-04
   79.6903229        -9.94850707E-05
   79.8171158        -9.59551835E-05
   79.9439087        -9.20389721E-05
   80.0707016        -8.77534112E-05
   80.1974945        -8.31158104E-05
   80.3242874        -7.81434937E-05
   80.4510803        -7.28535597E-05
   80.5778732        -6.72626484E-05
   80.7046585        -6.13867887E-05
   80.8314514        -5.52413767E-05
   80.9582443        -4.88411169E-05
   81.0850372        -4.22001649E-05
   81.2118301        -3.53321811E-05
   81.3386230        -2.82506062E-05
   81.4654160        -2.09687896E-05
   81.5922089        -1.35003702E-05
   81.7190018        -5.85949192E-06
   81.8457947         1.93886854E-06
   81.9725876         9.87857038E-06
   82.0993805         1.79420895E-05
   82.2261734         2.61102232E-05
   82.3529663         3.43618885E-05
   82.4797592         4.26740044E-05
   82.6065521         5.10213904E-05
   82.7333450         5.93767327E-05
   82.8601379         6.77107018E-05
   82.9869308         7.59920877E-05
   83.1137238         8.41879955E-05
   83.2405167         9.22641993E-05
   83.3673096         1.00185454E-04
   83.4941025         1.07916050E-04
   83.6208954         1.15420116E-04
   83.7476883         1.22662357E-04
   83.8744812         1.29608408E-04
   84.0012741         1.36225557E-04
   84.1280670         1.42483157E-04
   84.2548599         1.48353254E-04
   84.3816528         1.53810994E-04
   84.5084381         1.58835130E-04
   84.6352310         1.63408331E-04
   84.7620239         1.67517515E-04
   84.8888168         1.71153981E-04
   85.0156097         1.74313536E-04
   85.1424026         1.76996633E-04
   85.2691956         1.79208015E-04
   85.3959885         1.80956835E-04
   85.5227814         1.82256190E-04
   85.6495743         1.83122771E-04
   85.7763672         1.83576703E-04
   85.9031601         1.83640688E-04
   86.0299530         1.83339842E-04
   86.1567459         1.82700882E-04
   86.2835388         1.81751893E-04
   86.4103317         1.80521660E-04
   86.5371246         1.79039038E-04
   86.6639175         1.77332768E-04
   86.7907104         1.75430891E-04
   86.9175034         1.73360517E-04
   87.0442963         1.71147549E-04
   87.1710892         1.68816448E-04
   87.2978821         1.66390266E-04
   87.4246750         1.63890465E-04
   87.5514679         1.61337142E-04
   87.6782608         1.58748968E-04
   87.8050537         1.56143578E-04
   87.9318466         1.53537563E-04
   88.0586395         1.50946842E-04
   88.1854324         1.48386869E-04
   88.3122177         1.45872837E-04
   88.4390106         1.43419937E-04
   88.5658035         1.41043434E-04
   88.6925964         1.38758944E-04
   88.8193893         1.36582195E-04
   88.9461823         1.34529386E-04
   89.0729752         1.32616740E-04
   89.1997681         1.30860484E-04
   89.3265610         1.29276581E-04
   89.4533539         1.27880354E-04
   89.5801468         1.26686253E-04
   89.7069397         1.25707185E-04
   89.8337326         1.24954313E-04
   89.9605255         1.24436439E-04
   90.0873184         1.24159560E-04
   90.2141113         1.24126498E-04
   90.3409042         1.24336526E-04
   90.4676971         1.24784943E-04
   90.5944901         1.25462975E-04
   90.7212830         1.26357540E-04
   90.8480759         1.27451262E-04
   90.9748688         1.28722502E-04
   91.1016617         1.30145607E-04
   91.2284546         1.31691238E-04
   91.3552475         1.33326685E-04
   91.4820404         1.35016555E-04
   91.6088333         1.36723291E-04
   91.7356262         1.38407893E-04
   91.8624191         1.40030679E-04
   91.9892120         1.41552126E-04
   92.1159973         1.42933699E-04
   92.2427902         1.44138568E-04
   92.3695831         1.45132479E-04
   92.4963760         1.45884478E-04
   92.6231689         1.46367587E-04
   92.7499619         1.46559309E-04
   92.8767548         1.46442195E-04
   93.0035477         1.46004168E-04
   93.1303406         1.45238693E-04
   93.2571335         1.44144899E-04
   93.3839264         1.42727600E-04
   93.5107193         1.40996912E-04
   93.6375122         1.38968229E-04
   93.7643051         1.36661591E-04
   93.8910980         1.34101181E-04
   94.0178909         1.31314824E-04
   94.1446838         1.28333166E-04
   94.2714767         1.25189064E-04
   94.3982697         1.21916702E-04
   94.5250626         1.18550910E-04
   94.6518555         1.15126371E-04
   94.7786484         1.11676825E-04
   94.9054413         1.08234468E-04
   95.0322342         1.04829182E-04
   95.1590271         1.01488054E-04
   95.2858200         9.82348065E-05
   95.4126129         9.50894755E-05
   95.5394058         9.20679449E-05
   95.6661987         8.91818199E-05
   95.7929916         8.64382309E-05
   95.9197769         8.38397755E-05
   96.0465698         8.13845545E-05
   96.1733627         7.90662962E-05
   96.3001556         7.68744212E-05
   96.4269485         7.47944068E-05
   96.5537415         7.28079904E-05
   96.6805344         7.08935695E-05
   96.8073273         6.90265369E-05
   96.9341202         6.71797752E-05
   97.0609131         6.53240641E-05
   97.1877060         6.34285898E-05
   97.3144989         6.14614692E-05
   97.4412918         5.93903060E-05
   97.5680847         5.71827295E-05
   97.6948776         5.48069693E-05
   97.8216705         5.22324735E-05
   97.9484634         4.94304841E-05
   98.0752563         4.63746328E-05
   98.2020493         4.30415530E-05
   98.3288422         3.94114468E-05
   98.4556351         3.54686672E-05
   98.5824280         3.12022275E-05
   98.7092209         2.66063344E-05
   98.8360138         2.16807512E-05
   98.9628067         1.64312569E-05
   99.0895996         1.08698569E-05
   99.2163925         5.01500153E-06
   99.3431854        -1.10833787E-06
   99.4699783        -7.46871547E-06
   99.5967712        -1.40283873E-05
   99.7235565        -2.07436133E-05
   99.8503494        -2.75651273E-05
   99.9771423        -3.44387299E-05
   100.103935        -4.13059824E-05
   100.230728        -4.81051429E-05
   100.357521        -5.47720338E-05
   100.484314        -6.12412259E-05
   100.611107        -6.74470866E-05
   100.737900        -7.33250490E-05
   100.864693        -7.88128091E-05
   100.991486        -8.38515552E-05
   101.118279        -8.83871544E-05
   101.245071        -9.23713087E-05
   101.371864        -9.57625161E-05
   101.498657        -9.85270453E-05
   101.625450        -1.00639685E-04
   101.752243        -1.02084261E-04
   101.879036        -1.02854086E-04
   102.005829        -1.02952123E-04
   102.132622        -1.02391008E-04
   102.259415        -1.01192702E-04
   102.386208        -9.93880676E-05
   102.513000        -9.70163164E-05
   102.639793        -9.41240214E-05
   102.766586        -9.07642316E-05
   102.893379        -8.69953001E-05
   103.020172        -8.28796692E-05
   103.146965        -7.84826625E-05
   103.273758        -7.38710078E-05
   103.400551        -6.91117020E-05
   103.527336        -6.42706436E-05
   103.654129        -5.94114827E-05
   103.780922        -5.45945404E-05
   103.907715        -4.98758636E-05
   104.034508        -4.53064349E-05
   104.161301        -4.09315289E-05
   104.288094        -3.67903012E-05
   104.414886        -3.29155046E-05
   104.541679        -2.93334269E-05
   104.668472        -2.60639517E-05
   104.795265        -2.31208342E-05
   104.922058        -2.05120377E-05
   105.048851        -1.82402509E-05
   105.175644        -1.63034110E-05
   105.302437        -1.46953553E-05
   105.429230        -1.34064294E-05
   105.556023        -1.24241342E-05
   105.682816        -1.17337177E-05
   105.809608        -1.13187343E-05
   105.936401        -1.11615200E-05
   106.063194        -1.12435891E-05
   106.189987        -1.15459443E-05
   106.316780        -1.20492878E-05
   106.443573        -1.27341655E-05
   106.570366        -1.35810051E-05
   106.697159        -1.45701415E-05
   106.823952        -1.56817387E-05
   106.950745        -1.68957431E-05
   107.077538        -1.81917949E-05
   107.204330        -1.95491975E-05
   107.331116        -2.09468890E-05
   107.457909        -2.23635070E-05
   107.584702        -2.37775021E-05
   107.711494        -2.51673537E-05
   107.838287        -2.65118451E-05
   107.965080        -2.77904583E-05
   108.091873        -2.89837844E-05
   108.218666        -3.00740758E-05
   108.345459        -3.10457654E-05
   108.472252        -3.18860148E-05
   108.599045        -3.25852670E-05
   108.725838        -3.31377341E-05
   108.852631        -3.35417717E-05
   108.979424        -3.38002064E-05
   109.106216        -3.39204817E-05
   109.233009        -3.39146209E-05
   109.359802        -3.37990496E-05
   109.486595        -3.35942204E-05
   109.613388        -3.33240059E-05
   109.740181        -3.30149887E-05
   109.866974        -3.26954796E-05
   109.993767        -3.23944842E-05
   110.120560        -3.21405278E-05
   110.247353        -3.19603678E-05
   110.374146        -3.18777747E-05
   110.500938        -3.19122664E-05
   110.627731        -3.20779327E-05
   110.754524        -3.23824061E-05
   110.881317        -3.28259666E-05
   111.008102        -3.34009419E-05
   111.134895        -3.40912229E-05
   111.261688        -3.48721624E-05
   111.388481        -3.57107383E-05
   111.515274        -3.65659835E-05
   111.642067        -3.73897274E-05
   111.768860        -3.81276259E-05
   111.895653        -3.87204091E-05
   112.022446        -3.91053909E-05
   112.149239        -3.92181028E-05
   112.276031        -3.89941051E-05
   112.402824        -3.83708066E-05
   112.529617        -3.72893410E-05
   112.656410        -3.56963537E-05
   112.783203        -3.35457662E-05
   112.909996        -3.08002527E-05
   113.036789        -2.74326612E-05
   113.163582        -2.34270719E-05
   113.290375        -1.87796468E-05
   113.417168        -1.34991687E-05
   113.543961        -7.60723697E-06
   113.670753        -1.13819851E-06
   113.797546         5.86126089E-06
   113.924339         1.33327885E-05
   114.051132         2.12073774E-05
   114.177925         2.94064794E-05
   114.304718         3.78434779E-05
   114.431511         4.64251789E-05
   114.558304         5.50535260E-05
   114.685097         6.36272962E-05
   114.811882         7.20438838E-05
   114.938675         8.02011054E-05
   115.065468         8.79988002E-05
   115.192261         9.53404960E-05
   115.319054         1.02134960E-04
   115.445847         1.08297420E-04
   115.572639         1.13750968E-04
   115.699432         1.18427350E-04
   115.826225         1.22267986E-04
   115.953018         1.25224629E-04
   116.079811         1.27259787E-04
   116.206604         1.28347019E-04
   116.333397         1.28471234E-04
   116.460190         1.27628518E-04
   116.586983         1.25826104E-04
   116.713776         1.23082005E-04
   116.840569         1.19424738E-04
   116.967361         1.14892697E-04
   117.094154         1.09533714E-04
   117.220947         1.03404236E-04
   117.347740         9.65687359E-05
   117.474533         8.90988085E-05
   117.601326         8.10724305E-05
   117.728119         7.25730206E-05
   117.854912         6.36884579E-05
   117.981705         5.45102630E-05
   118.108498         4.51325541E-05
   118.235291         3.56510500E-05
   118.362083         2.61620899E-05
   118.488876         1.67616472E-05
   118.615662         7.54431312E-06
   118.742455        -1.39769759E-06
   118.869247        -9.97549432E-06
   118.996040        -1.81044652E-05
   119.122833        -2.57051652E-05
   119.249626        -3.27042071E-05
   119.376419        -3.90350324E-05
   119.503212        -4.46386584E-05
   119.630005        -4.94643864E-05
   119.756798        -5.34703322E-05
   119.883591        -5.66239942E-05
   120.010384        -5.89025622E-05
   120.137177        -6.02933469E-05
   120.263969        -6.07939073E-05
   120.390762        -6.04121124E-05
   120.517555        -5.91661556E-05
   120.644348        -5.70843840E-05
   120.771141        -5.42049966E-05
   120.897934        -5.05756616E-05
   121.024727        -4.62529460E-05
   121.151520        -4.13016824E-05
   121.278313        -3.57941644E-05
   121.405106        -2.98092091E-05
   121.531898        -2.34311829E-05
   121.658691        -1.67488124E-05
   121.785484        -9.85401039E-06
   121.912277        -2.84054499E-06
   122.039070         4.19731987E-06
   122.165863         1.11662193E-05
   122.292656         1.79751005E-05
   122.419441         2.45366282E-05
   122.546234         3.07685514E-05
   122.673027         3.65949709E-05
   122.799820         4.19475691E-05
   122.926613         4.67666323E-05
   123.053406         5.10019963E-05
   123.180199         5.46137016E-05
   123.306992         5.75725571E-05
   123.433784         5.98604529E-05
   123.560577         6.14703240E-05
   123.687370         6.24060849E-05
   123.814163         6.26821129E-05
   123.940956         6.23226588E-05
   124.067749         6.13609445E-05
   124.194542         5.98381121E-05
   124.321335         5.78020772E-05
   124.448128         5.53060636E-05
   124.574921         5.24073475E-05
   124.701714         4.91657011E-05
   124.828506         4.56419621E-05
   124.955299         4.18967102E-05
   125.082092         3.79889316E-05
   125.208885         3.39749058E-05
   125.335678         2.99072108E-05
   125.462471         2.58339951E-05
   125.589264         2.17983743E-05
   125.716057         1.78381633E-05
   125.842850         1.39857293E-05
   125.969643         1.02681433E-05
   126.096436         6.70746385E-06
   126.223221         3.32121726E-06
   126.350014         1.23009585E-07
   126.476807        -2.87680882E-06
   126.603600        -5.67036977E-06
   126.730392        -8.25157895E-06
   126.857185        -1.06154157E-05
   126.983978        -1.27572985E-05
   127.110771        -1.46725979E-05
   127.237564        -1.63562709E-05
   127.364357        -1.78026530E-05
   127.491150        -1.90054434E-05
   127.617943        -1.99578335E-05
   127.744736        -2.06528057E-05
   127.871529        -2.10835860E-05
   127.998322        -2.12441973E-05
   128.125107        -2.11300976E-05
   128.251907        -2.07389039E-05
   128.378693        -2.00710274E-05
   128.505493        -1.91304007E-05
   128.632278        -1.79250183E-05
   128.759079        -1.64674384E-05
   128.885864        -1.47750879E-05
   129.012665        -1.28704369E-05
   129.139450        -1.07809547E-05
   129.266251        -8.53887832E-06
   129.393036        -6.18078320E-06
   129.519836        -3.74693968E-06
   129.646622        -1.28052397E-06
   129.773422         1.17334309E-06
   129.900208         3.56868122E-06
   130.027008         5.85979524E-06
   130.153793         8.00247835E-06
   130.280594         9.95520713E-06
   130.407379         1.16802967E-05
   130.534180         1.31449533E-05
   130.660965         1.43222160E-05
   130.787766         1.51917502E-05
   130.914551         1.57404065E-05
   131.041351         1.59626361E-05
   131.168137         1.58606563E-05
   131.294937         1.54443806E-05
   131.421722         1.47311675E-05
   131.548523         1.37453126E-05
   131.675308         1.25174065E-05
   131.802109         1.10834826E-05
   131.928894         9.48405523E-06
   132.055679         7.76305751E-06
   132.182480         5.96668951E-06
   132.309265         4.14226997E-06
   132.436066         2.33708056E-06
   132.562851         5.97243854E-07
   132.689651        -1.03330740E-06
   132.816437        -2.51377628E-06
   132.943237        -3.80732376E-06
   133.070023        -4.88174828E-06
   133.196823        -5.71002693E-06
   133.323608        -6.27069539E-06
   133.450409        -6.54808491E-06
   133.577194        -6.53242023E-06
   133.703995        -6.21976960E-06
   133.830780        -5.61189927E-06
   133.957581        -4.71601925E-06
   134.084366        -3.54444410E-06
   134.211166        -2.11420615E-06
   134.337952        -4.46618202E-07
   134.464752         1.43318982E-06
   134.591537         3.49674110E-06
   134.718338         5.71269129E-06
   134.845123         8.04729461E-06
   134.971924         1.04648634E-05
   135.098709         1.29282207E-05
   135.225510         1.53991277E-05
   135.352295         1.78387163E-05
   135.479095         2.02079282E-05
   135.605881         2.24679334E-05
   135.732666         2.45805859E-05
   135.859467         2.65088693E-05
   135.986252         2.82174024E-05
   136.113052         2.96729086E-05
   136.239838         3.08447561E-05
   136.366638         3.17054655E-05
   136.493423         3.22312917E-05
   136.620224         3.24027278E-05
   136.747009         3.22050219E-05
   136.873810         3.16286787E-05
   137.000595         3.06698857E-05
   137.127396         2.93308713E-05
   137.254181         2.76201936E-05
   137.380981         2.55529194E-05
   137.507767         2.31506729E-05
   137.634567         2.04415574E-05
   137.761353         1.74599463E-05
   137.888153         1.42461267E-05
   138.014938         1.08457543E-05
   138.141739         7.30922602E-06
   138.268524         3.69086752E-06
   138.395325         4.80261555E-08
   138.522110        -3.55996031E-06
   138.648911        -7.07285017E-06
   138.775696        -1.04306655E-05
   138.902496        -1.35748787E-05
   139.029282        -1.64495850E-05
   139.156082        -1.90026658E-05
   139.282867        -2.11868901E-05
   139.409653        -2.29609032E-05
   139.536453        -2.42901333E-05
   139.663239        -2.51475321E-05
   139.790039        -2.55142095E-05
   139.916824        -2.53798225E-05
   140.043625        -2.47428543E-05
   140.170410        -2.36106716E-05
   140.297211        -2.19994145E-05
   140.423996        -1.99336864E-05
   140.550797        -1.74461202E-05
   140.677582        -1.45767090E-05
   140.804382        -1.13720871E-05
   140.931168        -7.88462785E-06
   141.057968        -4.17145429E-06
   141.184753        -2.93388865E-07
   141.311554         3.68618566E-06
   141.438339         7.70247516E-06
   141.565140         1.16904521E-05
   141.691925         1.55860216E-05
   141.818726         1.93271553E-05
   141.945511         2.28549761E-05
   142.072311         2.61148016E-05
   142.199097         2.90570697E-05
   142.325897         3.16381738E-05
   142.452682         3.38212121E-05
   142.579483         3.55765769E-05
   142.706268         3.68824331E-05
   142.833069         3.77250217E-05
   142.959854         3.80988458E-05
   143.086655         3.80066631E-05
   143.213440         3.74593401E-05
   143.340225         3.64755542E-05
   143.467026         3.50813061E-05
   143.593811         3.33093412E-05
   143.720612         3.11983640E-05
   143.847397         2.87922030E-05
   143.974197         2.61388213E-05
   144.100983         2.32892489E-05
   144.227783         2.02964675E-05
   144.354568         1.72142663E-05
   144.481369         1.40960501E-05
   144.608154         1.09936946E-05
   144.734955         7.95645883E-06
   144.861740         5.02994089E-06
   144.988541         2.25517692E-06
   145.115326        -3.32167673E-07
   145.242126        -2.70243095E-06
   145.368912        -4.83241411E-06
   145.495712        -6.70568807E-06
   145.622498        -8.31269062E-06
   145.749298        -9.65063191E-06
   145.876083        -1.07232345E-05
   146.002884        -1.15402936E-05
   146.129669        -1.21170569E-05
   146.256470        -1.24735197E-05
   146.383255        -1.26335672E-05
   146.510056        -1.26240320E-05
   146.636841        -1.24737426E-05
   146.763641        -1.22124993E-05
   146.890427        -1.18700946E-05
   147.017212        -1.14753457E-05
   147.144012        -1.10552355E-05
   147.270798        -1.06340849E-05
   147.397598        -1.02328877E-05
   147.524384        -9.86876603E-06
   147.651184        -9.55452833E-06
   147.777969        -9.29842645E-06
   147.904770        -9.10402105E-06
   148.031555        -8.97023710E-06
   148.158356        -8.89148032E-06
   148.285141        -8.85801728E-06
   148.411942        -8.85632653E-06
   148.538727        -8.86968883E-06
   148.665527        -8.87873648E-06
   148.792313        -8.86218004E-06
   148.919113        -8.79750314E-06
   149.045898        -8.66171376E-06
   149.172699        -8.43209909E-06
   149.299484        -8.08694949E-06
   149.426285        -7.60625062E-06
   149.553070        -6.97231235E-06
   149.679871        -6.17034539E-06
   149.806656        -5.18892239E-06
   149.933456        -4.02036540E-06
   150.060242        -2.66101870E-06
   150.187042        -1.11141571E-06
   150.313828         6.23668484E-07
   150.440628         2.53526969E-06
   150.567413         4.61038189E-06
   150.694214         6.83221242E-06
   150.820999         9.18050500E-06
   150.947784         1.16319279E-05
   151.074585         1.41605306E-05
   151.201370         1.67382150E-05
   151.328171         1.93352571E-05
   151.454956         2.19208268E-05
   151.581757         2.44634793E-05
   151.708542         2.69316806E-05
   151.835342         2.92942696E-05
   151.962128         3.15209181E-05
   152.088928         3.35825353E-05
   152.215714         3.54516633E-05
   152.342514         3.71027963E-05
   152.469299         3.85126950E-05
   152.596100         3.96606592E-05
   152.722885         4.05287828E-05
   152.849686         4.11021065E-05
   152.976471         4.13688394E-05
   153.103271         4.13205089E-05
   153.230057         4.09520508E-05
   153.356857         4.02619480E-05
   153.483643         3.92522998E-05
   153.610443         3.79288504E-05
   153.737228         3.63010295E-05
   153.864029         3.43819120E-05
   153.990814         3.21881889E-05
   154.117615         2.97400566E-05
   154.244400         2.70610817E-05
   154.371201         2.41779799E-05
   154.497986         2.11204024E-05
   154.624771         1.79205854E-05
   154.751572         1.46130169E-05
   154.878357         1.12339894E-05
   155.005157         7.82112966E-06
   155.131943         4.41287057E-06
   155.258743         1.04788626E-06
   155.385529        -2.23551820E-06
   155.512329        -5.40001884E-06
   155.639114        -8.40991470E-06
   155.765915        -1.12317466E-05
   155.892700        -1.38349078E-05
   156.019501        -1.61922180E-05
   156.146286        -1.82804415E-05
   156.273087        -2.00807390E-05
   156.399872        -2.15790205E-05
   156.526672        -2.27662385E-05
   156.653458        -2.36385331E-05
   156.780258        -2.41972502E-05
   156.907043        -2.44489074E-05
   157.033844        -2.44049206E-05
   157.160629        -2.40813279E-05
   157.287430        -2.34982726E-05
   157.414215        -2.26794928E-05
   157.541016        -2.16516582E-05
   157.667801        -2.04436456E-05
   157.794601        -1.90857827E-05
   157.921387        -1.76090416E-05
   158.048187        -1.60442669E-05
   158.174973        -1.44213718E-05
   158.301773        -1.27686653E-05
   158.428558        -1.11121835E-05
   158.555344        -9.47514582E-06
   158.682144        -7.87753288E-06
   158.808929        -6.33575655E-06
   158.935730        -4.86250337E-06
   159.062515        -3.46668230E-06
   159.189316        -2.15351997E-06
   159.316101        -9.24770973E-07
   159.442902         2.20958924E-07
   159.569687         1.28780198E-06
   159.696487         2.28215504E-06
   159.823273         3.21215521E-06
   159.950073         4.08714550E-06
   160.076859         4.91714854E-06
   160.203659         5.71236978E-06
