  -4.50000000         0.00000000    
  -4.37320757         0.00000000    
  -4.24641466         0.00000000    
  -4.11962223         0.00000000    
  -3.99282932         0.00000000    
  -3.86603665         0.00000000    
  -3.73924398         0.00000000    
  -3.61245155         7.16067101E-31
  -3.48565888         2.95901494E-30
  -3.35886621         3.33744611E-29
  -3.23207355         1.46851255E-28
  -3.10528088         6.37144426E-28
  -2.97848821         3.28139097E-27
  -2.85169554         1.65843676E-26
  -2.72490287         7.06270743E-26
  -2.59811020         2.46638841E-25
  -2.47131753         7.13481745E-25
  -2.34452486         1.72876599E-24
  -2.21773219         3.51330919E-24
  -2.09093952         5.88987730E-24
  -1.96414697         7.68067557E-24
  -1.83735430         6.16859843E-24
  -1.71056163        -2.59839186E-24
  -1.58376896        -2.15666241E-23
  -1.45697629        -4.78913385E-23
  -1.33018374        -6.69376372E-23
  -1.20339108        -4.97524823E-23
  -1.07659841         3.81555485E-23
 -0.949805737         2.09442129E-22
 -0.823013067         4.10080216E-22
 -0.696220458         4.75999983E-22
 -0.569427788         1.32152024E-22
 -0.442635119        -9.13597460E-22
 -0.315842479        -2.74916223E-21
 -0.189049825        -4.94377862E-21
  -6.22571707E-02    -6.28206759E-21
   6.45354837E-02    -4.79339654E-21
  0.191328138         1.65166764E-21
  0.318120778         1.40464525E-20
  0.444913447         3.04699249E-20
  0.571706116         4.45299532E-20
  0.698498726         4.51698646E-20
  0.825291395         1.90672030E-20
  0.952084064        -4.36946009E-20
   1.07887673        -1.41293344E-19
   1.20566940        -2.51597090E-19
   1.33246195        -3.27492773E-19
   1.45925462        -3.00977033E-19
   1.58604729        -9.97415223E-20
   1.71283996         3.23424905E-19
   1.83963263         9.53398861E-19
   1.96642530         1.67845410E-18
   2.09321785         2.27398464E-18
   2.22001052         2.41958043E-18
   2.34680319         1.75970206E-18
   2.47359586         7.62722644E-21
   2.60038853        -2.92172290E-18
   2.72718120        -6.77829307E-18
   2.85397387        -1.08801299E-17
   2.98076653        -1.40916802E-17
   3.10755920        -1.49070056E-17
   3.23435187        -1.16518307E-17
   3.36114454        -2.79925323E-18
   3.48793697         1.26231666E-17
   3.61472964         3.45700417E-17
   3.74152231         6.15040748E-17
   3.86831498         8.99715551E-17
   3.99510765         1.14314984E-16
   4.12190056         1.26653448E-16
   4.24869299         1.17311125E-16
   4.37548542         7.59059708E-17
   4.50227833        -6.71694563E-18
   4.62907076        -1.35651003E-16
   4.75586367        -3.08393552E-16
   4.88265610        -5.11184648E-16
   5.00944901        -7.16205532E-16
   5.13624144        -8.80952911E-16
   5.26303434        -9.51172366E-16
   5.38982677        -8.68393795E-16
   5.51661968        -5.82263895E-16
   5.64341211        -6.65787286E-17
   5.77020502         6.63601557E-16
   5.89699745         1.53775094E-15
   6.02379036         2.42334496E-15
   6.15058279         3.13147721E-15
   6.27737522         3.43756230E-15
   6.40416813         3.11728665E-15
   6.53096056         1.99443309E-15
   6.65775347        -6.41767706E-18
   6.78454590        -2.81208035E-15
   6.91133881        -6.16875334E-15
   7.03813124        -9.63571213E-15
   7.16492414        -1.26114380E-14
   7.29171658        -1.43940764E-14
   7.41850948        -1.42725102E-14
   7.54530191        -1.16390154E-14
   7.67209482        -6.11029959E-15
   7.79888725         2.35865430E-15
   7.92567968         1.33841497E-14
   8.05247211         2.61020978E-14
   8.17926502         3.91685755E-14
   8.30605793         5.08232406E-14
   8.43285084         5.90230176E-14
   8.55964279         6.16478101E-14
   8.68643570         5.67733015E-14
   8.81322861         4.29954060E-14
   8.94002151         1.97784700E-14
   9.06681347        -1.22142227E-14
   9.19360638        -5.08618382E-14
   9.32039928        -9.24608019E-14
   9.44719219        -1.31794681E-13
   9.57398415        -1.62449467E-13
   9.70077705        -1.77402757E-13
   9.82756996        -1.69882798E-13
   9.95436192        -1.34453592E-13
   10.0811548        -6.82424698E-14
   10.2079477         2.78142970E-14
   10.3347406         1.47859684E-13
   10.4615326         2.80311093E-13
   10.5883255         4.07538180E-13
   10.7151184         5.06189871E-13
   10.8419113         5.48307439E-13
   10.9687033         5.03316247E-13
   11.0954962         3.40922955E-13
   11.2222891         3.48626056E-14
   11.3490820        -4.32658250E-13
   11.4758739        -1.06609470E-12
   11.6026669        -1.85165360E-12
   11.7294598        -2.75283268E-12
   11.8562517        -3.70698654E-12
   11.9830446        -4.62353723E-12
   12.1098375        -5.38445026E-12
   12.2366304        -5.84751084E-12
   12.3634224        -5.85284859E-12
   12.4902153        -5.23290742E-12
   12.6170082        -3.82585977E-12
   12.7438011        -1.49214213E-12
   12.8705931         1.86653427E-12
   12.9973860         6.28670900E-12
   13.1241789         1.17225743E-11
   13.2509708         1.80269792E-11
   13.3777637         2.49359821E-11
   13.5045567         3.20591158E-11
   13.6313496         3.88775886E-11
   13.7581415         4.47524934E-11
   13.8849344         4.89447094E-11
   14.0117273         5.06476562E-11
   14.1385202         4.90331178E-11
   14.2653122         4.33095018E-11
   14.3921051         3.27904648E-11
   14.5188980         1.69708778E-11
   14.6456909        -4.39434296E-12
   14.7724829        -3.12138128E-11
   14.8992758        -6.29919866E-11
   15.0260687        -9.87767021E-11
   15.1528606        -1.37128808E-10
   15.2796535        -1.76119855E-10
   15.4064465        -2.13363396E-10
   15.5332394        -2.46083209E-10
   15.6600313        -2.71220796E-10
   15.7868242        -2.85580837E-10
   15.9136171        -2.86011659E-10
   16.0404091        -2.69614359E-10
   16.1672020        -2.33970648E-10
   16.2939949        -1.77378612E-10
   16.4207878        -9.90809865E-11
   16.5475807         5.28549697E-13
   16.6743736         1.19738414E-10
   16.8011646         2.55406807E-10
   16.9279575         4.02918587E-10
   17.0547504         5.56223734E-10
   17.1815434         7.07965797E-10
   17.3083363         8.49702753E-10
   17.4351292         9.72223080E-10
   17.5619221         1.06594422E-09
   17.6887150         1.12138854E-09
   17.8155060         1.12971055E-09
   17.9422989         1.08325948E-09
   18.0690918         9.76144499E-10
   18.1958847         8.04773803E-10
   18.3226776         5.68335157E-10
   18.4494705         2.69186062E-10
   18.5762634        -8.68792399E-11
   18.7030544        -4.90509577E-10
   18.8298473        -9.28846555E-10
   18.9566402        -1.38575806E-09
   19.0834332        -1.84225957E-09
   19.2102261        -2.27712160E-09
   19.3370190        -2.66764744E-09
   19.4638119        -2.99060288E-09
   19.5906048        -3.22326099E-09
   19.7173958        -3.34451977E-09
   19.8441887        -3.33605876E-09
   19.9709816        -3.18346416E-09
   20.0977745        -2.87728152E-09
   20.2245674        -2.41393905E-09
   20.3513603        -1.79647763E-09
   20.4781532        -1.03505227E-09
   20.6049442        -1.47156259E-10
   20.7317371         8.42465153E-10
   20.8585300         1.90222837E-09
   20.9853230         2.99446312E-09
   21.1121159         4.07649736E-09
   21.2389088         5.10205034E-09
   21.3657017         6.02290307E-09
   21.4924946         6.79079237E-09
   21.6192856         7.35947037E-09
   21.7460785         7.68686004E-09
   21.8728714         7.73720288E-09
   21.9996643         7.48313411E-09
   22.1264572         6.90759316E-09
   22.2532501         6.00542460E-09
   22.3800430         4.78466688E-09
   22.5068340         3.26736349E-09
   22.6336269         1.48986234E-09
   22.7604198        -4.97446140E-10
   22.8872128        -2.63101807E-09
   23.0140057        -4.83565588E-09
   23.1407986        -7.02664549E-09
   23.2675915        -9.11247433E-09
   23.3943844        -1.09980682E-08
   23.5211754        -1.25884903E-08
   23.6479683        -1.37929392E-08
   23.7747612        -1.45289674E-08
   23.9015541        -1.47266972E-08
   24.0283470        -1.43329277E-08
   24.1551399        -1.33148896E-08
   24.2819328        -1.16634675E-08
   24.4087238        -9.39574729E-09
   24.5355167        -6.55664456E-09
   24.6623096        -3.21951998E-09
   24.7891026         5.14374598E-10
   24.9158955         4.51772131E-09
   25.0426884         8.64019523E-09
   25.1694813         1.27128610E-08
   25.2962742         1.65537379E-08
   25.4230652         1.99744807E-08
   25.5498581         2.27879351E-08
   25.6766510         2.48163570E-08
   25.8034439         2.59000199E-08
   25.9302368         2.59058108E-08
   26.0570297         2.47354919E-08
   26.1838226         2.23332304E-08
   26.3106136         1.86920168E-08
   26.4374065         1.38584477E-08
   26.5641994         7.93581378E-09
   26.6909924         1.08483722E-09
   26.8177853        -6.47790577E-09
   26.9445782        -1.44841188E-08
   27.0713711        -2.26205525E-08
   27.1981640        -3.05383345E-08
   27.3249550        -3.78646376E-08
   27.4517479        -4.42164207E-08
   27.5785408        -4.92158456E-08
   27.7053337        -5.25068344E-08
   27.8321266        -5.37722649E-08
   27.9589195        -5.27508845E-08
   28.0857124        -4.92534582E-08
   28.2125034        -4.31773088E-08
   28.3392963        -3.45184432E-08
   28.4660892        -2.33806183E-08
   28.5928822        -9.98083927E-09
   28.7196751         5.34952616E-09
   28.8464680         2.21680043E-08
   28.9732609         3.99292190E-08
   29.1000538         5.79978696E-08
   29.2268448         7.56663354E-08
   29.3536377         9.21765988E-08
   29.4804306         1.06746121E-07
   29.6072235         1.18596432E-07
   29.7340164         1.26984034E-07
   29.8608093         1.31232198E-07
   29.9876022         1.30762757E-07
   30.1143932         1.25126377E-07
   30.2411861         1.14030378E-07
   30.3679790         9.73624594E-08
   30.4947720         7.52096909E-08
   30.6215649         4.78710938E-08
   30.7483578         1.58635576E-08
   30.8751507        -2.00798969E-08
   31.0019417        -5.90198859E-08
   31.1287346        -9.98283767E-08
   31.2555275        -1.41214457E-07
   31.3823204        -1.81757557E-07
   31.5091133        -2.19947211E-07
   31.6359062        -2.54228553E-07
   31.7626991        -2.83052316E-07
   31.8894920        -3.04927454E-07
   32.0162849        -3.18475315E-07
   32.1430779        -3.22482805E-07
   32.2698708        -3.15953457E-07
   32.3966637        -2.98154674E-07
   32.5234528        -2.68658169E-07
   32.6502457        -2.27373789E-07
   32.7770386        -1.74573856E-07
   32.9038315        -1.10907692E-07
   33.0306244        -3.74053890E-08
   33.1574173         4.45303989E-08
   33.2842102         1.33143800E-07
   33.4110031         2.26356860E-07
   33.5377960         3.21811569E-07
   33.6645889         4.16922290E-07
   33.7913818         5.08936637E-07
   33.9181747         5.95004394E-07
   34.0449677         6.72252042E-07
   34.1717606         7.37860603E-07
   34.2985535         7.89145929E-07
   34.4253426         8.23637947E-07
   34.5521355         8.39157451E-07
   34.6789284         8.33887668E-07
   34.8057213         8.06439687E-07
   34.9325142         7.55907536E-07
   35.0593071         6.81914401E-07
   35.1861000         5.84645363E-07
   35.3128929         4.64867384E-07
   35.4396858         3.23935467E-07
   35.5664787         1.63784094E-07
   35.6932716        -1.30961082E-08
   35.8200645        -2.03695450E-07
   35.9468575        -4.04536223E-07
   36.0736504        -6.11735743E-07
   36.2004433        -8.21080619E-07
   36.3272324        -1.02811055E-06
   36.4540253        -1.22820882E-06
   36.5808182        -1.41669784E-06
   36.7076111        -1.58893806E-06
   36.8344040        -1.74042702E-06
   36.9611969        -1.86689635E-06
   37.0879898        -1.96440214E-06
   37.2147827        -2.02941465E-06
   37.3415756        -2.05889137E-06
   37.4683685        -2.05034712E-06
   37.5951614        -2.00190971E-06
   37.7219543        -1.91236109E-06
   37.8487473        -1.78116954E-06
   37.9755402        -1.60850539E-06
   38.1023293        -1.39524673E-06
   38.2291222        -1.14297211E-06
   38.3559151        -8.53942140E-07
   38.4827080        -5.31072942E-07
   38.6095009        -1.77901299E-07
   38.7362938         2.01454199E-07
   38.8630867         6.02337082E-07
   38.9898796         1.01959665E-06
   39.1166725         1.44763180E-06
   39.2434654         1.88043157E-06
   39.3702583         2.31161289E-06
   39.4970512         2.73445107E-06
   39.6238441         3.14190902E-06
   39.7506371         3.52665620E-06
   39.8774300         3.88108401E-06
   40.0042191         4.19732214E-06
   40.1310120         4.46724289E-06
   40.2578049         4.68247254E-06
   40.3845978         4.83440454E-06
   40.5113907         4.91421179E-06
   40.6381836         4.91287255E-06
   40.7649765         4.82120277E-06
   40.8917694         4.62989919E-06
   41.0185623         4.32960724E-06
   41.1453552         3.91098820E-06
   41.2721481         3.36482572E-06
   41.3989410         2.68213262E-06
   41.5257339         1.85428473E-06
   41.6525269         8.73174713E-07
   41.7793198        -2.68629350E-07
   41.9061089        -1.57770285E-06
   42.0329018        -3.05958065E-06
   42.1596947        -4.71856356E-06
   42.2864876        -6.55752865E-06
   42.4132805        -8.57775103E-06
   42.5400734        -1.07787164E-05
   42.6668663        -1.31579664E-05
   42.7936592        -1.57109716E-05
   42.9204521        -1.84310138E-05
   43.0472450        -2.13090862E-05
   43.1740379        -2.43338891E-05
   43.3008308        -2.74917857E-05
   43.4276237        -3.07668415E-05
   43.5544167        -3.41409068E-05
   43.6812096        -3.75937088E-05
   43.8079987        -4.11030414E-05
   43.9347916        -4.46449412E-05
   44.0615845        -4.81938660E-05
   44.1883774        -5.17230619E-05
   44.3151703        -5.52047641E-05
   44.4419632        -5.86105380E-05
   44.5687561        -6.19116545E-05
   44.6955490        -6.50793445E-05
   44.8223419        -6.80852754E-05
   44.9491348        -7.09018495E-05
   45.0759277        -7.35025533E-05
   45.2027206        -7.58623428E-05
   45.3295135        -7.79578841E-05
   45.4563065        -7.97680477E-05
   45.5830994        -8.12739891E-05
   45.7098885        -8.24595627E-05
   45.8366814        -8.33114755E-05
   45.9634743        -8.38194683E-05
   46.0902672        -8.39765198E-05
   46.2170601        -8.37788612E-05
   46.3438530        -8.32261212E-05
   46.4706459        -8.23212540E-05
   46.5974388        -8.10705969E-05
   46.7242317        -7.94836815E-05
   46.8510246        -7.75731678E-05
   46.9778175        -7.53546774E-05
   47.1046104        -7.28465093E-05
   47.2314034        -7.00695164E-05
   47.3581963        -6.70467052E-05
   47.4849892        -6.38030324E-05
   47.6117783        -6.03650078E-05
   47.7385712        -5.67604948E-05
   47.8653641        -5.30181860E-05
   47.9921570        -4.91675128E-05
   48.1189499        -4.52381646E-05
   48.2457428        -4.12598019E-05
   48.3725357        -3.72618924E-05
   48.4993286        -3.32733507E-05
   48.6261215        -2.93223329E-05
   48.7529144        -2.54361748E-05
   48.8797073        -2.16410554E-05
   49.0065002        -1.79620147E-05
   49.1332932        -1.44228052E-05
   49.2600861        -1.10458341E-05
   49.3868790        -7.85211159E-06
   49.5136681        -4.86120189E-06
   49.6404610        -2.09120071E-06
   49.7672539         4.41268895E-07
   49.8940468         2.72109446E-06
   50.0208397         4.73476439E-06
   50.1476326         6.47037314E-06
   50.2744255         7.91772436E-06
   50.4012184         9.06840887E-06
   50.5280113         9.91603156E-06
   50.6548042         1.04562614E-05
   50.7815971         1.06870721E-05
   50.9083900         1.06088819E-05
   51.0351830         1.02247541E-05
   51.1619759         9.54058487E-06
   51.2887688         8.56525730E-06
   51.4155579         7.31079353E-06
   51.5423508         5.79249036E-06
   51.6691437         4.02887099E-06
   51.7959366         2.04181856E-06
   51.9227295        -1.43603316E-07
   52.0495224        -2.49926438E-06
   52.1763153        -4.99419093E-06
   52.3031082        -7.59487466E-06
   52.4299011        -1.02657095E-05
   52.5566940        -1.29694390E-05
   52.6834869        -1.56676742E-05
   52.8102798        -1.83215689E-05
   52.9370728        -2.08923229E-05
   53.0638657        -2.33419214E-05
   53.1906586        -2.56338699E-05
   53.3174477        -2.77337622E-05
   53.4442406        -2.96099406E-05
   53.5710335        -3.12341181E-05
   53.6978264        -3.25819128E-05
   53.8246193        -3.36332632E-05
   53.9514122        -3.43727370E-05
   54.0782051        -3.47898531E-05
   54.2049980        -3.48791837E-05
   54.3317909        -3.46402849E-05
   54.4585838        -3.40777769E-05
   54.5853767        -3.32010131E-05
   54.7121696        -3.20237996E-05
   54.8389626        -3.05641224E-05
   54.9657555        -2.88434567E-05
   55.0925484        -2.68865388E-05
   55.2193375        -2.47205608E-05
   55.3461304        -2.23747902E-05
   55.4729233        -1.98798207E-05
   55.5997162        -1.72672480E-05
   55.7265091        -1.45689783E-05
   55.8533020        -1.18167982E-05
   55.9800949        -9.04200260E-06
   56.1068878        -6.27498412E-06
   56.2336807        -3.54485223E-06
   56.3604736        -8.79315905E-07
   56.4872665         1.69560042E-06
   56.6140594         4.15567865E-06
   56.7408524         6.47859042E-06
   56.8676453         8.64398589E-06
   56.9944382         1.06335619E-05
   57.1212273         1.24311227E-05
   57.2480202         1.40226484E-05
   57.3748131         1.53963792E-05
   57.5016060         1.65429065E-05
   57.6283989         1.74553134E-05
   57.7551918         1.81293381E-05
   57.8819847         1.85634908E-05
   58.0087776         1.87592686E-05
   58.1355705         1.87213191E-05
   58.2623634         1.84575856E-05
   58.3891563         1.79795261E-05
   58.5159492         1.73021635E-05
   58.6427422         1.64441335E-05
   58.7695351         1.54276895E-05
   58.8963280         1.42785429E-05
   59.0231171         1.30256803E-05
   59.1499100         1.17010313E-05
   59.2767029         1.03389684E-05
   59.4034958         8.97586051E-06
   59.5302887         7.64932793E-06
   59.6570816         6.39755581E-06
   59.7838745         5.25843006E-06
   59.9106674         4.26868019E-06
   60.0374603         3.46290813E-06
   60.1642532         2.87274565E-06
   60.2910461         2.52586165E-06
   60.4178391         2.44516832E-06
   60.5446320         2.64803930E-06
   60.6714249         3.14565227E-06
   60.7982178         3.94250810E-06
   60.9250069         5.03604224E-06
   61.0517998         6.41656152E-06
   61.1785927         8.06721437E-06
   61.3053856         9.96426206E-06
   61.4321785         1.20774985E-05
   61.5589714         1.43709885E-05
   61.6857643         1.68037386E-05
   61.8125572         1.93308697E-05
   61.9393501         2.19046233E-05
   62.0661430         2.44756448E-05
   62.1929359         2.69943284E-05
   62.3197289         2.94120800E-05
   62.4465218         3.16827463E-05
   62.5733147         3.37637539E-05
   62.7001076         3.56174060E-05
   62.8268967         3.72119284E-05
   62.9536896         3.85223721E-05
   63.0804825         3.95312381E-05
   63.2072754         4.02290825E-05
   63.3340683         4.06147155E-05
   63.4608612         4.06951767E-05
   63.5876541         4.04856219E-05
   63.7144470         4.00086465E-05
   63.8412399         3.92937218E-05
   63.9680328         3.83761981E-05
   64.0948257         3.72962386E-05
   64.2216187         3.60975318E-05
   64.3484116         3.48259819E-05
   64.4752045         3.35281147E-05
   64.6019974         3.22497290E-05
   64.7287903         3.10343239E-05
   64.8555832         2.99217700E-05
   64.9823761         2.89469481E-05
   65.1091690         2.81386001E-05
   65.2359619         2.75183465E-05
   65.3627548         2.70999826E-05
   65.4895477         2.68888598E-05
   65.6163330         2.68818440E-05
   65.7431259         2.70670553E-05
   65.8699188         2.74243939E-05
   65.9967117         2.79259802E-05
   66.1235046         2.85370006E-05
   66.2502975         2.92167679E-05
   66.3770905         2.99200128E-05
   66.5038834         3.05982867E-05
   66.6306763         3.12015291E-05
   66.7574692         3.16796941E-05
   66.8842621         3.19844730E-05
   67.0110550         3.20708677E-05
   67.1378479         3.18987150E-05
   67.2646408         3.14342942E-05
   67.3914337         3.06514194E-05
   67.5182266         2.95325954E-05
   67.6450195         2.80698077E-05
   67.7718124         2.62651629E-05
   67.8986053         2.41310536E-05
   68.0253983         2.16901462E-05
   68.1521912         1.89750244E-05
   68.2789841         1.60275995E-05
   68.4057770         1.28981746E-05
   68.5325699         9.64423725E-06
   68.6593628         6.32918727E-06
   68.7861557         3.02073386E-06
   68.9129486        -2.10765123E-07
   69.0397415        -3.29405475E-06
   69.1665344        -6.15872705E-06
   69.2933273        -8.73700719E-06
   69.4201126        -1.09654748E-05
   69.5469055        -1.27866124E-05
   69.6736984        -1.41501632E-05
   69.8004913        -1.50143651E-05
   69.9272842        -1.53469737E-05
   70.0540771        -1.51259565E-05
   70.1808701        -1.43398620E-05
   70.3076630        -1.29880837E-05
   70.4344559        -1.10806859E-05
   70.5612488        -8.63806690E-06
   70.6880417        -5.69023905E-06
   70.8148346        -2.27610190E-06
   70.9416275         1.55778719E-06
   71.0684204         5.75843706E-06
   71.1952133         1.02677586E-05
   71.3220062         1.50240576E-05
   71.4487991         1.99636033E-05
   71.5755920         2.50221074E-05
   71.7023849         3.01362106E-05
   71.8291779         3.52449242E-05
   71.9559708         4.02909172E-05
   72.0827637         4.52216809E-05
   72.2095566         4.99905727E-05
   72.3363495         5.45575313E-05
   72.4631424         5.88897856E-05
   72.5899353         6.29620408E-05
   72.7167282         6.67568602E-05
   72.8435211         7.02644247E-05
   72.9703140         7.34822970E-05
   73.0971069         7.64151118E-05
   73.2238922         7.90738559E-05
   73.3506851         8.14751402E-05
   73.4774780         8.36404652E-05
   73.6042709         8.55951730E-05
   73.7310638         8.73676108E-05
   73.8578568         8.89880394E-05
   73.9846497         9.04878107E-05
   74.1114426         9.18983496E-05
   74.2382355         9.32503463E-05
   74.3650284         9.45731226E-05
   74.4918213         9.58938690E-05
   74.6186142         9.72372072E-05
   74.7454071         9.86249070E-05
   74.8722000         1.00075398E-04
   74.9989929         1.01603910E-04
   75.1257858         1.03222257E-04
   75.2525787         1.04939070E-04
   75.3793716         1.06759966E-04
   75.5061646         1.08687753E-04
   75.6329575         1.10722824E-04
   75.7597504         1.12863592E-04
   75.8865433         1.15106734E-04
   76.0133362         1.17447715E-04
   76.1401291         1.19881064E-04
   76.2669220         1.22400437E-04
   76.3937149         1.24999337E-04
   76.5205078         1.27670879E-04
   76.6473007         1.30407963E-04
   76.7740936         1.33203575E-04
   76.9008865         1.36050308E-04
   77.0276718         1.38940581E-04
   77.1544647         1.41866069E-04
   77.2812576         1.44817692E-04
   77.4080505         1.47785060E-04
   77.5348434         1.50756139E-04
   77.6616364         1.53716843E-04
   77.7884293         1.56650844E-04
   77.9152222         1.59538817E-04
   78.0420151         1.62358527E-04
   78.1688080         1.65084377E-04
   78.2956009         1.67687322E-04
   78.4223938         1.70134648E-04
   78.5491867         1.72390341E-04
   78.6759796         1.74414890E-04
   78.8027725         1.76165879E-04
   78.9295654         1.77598253E-04
   79.0563583         1.78665097E-04
   79.1831512         1.79318304E-04
   79.3099442         1.79509312E-04
   79.4367371         1.79189999E-04
   79.5635300         1.78313639E-04
   79.6903229         1.76835907E-04
   79.8171158         1.74715911E-04
   79.9439087         1.71917185E-04
   80.0707016         1.68408544E-04
   80.1974945         1.64164958E-04
   80.3242874         1.59168543E-04
   80.4510803         1.53408968E-04
   80.5778732         1.46883976E-04
   80.7046585         1.39599797E-04
   80.8314514         1.31571127E-04
   80.9582443         1.22821381E-04
   81.0850372         1.13382157E-04
   81.2118301         1.03293183E-04
   81.3386230         9.26016291E-05
   81.4654160         8.13614388E-05
   81.5922089         6.96326388E-05
   81.7190018         5.74803234E-05
   81.8457947         4.49737599E-05
   81.9725876         3.21852967E-05
   82.0993805         1.91893323E-05
   82.2261734         6.06127242E-06
   82.3529663        -7.12353494E-06
   82.4797592        -2.02907504E-05
   82.6065521        -3.33679782E-05
   82.7333450        -4.62856879E-05
   82.8601379        -5.89778756E-05
   82.9869308        -7.13828485E-05
   83.1137238        -8.34436942E-05
   83.2405167        -9.51088368E-05
   83.3673096        -1.06332336E-04
   83.4941025        -1.17074094E-04
   83.6208954        -1.27300009E-04
   83.7476883        -1.36982111E-04
   83.8744812        -1.46098304E-04
   84.0012741        -1.54632449E-04
   84.1280670        -1.62574157E-04
   84.2548599        -1.69918378E-04
   84.3816528        -1.76665213E-04
   84.5084381        -1.82819524E-04
   84.6352310        -1.88390535E-04
   84.7620239        -1.93391257E-04
   84.8888168        -1.97838381E-04
   85.0156097        -2.01751463E-04
   85.1424026        -2.05152654E-04
   85.2691956        -2.08066122E-04
   85.3959885        -2.10517741E-04
   85.5227814        -2.12534578E-04
   85.6495743        -2.14144558E-04
   85.7763672        -2.15375941E-04
   85.9031601        -2.16257220E-04
   86.0299530        -2.16816567E-04
   86.1567459        -2.17081804E-04
   86.2835388        -2.17080000E-04
   86.4103317        -2.16837623E-04
   86.5371246        -2.16380169E-04
   86.6639175        -2.15732129E-04
   86.7907104        -2.14917207E-04
   86.9175034        -2.13958134E-04
   87.0442963        -2.12876839E-04
   87.1710892        -2.11694511E-04
   87.2978821        -2.10431666E-04
   87.4246750        -2.09108446E-04
   87.5514679        -2.07744597E-04
   87.6782608        -2.06359706E-04
   87.8050537        -2.04973170E-04
   87.9318466        -2.03604548E-04
   88.0586395        -2.02273310E-04
   88.1854324        -2.00999013E-04
   88.3122177        -1.99801172E-04
   88.4390106        -1.98699170E-04
   88.5658035        -1.97711881E-04
   88.6925964        -1.96857698E-04
   88.8193893        -1.96153953E-04
   88.9461823        -1.95616638E-04
   89.0729752        -1.95259810E-04
   89.1997681        -1.95095185E-04
   89.3265610        -1.95131390E-04
   89.4533539        -1.95373650E-04
   89.5801468        -1.95822999E-04
   89.7069397        -1.96475783E-04
   89.8337326        -1.97323359E-04
   89.9605255        -1.98351627E-04
   90.0873184        -1.99540766E-04
   90.2141113        -2.00865121E-04
   90.3409042        -2.02293406E-04
   90.4676971        -2.03788775E-04
   90.5944901        -2.05309363E-04
   90.7212830        -2.06808778E-04
   90.8480759        -2.08237223E-04
   90.9748688        -2.09542253E-04
   91.1016617        -2.10670085E-04
   91.2284546        -2.11567050E-04
   91.3552475        -2.12180719E-04
   91.4820404        -2.12461731E-04
   91.6088333        -2.12364874E-04
   91.7356262        -2.11850842E-04
   91.8624191        -2.10887403E-04
   91.9892120        -2.09450503E-04
   92.1159973        -2.07525387E-04
   92.2427902        -2.05107208E-04
   92.3695831        -2.02201540E-04
   92.4963760        -1.98824360E-04
   92.6231689        -1.95002081E-04
   92.7499619        -1.90770676E-04
   92.8767548        -1.86175064E-04
   93.0035477        -1.81267882E-04
   93.1303406        -1.76107904E-04
   93.2571335        -1.70758591E-04
   93.3839264        -1.65286139E-04
   93.5107193        -1.59757677E-04
   93.6375122        -1.54239242E-04
   93.7643051        -1.48793799E-04
   93.8910980        -1.43479454E-04
   94.0178909        -1.38347808E-04
   94.1446838        -1.33442300E-04
   94.2714767        -1.28797285E-04
   94.3982697        -1.24436905E-04
   94.5250626        -1.20374760E-04
   94.6518555        -1.16613694E-04
   94.7786484        -1.13145878E-04
   94.9054413        -1.09953588E-04
   95.0322342        -1.07009851E-04
   95.1590271        -1.04279861E-04
   95.2858200        -1.01722231E-04
   95.4126129        -9.92907444E-05
   95.5394058        -9.69361063E-05
   95.6661987        -9.46079017E-05
   95.7929916        -9.22564068E-05
   95.9197769        -8.98345606E-05
   96.0465698        -8.72995588E-05
   96.1733627        -8.46144321E-05
   96.3001556        -8.17493710E-05
   96.4269485        -7.86827150E-05
   96.5537415        -7.54017310E-05
   96.6805344        -7.19029122E-05
   96.8073273        -6.81921010E-05
   96.9341202        -6.42842060E-05
   97.0609131        -6.02026157E-05
   97.1877060        -5.59782893E-05
   97.3144989        -5.16485925E-05
   97.4412918        -4.72559477E-05
   97.5680847        -4.28462990E-05
   97.6948776        -3.84674750E-05
   97.8216705        -3.41675477E-05
   97.9484634        -2.99932435E-05
   98.0752563        -2.59883855E-05
   98.2020493        -2.21924802E-05
   98.3288422        -1.86396082E-05
   98.4556351        -1.53573510E-05
   98.5824280        -1.23661312E-05
   98.7092209        -9.67872529E-06
   98.8360138        -7.30007241E-06
   98.9628067        -5.22745177E-06
   99.0895996        -3.45081389E-06
   99.2163925        -1.95345342E-06
   99.3431854        -7.12764461E-07
   99.4699783         2.98795470E-07
   99.5967712         1.11257998E-06
   99.7235565         1.76269646E-06
   99.8503494         2.28486988E-06
   99.9771423         2.71533418E-06
   100.103935         3.08986796E-06
   100.230728         3.44288242E-06
   100.357521         3.80667325E-06
   100.484314         4.21084587E-06
   100.611107         4.68181952E-06
   100.737900         5.24268762E-06
   100.864693         5.91304433E-06
   100.991486         6.70905820E-06
   101.118279         7.64368997E-06
   101.245071         8.72689998E-06
   101.371864         9.96592098E-06
   101.498657         1.13656379E-05
   101.625450         1.29288546E-05
   101.752243         1.46565480E-05
   101.879036         1.65481015E-05
   102.005829         1.86013385E-05
   102.132622         2.08126730E-05
   102.259415         2.31769391E-05
   102.386208         2.56872827E-05
   102.513000         2.83349673E-05
   102.639793         3.11090662E-05
   102.766586         3.39961480E-05
   102.893379         3.69800182E-05
   103.020172         4.00414428E-05
   103.146965         4.31579574E-05
   103.273758         4.63038014E-05
   103.400551         4.94499727E-05
   103.527336         5.25643991E-05
   103.654129         5.56123232E-05
   103.780922         5.85567577E-05
   103.907715         6.13592565E-05
   104.034508         6.39806749E-05
   104.161301         6.63821920E-05
   104.288094         6.85263149E-05
   104.414886         7.03781407E-05
   104.541679         7.19064337E-05
   104.668472         7.30848988E-05
   104.795265         7.38932213E-05
   104.922058         7.43181372E-05
   105.048851         7.43541896E-05
   105.175644         7.40044779E-05
   105.302437         7.32810440E-05
   105.429230         7.22050245E-05
   105.556023         7.08065418E-05
   105.682816         6.91243040E-05
   105.809608         6.72048845E-05
   105.936401         6.51016962E-05
   106.063194         6.28737980E-05
   106.189987         6.05842833E-05
   106.316780         5.82986358E-05
   106.443573         5.60828921E-05
   106.570366         5.40016372E-05
   106.697159         5.21160946E-05
   106.823952         5.04821801E-05
   106.950745         4.91486826E-05
   107.077538         4.81556017E-05
   107.204330         4.75327288E-05
   107.331116         4.72984902E-05
   107.457909         4.74591398E-05
   107.584702         4.80083108E-05
   107.711494         4.89269696E-05
   107.838287         5.01837894E-05
   107.965080         5.17358858E-05
   108.091873         5.35299951E-05
   108.218666         5.55039369E-05
   108.345459         5.75884878E-05
   108.472252         5.97093313E-05
   108.599045         6.17894038E-05
   108.725838         6.37511112E-05
   108.852631         6.55188924E-05
   108.979424         6.70213703E-05
   109.106216         6.81937599E-05
   109.233009         6.89797744E-05
   109.359802         6.93334296E-05
   109.486595         6.92204703E-05
   109.613388         6.86194981E-05
   109.740181         6.75224292E-05
   109.866974         6.59350408E-05
   109.993767         6.38764905E-05
   110.120560         6.13788507E-05
   110.247353         5.84860973E-05
   110.374146         5.52527599E-05
   110.500938         5.17422523E-05
   110.627731         4.80249437E-05
   110.754524         4.41761331E-05
   110.881317         4.02737678E-05
   111.008102         3.63961844E-05
   111.134895         3.26199079E-05
   111.261688         2.90175049E-05
   111.388481         2.56555759E-05
   111.515274         2.25930453E-05
   111.642067         1.98796406E-05
   111.768860         1.75546975E-05
   111.895653         1.56463557E-05
   112.022446         1.41709143E-05
   112.149239         1.31327452E-05
   112.276031         1.25244569E-05
   112.402824         1.23273585E-05
   112.529617         1.25123461E-05
   112.656410         1.30409380E-05
   112.783203         1.38666246E-05
   112.909996         1.49364205E-05
   113.036789         1.61925145E-05
   113.163582         1.75740242E-05
   113.290375         1.90188548E-05
   113.417168         2.04653843E-05
   113.543961         2.18542664E-05
   113.670753         2.31299928E-05
   113.797546         2.42424048E-05
   113.924339         2.51479578E-05
   114.051132         2.58107884E-05
   114.177925         2.62035155E-05
   114.304718         2.63078455E-05
   114.431511         2.61147852E-05
   114.558304         2.56247040E-05
   114.685097         2.48469751E-05
   114.811882         2.37995191E-05
   114.938675         2.25080148E-05
   115.065468         2.10049202E-05
   115.192261         1.93283140E-05
   115.319054         1.75206569E-05
   115.445847         1.56273691E-05
   115.572639         1.36953931E-05
   115.699432         1.17717636E-05
   115.826225         9.90211538E-06
   115.953018         8.12947292E-06
   116.079811         6.49287995E-06
   116.206604         5.02646662E-06
   116.333397         3.75850982E-06
   116.460190         2.71082877E-06
   116.586983         1.89829632E-06
   116.713776         1.32876505E-06
   116.840569         1.00296961E-06
   116.967361         9.14878115E-07
   117.094154         1.05214394E-06
   117.220947         1.39678605E-06
   117.347740         1.92605467E-06
   117.474533         2.61332525E-06
   117.601326         3.42921794E-06
   117.728119         4.34265894E-06
   117.854912         5.32197964E-06
   117.981705         6.33597028E-06
   118.108498         7.35484582E-06
   118.235291         8.35105493E-06
   118.362083         9.30003080E-06
   118.488876         1.01806882E-05
   118.615662         1.09758157E-05
   118.742455         1.16722867E-05
   118.869247         1.22610118E-05
   118.996040         1.27368148E-05
   119.122833         1.30980679E-05
   119.249626         1.33462172E-05
   119.376419         1.34852517E-05
   119.503212         1.35209793E-05
   119.630005         1.34604306E-05
   119.756798         1.33111425E-05
   119.883591         1.30805647E-05
   120.010384         1.27755147E-05
   120.137177         1.24017415E-05
   120.263969         1.19636143E-05
   120.390762         1.14639233E-05
   120.517555         1.09038738E-05
   120.644348         1.02832028E-05
   120.771141         9.60044144E-06
   120.897934         8.85336249E-06
   121.024727         8.03944295E-06
   121.151520         7.15653596E-06
   121.278313         6.20345008E-06
   121.405106         5.18062734E-06
   121.531898         4.09071163E-06
   121.658691         2.93905146E-06
   121.785484         1.73414037E-06
   121.912277         4.87834825E-07
   122.039070        -7.84524502E-07
   122.165863        -2.06422192E-06
   122.292656        -3.32940817E-06
   122.419441        -4.55559984E-06
   122.546234        -5.71631153E-06
   122.673027        -6.78386687E-06
   122.799820        -7.73040483E-06
   122.926613        -8.52888206E-06
   123.053406        -9.15417786E-06
   123.180199        -9.58417786E-06
   123.306992        -9.80080313E-06
   123.433784        -9.79091874E-06
   123.560577        -9.54707593E-06
   123.687370        -9.06812056E-06
   123.814163        -8.35949231E-06
   123.940956        -7.43335931E-06
   124.067749        -6.30846080E-06
   124.194542        -5.00960732E-06
   124.321335        -3.56709688E-06
   124.448128        -2.01567650E-06
   124.574921        -3.93471225E-07
   124.701714         1.25937549E-06
   124.828506         2.90201547E-06
   124.955299         4.49439267E-06
   125.082092         5.99870509E-06
   125.208885         7.38060089E-06
   125.335678         8.61056196E-06
   125.462471         9.66479911E-06
   125.589264         1.05261561E-05
   125.716057         1.11846311E-05
   125.842850         1.16376568E-05
   125.969643         1.18901080E-05
   126.096436         1.19539063E-05
   126.223221         1.18474991E-05
   126.350014         1.15948460E-05
   126.476807         1.12244988E-05
   126.603600         1.07681590E-05
   126.730392         1.02594140E-05
   126.857185         9.73223086E-06
   126.983978         9.21955598E-06
   127.110771         8.75189744E-06
   127.237564         8.35606625E-06
   127.364357         8.05408490E-06
   127.491150         7.86226883E-06
   127.617943         7.79056063E-06
   127.744736         7.84215899E-06
   127.871529         8.01344595E-06
   127.998322         8.29414694E-06
   128.125107         8.66782011E-06
   128.251907         9.11262396E-06
   128.378693         9.60221587E-06
   128.505493         1.01069390E-05
   128.632278         1.05950212E-05
   128.759079         1.10339406E-05
   128.885864         1.13917640E-05
   129.012665         1.16384572E-05
   129.139450         1.17471100E-05
   129.266251         1.16950832E-05
   129.393036         1.14648710E-05
   129.519836         1.10448827E-05
   129.646622         1.04298579E-05
   129.773422         9.62114063E-06
   129.900208         8.62663455E-06
   130.027008         7.46055457E-06
   130.153793         6.14293458E-06
   130.280594         4.69897623E-06
   130.407379         3.15822240E-06
   130.534180         1.55364273E-06
   130.660965        -7.94102988E-08
   130.787766        -1.70419173E-06
   130.914551        -3.28370038E-06
   131.041351        -4.78155744E-06
   131.168137        -6.16310308E-06
   131.294937        -7.39612460E-06
   131.421722        -8.45167051E-06
   131.548523        -9.30460646E-06
   131.675308        -9.93415688E-06
   131.802109        -1.03242310E-05
   131.928894        -1.04636720E-05
   132.055679        -1.03463772E-05
   132.182480        -9.97136976E-06
   132.309265        -9.34273703E-06
   132.436066        -8.46952753E-06
   132.562851        -7.36553648E-06
   132.689651        -6.04910292E-06
   132.816437        -4.54276687E-06
   132.943237        -2.87290118E-06
   133.070023        -1.06929281E-06
   133.196823         8.35355365E-07
   133.323608         2.80599011E-06
   133.450409         4.80583594E-06
   133.577194         6.79704408E-06
   133.703995         8.74146554E-06
   133.830780         1.06014568E-05
   133.957581         1.23406899E-05
   134.084366         1.39250242E-05
   134.211166         1.53233323E-05
   134.337952         1.65083147E-05
   134.464752         1.74572124E-05
   134.591537         1.81524319E-05
   134.718338         1.85820081E-05
   134.845123         1.87399128E-05
   134.971924         1.86262023E-05
   135.098709         1.82467938E-05
   135.225510         1.76133653E-05
   135.352295         1.67426278E-05
   135.479095         1.56557726E-05
   135.605881         1.43775178E-05
   135.732666         1.29350829E-05
   135.859467         1.13570914E-05
   135.986252         9.67233154E-06
   136.113052         7.90873310E-06
   136.239838         6.09217977E-06
   136.366638         4.24560267E-06
   136.493423         2.38823623E-06
   136.620224         5.35028448E-07
   136.747009        -1.30358319E-06
   136.873810        -3.12174461E-06
   137.000595        -4.91793935E-06
   137.127396        -6.69448127E-06
   137.254181        -8.45680279E-06
   137.380981        -1.02124450E-05
   137.507767        -1.19700589E-05
   137.634567        -1.37381830E-05
   137.761353        -1.55239777E-05
   137.888153        -1.73321296E-05
   138.014938        -1.91637391E-05
   138.141739        -2.10155067E-05
   138.268524        -2.28790741E-05
   138.395325        -2.47407224E-05
   138.522110        -2.65812978E-05
   138.648911        -2.83765403E-05
   138.775696        -3.00976062E-05
   138.902496        -3.17120503E-05
   139.029282        -3.31848933E-05
   139.156082        -3.44800355E-05
   139.282867        -3.55617703E-05
   139.409653        -3.63964355E-05
   139.536453        -3.69540649E-05
   139.663239        -3.72098657E-05
   139.790039        -3.71456990E-05
   139.916824        -3.67512075E-05
   140.043625        -3.60246922E-05
   140.170410        -3.49735856E-05
   140.297211        -3.36146477E-05
   140.423996        -3.19737010E-05
   140.550797        -3.00849679E-05
   140.677582        -2.79900869E-05
   140.804382        -2.57367992E-05
   140.931168        -2.33772771E-05
   141.057968        -2.09662758E-05
   141.184753        -1.85591198E-05
   141.311554        -1.62096203E-05
   141.438339        -1.39680233E-05
   141.565140        -1.18791040E-05
   141.691925        -9.98049291E-06
   141.818726        -8.30123463E-06
   141.945511        -6.86079147E-06
   142.072311        -5.66839935E-06
   142.199097        -4.72282682E-06
   142.325897        -4.01262923E-06
   142.452682        -3.51675817E-06
   142.579483        -3.20563822E-06
   142.706268        -3.04257856E-06
   142.833069        -2.98550822E-06
   142.959854        -2.98894770E-06
   143.086655        -3.00615420E-06
   143.213440        -2.99126896E-06
   143.340225        -2.90147864E-06
   143.467026        -2.69896236E-06
   143.593811        -2.35263155E-06
   143.720612        -1.83955581E-06
   143.847397        -1.14601892E-06
   143.974197        -2.68194128E-07
   144.100983         7.87640772E-07
   144.227783         2.00530371E-06
   144.354568         3.35935647E-06
   144.481369         4.81616826E-06
   144.608154         6.33538912E-06
   144.734955         7.87166300E-06
   144.861740         9.37667937E-06
   144.988541         1.08012673E-05
   145.115326         1.20975792E-05
   145.242126         1.32211862E-05
   145.368912         1.41330502E-05
   145.495712         1.48011886E-05
   145.622498         1.52021275E-05
   145.749298         1.53219244E-05
   145.876083         1.51568383E-05
   146.002884         1.47135252E-05
   146.129669         1.40088860E-05
   146.256470         1.30693079E-05
   146.383255         1.19296183E-05
   146.510056         1.06315738E-05
   146.636841         9.22209256E-06
   146.763641         7.75124226E-06
   146.890427         6.27015106E-06
   147.017212         4.82880887E-06
   147.144012         3.47406512E-06
   147.270798         2.24768792E-06
   147.397598         1.18461298E-06
   147.524384         3.11614940E-07
   147.651184        -3.53799095E-07
   147.777969        -8.04047943E-07
   147.904770        -1.04172545E-06
   148.031555        -1.07928463E-06
   148.158356        -9.38491439E-07
   148.285141        -6.49197716E-07
   148.411942        -2.47990499E-07
   148.538727         2.23609632E-07
   148.665527         7.21069057E-07
   148.792313         1.19885601E-06
   148.919113         1.61245009E-06
   149.045898         1.92043058E-06
   149.172699         2.08624033E-06
   149.299484         2.07985772E-06
   149.426285         1.87916021E-06
   149.553070         1.47096398E-06
   149.679871         8.51556990E-07
   149.806656         2.69236935E-08
   149.933456        -9.87578460E-07
   150.060242        -2.16793137E-06
   150.187042        -3.48257640E-06
   150.313828        -4.89387094E-06
   150.440628        -6.35978040E-06
   150.567413        -7.83575888E-06
   150.694214        -9.27674864E-06
   150.820999        -1.06391826E-05
   150.947784        -1.18829412E-05
   151.074585        -1.29731761E-05
   151.201370        -1.38818950E-05
   151.328171        -1.45892818E-05
   151.454956        -1.50846108E-05
   151.581757        -1.53667643E-05
   151.708542        -1.54442969E-05
   151.835342        -1.53350393E-05
   151.962128        -1.50653213E-05
   152.088928        -1.46687453E-05
   152.215714        -1.41847404E-05
   152.342514        -1.36567687E-05
   152.469299        -1.31304141E-05
   152.596100        -1.26513287E-05
   152.722885        -1.22631791E-05
   152.849686        -1.20055674E-05
   152.976471        -1.19122424E-05
   153.103271        -1.20094246E-05
   153.230057        -1.23144746E-05
   153.356857        -1.28350102E-05
   153.483643        -1.35683413E-05
   153.610443        -1.45014728E-05
   153.737228        -1.56114475E-05
   153.864029        -1.68660536E-05
   153.990814        -1.82250642E-05
   154.117615        -1.96416458E-05
   154.244400        -2.10640428E-05
   154.371201        -2.24375908E-05
   154.497986        -2.37066797E-05
   154.624771        -2.48168926E-05
   154.751572        -2.57170850E-05
   154.878357        -2.63612383E-05
   155.005157        -2.67102550E-05
   155.131943        -2.67333453E-05
   155.258743        -2.64091268E-05
   155.385529        -2.57263800E-05
   155.512329        -2.46844265E-05
   155.639114        -2.32931216E-05
   155.765915        -2.15725486E-05
   155.892700        -1.95523044E-05
   156.019501        -1.72705841E-05
   156.146286        -1.47729515E-05
   156.273087        -1.21108615E-05
   156.399872        -9.34012496E-06
   156.526672        -6.51914752E-06
   156.653458        -3.70733596E-06
   156.780258        -9.63297225E-07
   156.907043         1.65665881E-06
   157.033844         4.09995118E-06
   157.160629         6.31900548E-06
   157.287430         8.27231452E-06
   157.414215         9.92528658E-06
   157.541016         1.12509197E-05
   157.667801         1.22301981E-05
   157.794601         1.28522715E-05
   157.921387         1.31144889E-05
   158.048187         1.30220915E-05
   158.174973         1.25877814E-05
   158.301773         1.18311291E-05
   158.428558         1.07778078E-05
   158.555344         9.45872398E-06
   158.682144         7.90912691E-06
   158.808929         6.16758234E-06
   158.935730         4.27503892E-06
   159.062515         2.27378928E-06
   159.189316         2.06526252E-07
   159.316101        -1.88459762E-06
   159.442902        -3.95883444E-06
   159.569687        -5.97760754E-06
   159.696487        -7.90521153E-06
   159.823273        -9.70934889E-06
   159.950073        -1.13615715E-05
   160.076859        -1.28375923E-05
   160.203659        -1.41174487E-05
