  -4.50000000         0.00000000    
  -4.37320757         0.00000000    
  -4.24641466         0.00000000    
  -4.11962223         0.00000000    
  -3.99282932         0.00000000    
  -3.86603665         0.00000000    
  -3.73924398         0.00000000    
  -3.61245155        -7.57872476E-31
  -3.48565888        -1.69606889E-30
  -3.35886621        -1.61370179E-29
  -3.23207355        -4.53346214E-29
  -3.10528088         1.10472100E-28
  -2.97848821         1.05545622E-27
  -2.85169554         3.40931200E-27
  -2.72490287         4.84446300E-27
  -2.59811020        -7.63208597E-27
  -2.47131753        -6.73870253E-26
  -2.34452486        -2.21850884E-25
  -2.21773219        -4.68526629E-25
  -2.09093952        -5.81578778E-25
  -1.96414697         1.69423176E-25
  -1.83735430         3.23291193E-24
  -1.71056163         1.04550197E-23
  -1.58376896         2.25272058E-23
  -1.45697629         3.57342473E-23
  -1.33018374         3.77350415E-23
  -1.20339108         5.43952569E-24
  -1.07659841        -8.93404665E-23
 -0.949805737        -2.60185587E-22
 -0.823013067        -4.70639212E-22
 -0.696220458        -5.93288681E-22
 -0.569427788        -3.90597068E-22
 -0.442635119         4.42085881E-22
 -0.315842479         2.13610992E-21
 -0.189049825         4.61370246E-21
  -6.22571707E-02     7.22930248E-21
   6.45354837E-02     8.64273847E-21
  0.191328138         7.02578697E-21
  0.318120778         7.57122746E-22
  0.444913447        -1.04180224E-20
  0.571706116        -2.40816122E-20
  0.698498726        -3.43235332E-20
  0.825291395        -3.22163746E-20
  0.952084064        -8.24598824E-21
   1.07887673         4.32100379E-20
   1.20566940         1.18202300E-19
   1.33246195         1.98222034E-19
   1.45925462         2.48524089E-19
   1.58604729         2.22306883E-19
   1.71283996         7.21113698E-20
   1.83963263        -2.32460603E-19
   1.96642530        -6.84419630E-19
   2.09321785        -1.22259890E-18
   2.22001052        -1.72547177E-18
   2.34680319        -2.02123237E-18
   2.47359586        -1.91591119E-18
   2.60038853        -1.23585964E-18
   2.72718120         1.24157871E-19
   2.85397387         2.15852512E-18
   2.98076653         4.72345359E-18
   3.10755920         7.52825595E-18
   3.23435187         1.01408505E-17
   3.36114454         1.19979975E-17
   3.48793697         1.24133257E-17
   3.61472964         1.05894132E-17
   3.74152231         5.66177336E-18
   3.86831498        -3.17565122E-18
   3.99510765        -1.64067751E-17
   4.12190056        -3.37580051E-17
   4.24869299        -5.36208715E-17
   4.37548542        -7.24632385E-17
   4.50227833        -8.44719356E-17
   4.62907076        -8.17539657E-17
   4.75586367        -5.54223517E-17
   4.88265610         2.24025491E-18
   5.00944901         9.46283106E-17
   5.13624144         2.17163922E-16
   5.26303434         3.54078407E-16
   5.38982677         4.76873991E-16
   5.51661968         5.45777421E-16
   5.64341211         5.15146274E-16
   5.77020502         3.43008348E-16
   5.89699745         3.75840306E-18
   6.02379036        -4.98241720E-16
   6.15058279        -1.11748781E-15
   6.27737522        -1.76238270E-15
   6.40416813        -2.29988101E-15
   6.53096056        -2.57161151E-15
   6.65775347        -2.42097348E-15
   6.78454590        -1.72779369E-15
   6.91133881        -4.44432364E-16
   7.03813124         1.37464426E-15
   7.16492414         3.55807582E-15
   7.29171658         5.82424386E-15
   7.41850948         7.81261093E-15
   7.54530191         9.13822935E-15
   7.67209482         9.46292164E-15
   7.79888725         8.57214537E-15
   7.92567968         6.44394502E-15
   8.05247211         3.29600849E-15
   8.17926502        -4.00881345E-16
   8.30605793        -3.95045240E-15
   8.43285084        -6.50116337E-15
   8.55964279        -7.15475093E-15
   8.68643570        -5.10337139E-15
   8.81322861         2.18629222E-16
   8.94002151         8.98410069E-15
   9.06681347         2.08404681E-14
   9.19360638         3.48109569E-14
   9.32039928         4.92437817E-14
   9.44719219         6.18210181E-14
   9.57398415         6.96358525E-14
   9.70077705         6.93429147E-14
   9.82756996         5.73820031E-14
   9.95436192         3.02688782E-14
   10.0811548        -1.50585145E-14
   10.2079477        -8.08592695E-14
   10.3347406        -1.68199723E-13
   10.4615326        -2.76587320E-13
   10.5883255        -4.03661913E-13
   10.7151184        -5.44979264E-13
   10.8419113        -6.93914435E-13
   10.9687033        -8.41706316E-13
   11.0954962        -9.77649602E-13
   11.2222891        -1.08942868E-12
   11.3490820        -1.16356978E-12
   11.4758739        -1.18597818E-12
   11.6026669        -1.14251371E-12
   11.7294598        -1.01955683E-12
   11.8562517        -8.04528265E-13
   11.9830446        -4.86323872E-13
   12.1098375        -5.56797040E-14
   12.2366304         4.94532312E-13
   12.3634224         1.16900120E-12
   12.4902153         1.96958790E-12
   12.6170082         2.89476039E-12
   12.7438011         3.93873172E-12
   12.8705931         5.09023466E-12
   12.9973860         6.33086942E-12
   13.1241789         7.63302616E-12
   13.2509708         8.95749013E-12
   13.3777637         1.02508028E-11
   13.5045567         1.14426593E-11
   13.6313496         1.24435861E-11
   13.7581415         1.31432339E-11
   13.8849344         1.34096900E-11
   14.0117273         1.30902043E-11
   14.1385202         1.20137780E-11
   14.2653122         9.99615928E-12
   14.3921051         6.84753252E-12
   14.5188980         2.38349423E-12
   14.6456909        -3.56047657E-12
   14.7724829        -1.11109576E-11
   14.8992758        -2.03350323E-11
   15.0260687        -3.12158147E-11
   15.1528606        -4.36261270E-11
   15.2796535        -5.73016877E-11
   15.4064465        -7.18162821E-11
   15.5332394        -8.65610708E-11
   15.6600313        -1.00731382E-10
   15.7868242        -1.13324343E-10
   15.9136171        -1.23149990E-10
   16.0404091        -1.28859756E-10
   16.1672020        -1.28993385E-10
   16.2939949        -1.22046526E-10
   16.4207878        -1.06558283E-10
   16.5475807        -8.12175674E-11
   16.6743736        -4.49845404E-11
   16.8011646         2.77774657E-12
   16.9279575         6.21684024E-11
   17.0547504         1.32618763E-10
   17.1815434         2.12777684E-10
   17.3083363         3.00420605E-10
   17.4351292         3.92395644E-10
   17.5619221         4.84614571E-10
   17.6887150         5.72098258E-10
   17.8155060         6.49084231E-10
   17.9422989         7.09200310E-10
   18.0690918         7.45705553E-10
   18.1958847         7.51795959E-10
   18.3226776         7.20967397E-10
   18.4494705         6.47427167E-10
   18.5762634         5.26534261E-10
   18.7030544         3.55252938E-10
   18.8298473         1.32593006E-10
   18.9566402        -1.39986467E-10
   19.0834332        -4.58240140E-10
   19.2102261        -8.14892931E-10
   19.3370190        -1.19951193E-09
   19.4638119        -1.59852998E-09
   19.5906048        -1.99542338E-09
   19.7173958        -2.37106823E-09
   19.8441887        -2.70427858E-09
   19.9709816        -2.97252156E-09
   20.0977745        -3.15279580E-09
   20.2245674        -3.22265992E-09
   20.3513603        -3.16136850E-09
   20.4781532        -2.95107805E-09
   20.6049442        -2.57808885E-09
   20.7317371        -2.03404449E-09
   20.8585300        -1.31704869E-09
   20.9853230        -4.32632125E-10
   21.1121159         6.05498818E-10
   21.2389088         1.77497728E-09
   21.3657017         3.04462167E-09
   21.4924946         4.37465264E-09
   21.6192856         5.71730796E-09
   21.7460785         7.01789160E-09
   21.8728714         8.21624369E-09
   21.9996643         9.24862231E-09
   22.1264572         1.00499902E-08
   22.2532501         1.05565849E-08
   22.3800430         1.07087796E-08
   22.5068340         1.04540891E-08
   22.6336269         9.75021397E-09
   22.7604198         8.56801652E-09
   22.8872128         6.89428425E-09
   23.0140057         4.73412998E-09
   23.1407986         2.11290874E-09
   23.2675915        -9.22500076E-10
   23.3943844        -4.30316804E-09
   23.5211754        -7.93843036E-09
   23.6479683        -1.17171393E-08
   23.7747612        -1.55098938E-08
   23.9015541        -1.91722247E-08
   24.0283470        -2.25487771E-08
   24.1551399        -2.54783181E-08
   24.2819328        -2.77995209E-08
   24.4087238        -2.93573397E-08
   24.5355167        -3.00097618E-08
   24.6623096        -2.96347196E-08
   24.7891026        -2.81368369E-08
   24.9158955        -2.54538151E-08
   25.0426884        -2.15620588E-08
   25.1694813        -1.64813052E-08
   25.2962742        -1.02779412E-08
   25.4230652        -3.06678283E-09
   25.5498581         4.98891906E-09
   25.6766510         1.36793954E-08
   25.8034439         2.27522410E-08
   25.9302368         3.19183968E-08
   26.0570297         4.08599625E-08
   26.1838226         4.92398620E-08
   26.3106136         5.67130591E-08
   26.4374065         6.29388381E-08
   26.5641994         6.75940655E-08
   26.6909924         7.03865908E-08
   26.8177853         7.10685271E-08
   26.9445782         6.94488094E-08
   27.0713711         6.54043575E-08
   27.1981640         5.88894054E-08
   27.3249550         4.99425497E-08
   27.4517479         3.86909100E-08
   27.5785408         2.53511985E-08
   27.7053337         1.02273461E-08
   27.8321266        -6.29526919E-09
   27.9589195        -2.37591955E-08
   28.0857124        -4.16475174E-08
   28.2125034        -5.93994507E-08
   28.3392963        -7.64285986E-08
   28.4660892        -9.21429404E-08
   28.5928822        -1.05966279E-07
   28.7196751        -1.17360010E-07
   28.8464680        -1.25844409E-07
   28.9732609        -1.31018865E-07
   29.1000538        -1.32579686E-07
   29.2268448        -1.30334982E-07
   29.3536377        -1.24215816E-07
   29.4804306        -1.14283004E-07
   29.6072235        -1.00728968E-07
   29.7340164        -8.38745251E-08
   29.8608093        -6.41604530E-08
   29.9876022        -4.21340260E-08
   30.1143932        -1.84307236E-08
   30.2411861         6.24805141E-09
   30.3679790         3.11605781E-08
   30.4947720         5.55529169E-08
   30.6215649         7.86881031E-08
   30.7483578         9.98753436E-08
   30.8751507         1.18498029E-07
   31.0019417         1.34039155E-07
   31.1287346         1.46102963E-07
   31.2555275         1.54431774E-07
   31.3823204         1.58917160E-07
   31.5091133         1.59604554E-07
   31.6359062         1.56691115E-07
   31.7626991         1.50516811E-07
   31.8894920         1.41548455E-07
   32.0162849         1.30358174E-07
   32.1430779         1.17595917E-07
   32.2698708         1.03958435E-07
   32.3966637         9.01548987E-08
   32.5234528         7.68717925E-08
   32.6502457         6.47376410E-08
   32.7770386         5.42901830E-08
   32.9038315         4.59469689E-08
   33.0306244         3.99812201E-08
   33.1574173         3.65038524E-08
   33.2842102         3.54533043E-08
   33.4110031         3.65931072E-08
   33.5377960         3.95180031E-08
   33.6645889         4.36686349E-08
   33.7913818         4.83533782E-08
   33.9181747         5.27783399E-08
   34.0449677         5.60816176E-08
   34.1717606         5.73738035E-08
   34.2985535         5.57785818E-08
   34.4253426         5.04765936E-08
   34.5521355         4.07459417E-08
   34.6789284         2.60003183E-08
   34.8057213         5.82215387E-09
   34.9325142        -2.00111181E-08
   35.0593071        -5.15089198E-08
   35.1861000        -8.84575471E-08
   35.3128929        -1.30420332E-07
   35.4396858        -1.76746923E-07
   35.5664787        -2.26591325E-07
   35.6932716        -2.78937904E-07
   35.8200645        -3.32634500E-07
   35.9468575        -3.86430202E-07
   36.0736504        -4.39016247E-07
   36.2004433        -4.89067702E-07
   36.3272324        -5.35283561E-07
   36.4540253        -5.76423474E-07
   36.5808182        -6.11339146E-07
   36.7076111        -6.38997392E-07
   36.8344040        -6.58495935E-07
   36.9611969        -6.69069948E-07
   37.0879898        -6.70086251E-07
   37.2147827        -6.61034505E-07
   37.3415756        -6.41503505E-07
   37.4683685        -6.11158328E-07
   37.5951614        -5.69708959E-07
   37.7219543        -5.16879822E-07
   37.8487473        -4.52381869E-07
   37.9755402        -3.75888789E-07
   38.1023293        -2.87024051E-07
   38.2291222        -1.85357138E-07
   38.3559151        -7.04161280E-08
   38.4827080         5.82854973E-08
   38.6095009         2.01202440E-07
   38.7362938         3.58695161E-07
   38.8630867         5.30948228E-07
   38.9898796         7.17874684E-07
   39.1166725         9.19006766E-07
   39.2434654         1.13337637E-06
   39.3702583         1.35939138E-06
   39.4970512         1.59471222E-06
   39.6238441         1.83613474E-06
   39.7506371         2.07948301E-06
   39.8774300         2.31952163E-06
   40.0042191         2.54989777E-06
   40.1310120         2.76309811E-06
   40.2578049         2.95045538E-06
   40.3845978         3.10218365E-06
   40.5113907         3.20745971E-06
   40.6381836         3.25453584E-06
   40.7649765         3.23090603E-06
   40.8917694         3.12350039E-06
   41.0185623         2.91892206E-06
   41.1453552         2.60370439E-06
   41.2721481         2.16460194E-06
   41.3989410         1.58889077E-06
   41.5257339         8.64672586E-07
   41.6525269        -1.88174027E-08
   41.7793198        -1.07092285E-06
   41.9061089        -2.29929810E-06
   42.0329018        -3.70967336E-06
   42.1596947        -5.30566103E-06
   42.2864876        -7.08861398E-06
   42.4132805        -9.05754405E-06
   42.5400734        -1.12090829E-05
   42.6668663        -1.35375340E-05
   42.7936592        -1.60349737E-05
   42.9204521        -1.86914112E-05
   43.0472450        -2.14950123E-05
   43.1740379        -2.44323983E-05
   43.3008308        -2.74889480E-05
   43.4276237        -3.06491711E-05
   43.5544167        -3.38970931E-05
   43.6812096        -3.72166396E-05
   43.8079987        -4.05920509E-05
   43.9347916        -4.40082658E-05
   44.0615845        -4.74512162E-05
   44.1883774        -5.09082092E-05
   44.3151703        -5.43681308E-05
   44.4419632        -5.78216132E-05
   44.5687561        -6.12612275E-05
   44.6955490        -6.46813642E-05
   44.8223419        -6.80783414E-05
   44.9491348        -7.14501657E-05
   45.0759277        -7.47963350E-05
   45.2027206        -7.81175258E-05
   45.3295135        -8.14151863E-05
   45.4563065        -8.46912517E-05
   45.5830994        -8.79474828E-05
   45.7098885        -9.11851384E-05
   45.8366814        -9.44043713E-05
   45.9634743        -9.76037554E-05
   46.0902672        -1.00779878E-04
   46.2170601        -1.03926868E-04
   46.3438530        -1.07036096E-04
   46.4706459        -1.10095898E-04
   46.5974388        -1.13091504E-04
   46.7242317        -1.16004878E-04
   46.8510246        -1.18814940E-04
   46.9778175        -1.21497724E-04
   47.1046104        -1.24026730E-04
   47.2314034        -1.26373459E-04
   47.3581963        -1.28507978E-04
   47.4849892        -1.30399625E-04
   47.6117783        -1.32017813E-04
   47.7385712        -1.33332971E-04
   47.8653641        -1.34317306E-04
   47.9921570        -1.34945905E-04
   48.1189499        -1.35197552E-04
   48.2457428        -1.35055641E-04
   48.3725357        -1.34509013E-04
   48.4993286        -1.33552690E-04
   48.6261215        -1.32188332E-04
   48.7529144        -1.30424858E-04
   48.8797073        -1.28278640E-04
   49.0065002        -1.25773600E-04
   49.1332932        -1.22941012E-04
   49.2600861        -1.19819371E-04
   49.3868790        -1.16453775E-04
   49.5136681        -1.12895228E-04
   49.6404610        -1.09199864E-04
   49.7672539        -1.05427745E-04
   49.8940468        -1.01641897E-04
   50.0208397        -9.79069227E-05
   50.1476326        -9.42876941E-05
   50.2744255        -9.08480361E-05
   50.4012184        -8.76493141E-05
   50.5280113        -8.47491174E-05
   50.6548042        -8.22000657E-05
   50.7815971        -8.00486159E-05
   50.9083900        -7.83340947E-05
   51.0351830        -7.70878978E-05
   51.1619759        -7.63328062E-05
   51.2887688        -7.60826151E-05
   51.4155579        -7.63419448E-05
   51.5423508        -7.71061750E-05
   51.6691437        -7.83617579E-05
   51.7959366        -8.00866255E-05
   51.9227295        -8.22508082E-05
   52.0495224        -8.48172858E-05
   52.1763153        -8.77429557E-05
   52.3031082        -9.09795635E-05
   52.4299011        -9.44750427E-05
   52.5566940        -9.81745907E-05
   52.6834869        -1.02021892E-04
   52.8102798        -1.05960433E-04
   52.9370728        -1.09934474E-04
   53.0638657        -1.13890201E-04
   53.1906586        -1.17776734E-04
   53.3174477        -1.21546873E-04
   53.4442406        -1.25157792E-04
   53.5710335        -1.28571628E-04
   53.6978264        -1.31755791E-04
   53.8246193        -1.34683141E-04
   53.9514122        -1.37332216E-04
   54.0782051        -1.39686832E-04
   54.2049980        -1.41736207E-04
   54.3317909        -1.43474317E-04
   54.4585838        -1.44899648E-04
   54.5853767        -1.46014732E-04
   54.7121696        -1.46825303E-04
   54.8389626        -1.47340237E-04
   54.9657555        -1.47570492E-04
   55.0925484        -1.47528946E-04
   55.2193375        -1.47229672E-04
   55.3461304        -1.46687686E-04
   55.4729233        -1.45918457E-04
   55.5997162        -1.44937672E-04
   55.7265091        -1.43761135E-04
   55.8533020        -1.42404475E-04
   55.9800949        -1.40883305E-04
   56.1068878        -1.39213153E-04
   56.2336807        -1.37409545E-04
   56.3604736        -1.35488226E-04
   56.4872665        -1.33465306E-04
   56.6140594        -1.31357403E-04
   56.7408524        -1.29181877E-04
   56.8676453        -1.26956947E-04
   56.9944382        -1.24701823E-04
   57.1212273        -1.22436773E-04
   57.2480202        -1.20183155E-04
   57.3748131        -1.17963333E-04
   57.5016060        -1.15800474E-04
   57.6283989        -1.13718401E-04
   57.7551918        -1.11741276E-04
   57.8819847        -1.09893219E-04
   58.0087776        -1.08197863E-04
   58.1355705        -1.06677908E-04
   58.2623634        -1.05354600E-04
   58.3891563        -1.04247178E-04
   58.5159492        -1.03372477E-04
   58.6427422        -1.02744227E-04
   58.7695351        -1.02372840E-04
   58.8963280        -1.02264879E-04
   59.0231171        -1.02422789E-04
   59.1499100        -1.02844766E-04
   59.2767029        -1.03524537E-04
   59.4034958        -1.04451472E-04
   59.5302887        -1.05610663E-04
   59.6570816        -1.06983192E-04
   59.7838745        -1.08546454E-04
   59.9106674        -1.10274588E-04
   60.0374603        -1.12139111E-04
   60.1642532        -1.14109382E-04
   60.2910461        -1.16153358E-04
   60.4178391        -1.18238240E-04
   60.5446320        -1.20331199E-04
   60.6714249        -1.22400015E-04
   60.7982178        -1.24413797E-04
   60.9250069        -1.26343541E-04
   61.0517998        -1.28162690E-04
   61.1785927        -1.29847627E-04
   61.3053856        -1.31378009E-04
   61.4321785        -1.32737128E-04
   61.5589714        -1.33911948E-04
   61.6857643        -1.34893387E-04
   61.8125572        -1.35676091E-04
   61.9393501        -1.36258546E-04
   62.0661430        -1.36642702E-04
   62.1929359        -1.36833856E-04
   62.3197289        -1.36840245E-04
   62.4465218        -1.36672810E-04
   62.5733147        -1.36344635E-04
   62.7001076        -1.35870738E-04
   62.8268967        -1.35267444E-04
   62.9536896        -1.34552232E-04
   63.0804825        -1.33743175E-04
   63.2072754        -1.32858622E-04
   63.3340683        -1.31916910E-04
   63.4608612        -1.30936052E-04
   63.5876541        -1.29933585E-04
   63.7144470        -1.28926127E-04
   63.8412399        -1.27929539E-04
   63.9680328        -1.26958592E-04
   64.0948257        -1.26026993E-04
   64.2216187        -1.25147242E-04
   64.3484116        -1.24330705E-04
   64.4752045        -1.23587612E-04
   64.6019974        -1.22927071E-04
   64.7287903        -1.22357058E-04
   64.8555832        -1.21884623E-04
   64.9823761        -1.21515834E-04
   65.1091690        -1.21255922E-04
   65.2359619        -1.21109384E-04
   65.3627548        -1.21080033E-04
   65.4895477        -1.21171164E-04
   65.6163330        -1.21385630E-04
   65.7431259        -1.21725963E-04
   65.8699188        -1.22194499E-04
   65.9967117        -1.22793441E-04
   66.1235046        -1.23525111E-04
   66.2502975        -1.24391867E-04
   66.3770905        -1.25396386E-04
   66.5038834        -1.26541578E-04
   66.6306763        -1.27830717E-04
   66.7574692        -1.29267457E-04
   66.8842621        -1.30855828E-04
   67.0110550        -1.32600107E-04
   67.1378479        -1.34504735E-04
   67.2646408        -1.36574265E-04
   67.3914337        -1.38812989E-04
   67.5182266        -1.41224722E-04
   67.6450195        -1.43812562E-04
   67.7718124        -1.46578474E-04
   67.8986053        -1.49522864E-04
   68.0253983        -1.52644163E-04
   68.1521912        -1.55938498E-04
   68.2789841        -1.59399191E-04
   68.4057770        -1.63016331E-04
   68.5325699        -1.66776546E-04
   68.6593628        -1.70662577E-04
   68.7861557        -1.74653251E-04
   68.9129486        -1.78723261E-04
   69.0397415        -1.82843287E-04
   69.1665344        -1.86980149E-04
   69.2933273        -1.91097119E-04
   69.4201126        -1.95154469E-04
   69.5469055        -1.99109854E-04
   69.6736984        -2.02919429E-04
   69.8004913        -2.06538389E-04
   69.9272842        -2.09922204E-04
   70.0540771        -2.13027452E-04
   70.1808701        -2.15813227E-04
   70.3076630        -2.18242058E-04
   70.4344559        -2.20281072E-04
   70.5612488        -2.21903130E-04
   70.6880417        -2.23087729E-04
   70.8148346        -2.23821931E-04
   70.9416275        -2.24100892E-04
   71.0684204        -2.23928568E-04
   71.1952133        -2.23317635E-04
   71.3220062        -2.22289964E-04
   71.4487991        -2.20875911E-04
   71.5755920        -2.19114168E-04
   71.7023849        -2.17050838E-04
   71.8291779        -2.14738626E-04
   71.9559708        -2.12235318E-04
   72.0827637        -2.09602775E-04
   72.2095566        -2.06905228E-04
   72.3363495        -2.04207463E-04
   72.4631424        -2.01573508E-04
   72.5899353        -1.99064671E-04
   72.7167282        -1.96737805E-04
   72.8435211        -1.94644002E-04
   72.9703140        -1.92827021E-04
   73.0971069        -1.91322164E-04
   73.2238922        -1.90155188E-04
   73.3506851        -1.89341794E-04
   73.4774780        -1.88887032E-04
   73.6042709        -1.88785460E-04
   73.7310638        -1.89021113E-04
   73.8578568        -1.89568338E-04
   73.9846497        -1.90392471E-04
   74.1114426        -1.91451167E-04
   74.2382355        -1.92695516E-04
   74.3650284        -1.94071908E-04
   74.4918213        -1.95523549E-04
   74.6186142        -1.96992376E-04
   74.7454071        -1.98420777E-04
   74.8722000        -1.99753471E-04
   74.9989929        -2.00939176E-04
   75.1257858        -2.01932009E-04
   75.2525787        -2.02693001E-04
   75.3793716        -2.03190983E-04
   75.5061646        -2.03403513E-04
   75.6329575        -2.03317017E-04
   75.7597504        -2.02927346E-04
   75.8865433        -2.02239084E-04
   76.0133362        -2.01265313E-04
   76.1401291        -2.00026654E-04
   76.2669220        -1.98549926E-04
   76.3937149        -1.96867113E-04
   76.5205078        -1.95013548E-04
   76.6473007        -1.93026310E-04
   76.7740936        -1.90942534E-04
   76.9008865        -1.88797640E-04
   77.0276718        -1.86623685E-04
   77.1544647        -1.84447927E-04
   77.2812576        -1.82291478E-04
   77.4080505        -1.80168383E-04
   77.5348434        -1.78084680E-04
   77.6616364        -1.76038229E-04
   77.7884293        -1.74018714E-04
   77.9152222        -1.72007698E-04
   78.0420151        -1.69979656E-04
   78.1688080        -1.67902879E-04
   78.2956009        -1.65740814E-04
   78.4223938        -1.63453675E-04
   78.5491867        -1.61000513E-04
   78.6759796        -1.58340787E-04
   78.8027725        -1.55436763E-04
   78.9295654        -1.52255350E-04
   79.0563583        -1.48770079E-04
   79.1831512        -1.44963109E-04
   79.3099442        -1.40826523E-04
   79.4367371        -1.36363786E-04
   79.5635300        -1.31590554E-04
   79.6903229        -1.26535408E-04
   79.8171158        -1.21239755E-04
   79.9439087        -1.15757823E-04
   80.0707016        -1.10155590E-04
   80.1974945        -1.04509818E-04
   80.3242874        -9.89065884E-05
   80.4510803        -9.34392665E-05
   80.5778732        -8.82064342E-05
   80.7046585        -8.33094382E-05
   80.8314514        -7.88498655E-05
   80.9582443        -7.49270985E-05
   81.0850372        -7.16354698E-05
   81.2118301        -6.90620582E-05
   81.3386230        -6.72841197E-05
   81.4654160        -6.63672545E-05
   81.5922089        -6.63634928E-05
   81.7190018        -6.73100149E-05
   81.8457947        -6.92280810E-05
   81.9725876        -7.21225297E-05
   82.0993805        -7.59816030E-05
   82.2261734        -8.07773322E-05
   82.3529663        -8.64662143E-05
   82.4797592        -9.29903836E-05
   82.6065521        -1.00279096E-04
   82.7333450        -1.08250526E-04
   82.8601379        -1.16813775E-04
   82.9869308        -1.25871054E-04
   83.1137238        -1.35320050E-04
   83.2405167        -1.45056125E-04
   83.3673096        -1.54974710E-04
   83.4941025        -1.64973360E-04
   83.6208954        -1.74953704E-04
   83.7476883        -1.84823308E-04
   83.8744812        -1.94496868E-04
   84.0012741        -2.03897464E-04
   84.1280670        -2.12957413E-04
   84.2548599        -2.21618466E-04
   84.3816528        -2.29831974E-04
   84.5084381        -2.37558575E-04
   84.6352310        -2.44767725E-04
   84.7620239        -2.51436577E-04
   84.8888168        -2.57549342E-04
   85.0156097        -2.63095775E-04
   85.1424026        -2.68069765E-04
   85.2691956        -2.72468373E-04
   85.3959885        -2.76290113E-04
   85.5227814        -2.79534142E-04
   85.6495743        -2.82198889E-04
   85.7763672        -2.84281326E-04
   85.9031601        -2.85776448E-04
   86.0299530        -2.86676775E-04
   86.1567459        -2.86972558E-04
   86.2835388        -2.86651688E-04
   86.4103317        -2.85700749E-04
   86.5371246        -2.84105452E-04
   86.6639175        -2.81851797E-04
   86.7907104        -2.78927473E-04
   86.9175034        -2.75323080E-04
   87.0442963        -2.71033670E-04
   87.1710892        -2.66060204E-04
   87.2978821        -2.60410889E-04
   87.4246750        -2.54102517E-04
   87.5514679        -2.47161486E-04
   87.6782608        -2.39624685E-04
   87.8050537        -2.31539743E-04
   87.9318466        -2.22965522E-04
   88.0586395        -2.13971507E-04
   88.1854324        -2.04637385E-04
   88.3122177        -1.95051965E-04
   88.4390106        -1.85311670E-04
   88.5658035        -1.75518770E-04
   88.6925964        -1.65779318E-04
   88.8193893        -1.56200753E-04
   88.9461823        -1.46889361E-04
   89.0729752        -1.37947616E-04
   89.1997681        -1.29471446E-04
   89.3265610        -1.21547608E-04
   89.4533539        -1.14251292E-04
   89.5801468        -1.07643798E-04
   89.7069397        -1.01770565E-04
   89.8337326        -9.66597581E-05
   89.9605255        -9.23210973E-05
   90.0873184        -8.87453498E-05
   90.2141113        -8.59041902E-05
   90.3409042        -8.37507978E-05
   90.4676971        -8.22209695E-05
   90.5944901        -8.12345461E-05
   90.7212830        -8.06975077E-05
   90.8480759        -8.05047748E-05
   90.9748688        -8.05425952E-05
   91.1016617        -8.06919634E-05
   91.2284546        -8.08319965E-05
   91.3552475        -8.08430632E-05
   91.4820404        -8.06103126E-05
   91.6088333        -8.00267953E-05
   91.7356262        -7.89965343E-05
   91.8624191        -7.74371729E-05
   91.9892120        -7.52820561E-05
   92.1159973        -7.24821948E-05
   92.2427902        -6.90074448E-05
   92.3695831        -6.48471832E-05
   92.4963760        -6.00104249E-05
   92.6231689        -5.45253097E-05
   92.7499619        -4.84382363E-05
   92.8767548        -4.18122181E-05
   93.0035477        -3.47249334E-05
   93.1303406        -2.72664729E-05
   93.2571335        -1.95364646E-05
   93.3839264        -1.16412893E-05
   93.5107193        -3.69105601E-06
   93.6375122         4.20357401E-06
   93.7643051         1.19343740E-05
   93.8910980         1.93984233E-05
   94.0178909         2.65009185E-05
   94.1446838         3.31573865E-05
   94.2714767         3.92958245E-05
   94.3982697         4.48583778E-05
   94.5250626         4.98023655E-05
   94.6518555         5.41011541E-05
   94.7786484         5.77442588E-05
   94.9054413         6.07372422E-05
   95.0322342         6.31009170E-05
   95.1590271         6.48703281E-05
   95.2858200         6.60932565E-05
   95.4126129         6.68283610E-05
   95.5394058         6.71432717E-05
   95.6661987         6.71121816E-05
   95.7929916         6.68136272E-05
   95.9197769         6.63280152E-05
   96.0465698         6.57352939E-05
   96.1733627         6.51126393E-05
   96.3001556         6.45324253E-05
   96.4269485         6.40603321E-05
   96.5537415         6.37537742E-05
   96.6805344         6.36605837E-05
   96.8073273         6.38181154E-05
   96.9341202         6.42527521E-05
   97.0609131         6.49796420E-05
   97.1877060         6.60028963E-05
   97.3144989         6.73161121E-05
   97.4412918         6.89031949E-05
   97.5680847         7.07394429E-05
   97.6948776         7.27928273E-05
   97.8216705         7.50254694E-05
   97.9484634         7.73951688E-05
   98.0752563         7.98570545E-05
   98.2020493         8.23649971E-05
   98.3288422         8.48732234E-05
   98.4556351         8.73375320E-05
   98.5824280         8.97165155E-05
   98.7092209         9.19723825E-05
   98.8360138         9.40717291E-05
   98.9628067         9.59859317E-05
   99.0895996         9.76912561E-05
   99.2163925         9.91689085E-05
   99.3431854         1.00404686E-04
   99.4699783         1.01388541E-04
   99.5967712         1.02114012E-04
   99.7235565         1.02577549E-04
   99.8503494         1.02777747E-04
   99.9771423         1.02714665E-04
   100.103935         1.02389175E-04
   100.230728         1.01802303E-04
   100.357521         1.00954952E-04
   100.484314         9.98474206E-05
   100.611107         9.84793878E-05
   100.737900         9.68500026E-05
   100.864693         9.49580790E-05
   100.991486         9.28024238E-05
   101.118279         9.03825494E-05
   101.245071         8.76991835E-05
   101.371864         8.47550182E-05
   101.498657         8.15554522E-05
   101.625450         7.81093549E-05
   101.752243         7.44297067E-05
   101.879036         7.05341590E-05
   102.005829         6.64453983E-05
   102.132622         6.21914805E-05
   102.259415         5.78057407E-05
   102.386208         5.33266357E-05
   102.513000         4.87973011E-05
   102.639793         4.42648961E-05
   102.766586         3.97796357E-05
   102.893379         3.53937721E-05
   103.020172         3.11602817E-05
   103.146965         2.71314457E-05
   103.273758         2.33573937E-05
   103.400551         1.98845682E-05
   103.527336         1.67541584E-05
   103.654129         1.40007023E-05
   103.780922         1.16507235E-05
   103.907715         9.72163980E-06
   104.034508         8.22078528E-06
   104.161301         7.14485031E-06
   104.288094         6.47944898E-06
   104.414886         6.19919092E-06
   104.541679         6.26791052E-06
   104.668472         6.63944820E-06
   104.795265         7.25855443E-06
   104.922058         8.06221215E-06
   105.048851         8.98123835E-06
   105.175644         9.94201400E-06
   105.302437         1.08684972E-05
   105.429230         1.16842657E-05
   105.556023         1.23146001E-05
   105.682816         1.26885570E-05
   105.809608         1.27409421E-05
   105.936401         1.24140906E-05
   106.063194         1.16594292E-05
   106.189987         1.04387691E-05
   106.316780         8.72520195E-06
   106.443573         6.50377069E-06
   106.570366         3.77164224E-06
   106.697159         5.37913422E-07
   106.823952        -3.17681292E-06
   106.950745        -7.34139621E-06
   107.077538        -1.19152792E-05
   107.204330        -1.68499191E-05
   107.331116        -2.20904021E-05
   107.457909        -2.75772072E-05
   107.584702        -3.32480231E-05
   107.711494        -3.90395398E-05
   107.838287        -4.48892497E-05
   107.965080        -5.07369805E-05
   108.091873        -5.65263981E-05
   108.218666        -6.22061416E-05
   108.345459        -6.77308199E-05
   108.472252        -7.30615720E-05
   108.599045        -7.81665149E-05
   108.725838        -8.30206482E-05
   108.852631        -8.76057456E-05
   108.979424        -9.19097729E-05
   109.106216        -9.59262397E-05
   109.233009        -9.96532835E-05
   109.359802        -1.03092614E-04
   109.486595        -1.06248503E-04
   109.613388        -1.09126624E-04
   109.740181        -1.11732945E-04
   109.866974        -1.14072922E-04
   109.993767        -1.16150477E-04
   110.120560        -1.17967400E-04
   110.247353        -1.19522891E-04
   110.374146        -1.20813325E-04
   110.500938        -1.21832280E-04
   110.627731        -1.22570709E-04
   110.754524        -1.23017424E-04
   110.881317        -1.23159887E-04
   111.008102        -1.22984769E-04
   111.134895        -1.22479221E-04
   111.261688        -1.21631798E-04
   111.388481        -1.20433571E-04
   111.515274        -1.18879252E-04
   111.642067        -1.16968266E-04
   111.768860        -1.14705654E-04
   111.895653        -1.12102884E-04
   112.022446        -1.09178436E-04
   112.149239        -1.05958068E-04
   112.276031        -1.02475067E-04
   112.402824        -9.87698368E-05
   112.529617        -9.48895831E-05
   112.656410        -9.08875445E-05
   112.783203        -8.68219358E-05
   112.909996        -8.27547119E-05
   113.036789        -7.87501558E-05
   113.163582        -7.48732418E-05
   113.290375        -7.11879693E-05
   113.417168        -6.77556163E-05
   113.543961        -6.46330154E-05
   113.670753        -6.18708655E-05
   113.797546        -5.95122292E-05
   113.924339        -5.75912090E-05
   114.051132        -5.61318193E-05
   114.177925        -5.51471348E-05
   114.304718        -5.46388401E-05
   114.431511        -5.45969706E-05
   114.558304        -5.50001241E-05
   114.685097        -5.58159190E-05
   114.811882        -5.70018638E-05
   114.938675        -5.85064445E-05
   115.065468        -6.02705986E-05
   115.192261        -6.22292791E-05
   115.319054        -6.43133098E-05
   115.445847        -6.64512627E-05
   115.572639        -6.85714112E-05
   115.699432        -7.06037172E-05
   115.826225        -7.24816564E-05
   115.953018        -7.41439435E-05
   116.079811        -7.55360743E-05
   116.206604        -7.66115481E-05
   116.333397        -7.73330321E-05
   116.460190        -7.76729139E-05
   116.586983        -7.76138186E-05
   116.713776        -7.71486375E-05
   116.840569        -7.62803393E-05
   116.967361        -7.50214749E-05
   117.094154        -7.33934430E-05
   117.220947        -7.14255075E-05
   117.347740        -6.91537061E-05
   117.474533        -6.66196211E-05
   117.601326        -6.38689817E-05
   117.728119        -6.09504350E-05
   117.854912        -5.79141561E-05
   117.981705        -5.48106109E-05
   118.108498        -5.16893851E-05
   118.235291        -4.85981691E-05
   118.362083        -4.55818335E-05
   118.488876        -4.26816696E-05
   118.615662        -3.99348792E-05
   118.742455        -3.73740622E-05
   118.869247        -3.50269838E-05
   118.996040        -3.29164905E-05
   119.122833        -3.10604264E-05
   119.249626        -2.94717938E-05
   119.376419        -2.81589855E-05
   119.503212        -2.71260178E-05
   119.630005        -2.63729416E-05
   119.756798        -2.58962227E-05
   119.883591        -2.56892072E-05
   120.010384        -2.57425709E-05
   120.137177        -2.60448323E-05
   120.263969        -2.65828403E-05
   120.390762        -2.73422538E-05
   120.517555        -2.83080517E-05
   120.644348        -2.94649835E-05
   120.771141        -3.07980117E-05
   120.897934        -3.22927117E-05
   121.024727        -3.39356084E-05
   121.151520        -3.57144818E-05
   121.278313        -3.76185963E-05
   121.405106        -3.96387877E-05
   121.531898        -4.17675656E-05
   121.658691        -4.39990254E-05
   121.785484        -4.63286851E-05
   121.912277        -4.87533034E-05
   122.039070        -5.12704464E-05
   122.165863        -5.38780878E-05
   122.292656        -5.65741320E-05
   122.419441        -5.93557852E-05
   122.546234        -6.22189837E-05
   122.673027        -6.51577720E-05
   122.799820        -6.81637175E-05
   122.926613        -7.12253313E-05
   123.053406        -7.43276105E-05
   123.180199        -7.74516593E-05
   123.306992        -8.05744421E-05
   123.433784        -8.36687032E-05
   123.560577        -8.67030030E-05
   123.687370        -8.96420752E-05
   123.814163        -9.24471606E-05
   123.940956        -9.50767208E-05
   124.067749        -9.74872164E-05
   124.194542        -9.96341259E-05
   124.321335        -1.01473037E-04
   124.448128        -1.02960832E-04
   124.574921        -1.04057086E-04
   124.701714        -1.04725281E-04
   124.828506        -1.04934195E-04
   124.955299        -1.04659186E-04
   125.082092        -1.03883242E-04
   125.208885        -1.02598155E-04
   125.335678        -1.00805264E-04
   125.462471        -9.85161023E-05
   125.589264        -9.57527882E-05
   125.716057        -9.25480781E-05
   125.842850        -8.89452349E-05
   125.969643        -8.49974604E-05
   126.096436        -8.07671313E-05
   126.223221        -7.63247808E-05
   126.350014        -7.17476360E-05
   126.476807        -6.71181260E-05
   126.603600        -6.25220127E-05
   126.730392        -5.80464803E-05
   126.857185        -5.37780179E-05
   126.983978        -4.98003028E-05
   127.110771        -4.61920426E-05
   127.237564        -4.30248983E-05
   127.364357        -4.03615268E-05
   127.491150        -3.82537910E-05
   127.617943        -3.67412140E-05
   127.744736        -3.58497637E-05
   127.871529        -3.55908924E-05
   127.998322        -3.59610203E-05
   128.125107        -3.69414010E-05
   128.251907        -3.84983578E-05
   128.378693        -4.05839928E-05
   128.505493        -4.31372464E-05
   128.632278        -4.60853917E-05
   128.759079        -4.93458210E-05
   128.885864        -5.28281780E-05
   129.012665        -5.64366783E-05
   129.139450        -6.00727290E-05
   129.266251        -6.36374607E-05
   129.393036        -6.70344816E-05
   129.519836        -7.01724857E-05
   129.646622        -7.29677122E-05
   129.773422        -7.53462809E-05
   129.900208        -7.72462445E-05
   130.027008        -7.86191958E-05
   130.153793        -7.94316511E-05
   130.280594        -7.96658423E-05
   130.407379        -7.93202562E-05
   130.534180        -7.84094445E-05
   130.660965        -7.69636245E-05
   130.787766        -7.50276740E-05
   130.914551        -7.26597646E-05
   131.041351        -6.99296652E-05
   131.168137        -6.69167275E-05
   131.294937        -6.37075209E-05
   131.421722        -6.03934823E-05
   131.548523        -5.70683587E-05
   131.675308        -5.38256572E-05
   131.802109        -5.07561999E-05
   131.928894        -4.79457740E-05
   132.055679        -4.54730070E-05
   132.182480        -4.34075264E-05
   132.309265        -4.18083982E-05
   132.436066        -4.07229563E-05
   132.562851        -4.01859215E-05
   132.689651        -4.02189835E-05
   132.816437        -4.08306732E-05
   132.943237        -4.20165961E-05
   133.070023        -4.37600283E-05
   133.196823        -4.60327210E-05
   133.323608        -4.87959878E-05
   133.450409        -5.20019894E-05
   133.577194        -5.55950792E-05
   133.703995        -5.95133242E-05
   133.830780        -6.36900149E-05
   133.957581        -6.80552330E-05
   134.084366        -7.25372738E-05
   134.211166        -7.70641200E-05
   134.337952        -8.15647436E-05
   134.464752        -8.59703432E-05
   134.591537        -9.02154425E-05
   134.718338        -9.42388215E-05
   134.845123        -9.79843826E-05
   134.971924        -1.01401769E-04
   135.098709        -1.04447063E-04
   135.225510        -1.07083011E-04
   135.352295        -1.09279492E-04
   135.479095        -1.11013593E-04
   135.605881        -1.12269779E-04
   135.732666        -1.13039758E-04
   135.859467        -1.13322400E-04
   135.986252        -1.13123555E-04
   136.113052        -1.12455666E-04
   136.239838        -1.11337460E-04
   136.366638        -1.09793495E-04
   136.493423        -1.07853586E-04
   136.620224        -1.05552310E-04
   136.747009        -1.02928330E-04
   136.873810        -1.00023753E-04
   137.000595        -9.68834793E-05
   137.127396        -9.35544522E-05
   137.254181        -9.00849845E-05
   137.380981        -8.65239854E-05
   137.507767        -8.29202836E-05
   137.634567        -7.93219660E-05
   137.761353        -7.57756206E-05
   137.888153        -7.23258054E-05
   138.014938        -6.90143352E-05
   138.141739        -6.58797871E-05
   138.268524        -6.29569186E-05
   138.395325        -6.02761938E-05
   138.522110        -5.78633662E-05
   138.648911        -5.57390485E-05
   138.775696        -5.39183602E-05
   138.902496        -5.24107018E-05
   139.029282        -5.12194965E-05
   139.156082        -5.03420779E-05
   139.282867        -4.97696165E-05
   139.409653        -4.94872256E-05
   139.536453        -4.94741071E-05
   139.663239        -4.97037981E-05
   139.790039        -5.01446593E-05
   139.916824        -5.07603545E-05
   140.043625        -5.15106112E-05
   140.170410        -5.23519448E-05
   140.297211        -5.32386766E-05
   140.423996        -5.41239533E-05
   140.550797        -5.49608339E-05
   140.677582        -5.57034909E-05
   140.804382        -5.63084177E-05
   140.931168        -5.67356219E-05
   141.057968        -5.69497424E-05
   141.184753        -5.69210752E-05
   141.311554        -5.66265117E-05
   141.438339        -5.60503031E-05
   141.565140        -5.51845842E-05
   141.691925        -5.40297733E-05
   141.818726        -5.25946380E-05
   141.945511        -5.08962839E-05
   142.072311        -4.89597878E-05
   142.199097        -4.68176586E-05
   142.325897        -4.45091682E-05
   142.452682        -4.20794531E-05
   142.579483        -3.95784664E-05
   142.706268        -3.70599264E-05
   142.833069        -3.45800363E-05
   142.959854        -3.21963162E-05
   143.086655        -2.99662843E-05
   143.213440        -2.79462693E-05
   143.340225        -2.61901769E-05
   143.467026        -2.47483586E-05
   143.593811        -2.36665492E-05
   143.720612        -2.29848902E-05
   143.847397        -2.27370620E-05
   143.974197        -2.29495527E-05
   144.100983        -2.36410360E-05
   144.227783        -2.48219239E-05
   144.354568        -2.64940099E-05
   144.481369        -2.86503509E-05
   144.608154        -3.12752454E-05
   144.734955        -3.43443971E-05
   144.861740        -3.78252844E-05
   144.988541        -4.16775947E-05
   145.115326        -4.58539253E-05
   145.242126        -5.03005649E-05
   145.368912        -5.49584365E-05
   145.495712        -5.97641083E-05
   145.622498        -6.46510089E-05
   145.749298        -6.95506242E-05
   145.876083        -7.43937126E-05
   146.002884        -7.91116909E-05
   146.129669        -8.36378749E-05
   146.256470        -8.79087020E-05
   146.383255        -9.18649093E-05
   146.510056        -9.54526331E-05
   146.636841        -9.86243467E-05
   146.763641        -1.01339603E-04
   146.890427        -1.03565770E-04
   147.017212        -1.05278414E-04
   147.144012        -1.06461586E-04
   147.270798        -1.07107910E-04
   147.397598        -1.07218468E-04
   147.524384        -1.06802458E-04
   147.651184        -1.05876803E-04
   147.777969        -1.04465551E-04
   147.904770        -1.02599115E-04
   148.031555        -1.00313489E-04
   148.158356        -9.76493757E-05
   148.285141        -9.46513028E-05
   148.411942        -9.13667318E-05
   148.538727        -8.78451101E-05
   148.665527        -8.41370857E-05
   148.792313        -8.02937429E-05
   148.919113        -7.63658609E-05
   149.045898        -7.24032798E-05
   149.172699        -6.84544211E-05
   149.299484        -6.45657929E-05
   149.426285        -6.07816473E-05
   149.553070        -5.71436140E-05
   149.679871        -5.36905027E-05
   149.806656        -5.04580967E-05
   149.933456        -4.74789231E-05
   150.060242        -4.47821731E-05
   150.187042        -4.23935344E-05
   150.313828        -4.03350932E-05
   150.440628        -3.86252323E-05
   150.567413        -3.72785253E-05
   150.694214        -3.63056497E-05
   150.820999        -3.57133322E-05
   150.947784        -3.55042539E-05
   151.074585        -3.56770288E-05
   151.201370        -3.62261417E-05
   151.328171        -3.71419592E-05
   151.454956        -3.84107698E-05
   151.581757        -4.00147801E-05
   151.708542        -4.19322605E-05
   151.835342        -4.41376178E-05
   151.962128        -4.66015881E-05
   152.088928        -4.92914332E-05
   152.215714        -5.21712172E-05
   152.342514        -5.52021338E-05
   152.469299        -5.83428991E-05
   152.596100        -6.15502358E-05
   152.722885        -6.47793859E-05
   152.849686        -6.79847290E-05
   152.976471        -7.11204993E-05
   153.103271        -7.41415424E-05
   153.230057        -7.70040206E-05
   153.356857        -7.96663662E-05
   153.483643        -8.20900314E-05
   153.610443        -8.42404042E-05
   153.737228        -8.60875807E-05
   153.864029        -8.76070844E-05
   153.990814        -8.87805581E-05
   154.117615        -8.95963385E-05
   154.244400        -9.00497544E-05
   154.371201        -9.01434323E-05
   154.497986        -8.98873186E-05
   154.624771        -8.92984826E-05
   154.751572        -8.84008768E-05
   154.878357        -8.72246092E-05
   155.005157        -8.58053245E-05
   155.131943        -8.41832589E-05
   155.258743        -8.24021045E-05
   155.385529        -8.05078380E-05
   155.512329        -7.85474404E-05
   155.639114        -7.65674849E-05
   155.765915        -7.46128571E-05
   155.892700        -7.27253064E-05
   156.019501        -7.09423184E-05
   156.146286        -6.92959293E-05
   156.273087        -6.78117503E-05
   156.399872        -6.65083062E-05
   156.526672        -6.53964162E-05
   156.653458        -6.44790925E-05
   156.780258        -6.37514022E-05
   156.907043        -6.32009178E-05
   157.033844        -6.28082635E-05
   157.160629        -6.25479006E-05
   157.287430        -6.23893357E-05
   157.414215        -6.22982843E-05
   157.541016        -6.22381631E-05
   157.667801        -6.21715953E-05
   157.794601        -6.20619758E-05
   157.921387        -6.18750419E-05
   158.048187        -6.15803365E-05
   158.174973        -6.11525611E-05
   158.301773        -6.05727910E-05
   158.428558        -5.98293445E-05
   158.555344        -5.89185147E-05
   158.682144        -5.78449944E-05
   158.808929        -5.66219387E-05
   158.935730        -5.52707788E-05
   159.062515        -5.38206987E-05
   159.189316        -5.23077906E-05
   159.316101        -5.07740333E-05
   159.442902        -4.92659274E-05
   159.569687        -4.78329566E-05
   159.696487        -4.65259945E-05
   159.823273        -4.53954526E-05
   159.950073        -4.44895268E-05
   160.076859        -4.38523894E-05
   160.203659        -4.35224465E-05
