  -4.50000000         0.00000000    
  -4.37320757         0.00000000    
  -4.24641466         0.00000000    
  -4.11962223         0.00000000    
  -3.99282932        -2.71012424E-25
  -3.86603665         4.42091485E-22
  -3.73924398         2.59980564E-21
  -3.61245155         5.59208870E-21
  -3.48565888        -1.85250430E-21
  -3.35886621        -4.32850399E-20
  -3.23207355        -1.18877021E-19
  -3.10528088        -1.02767963E-19
  -2.97848821         4.02221691E-19
  -2.85169554         2.12551379E-18
  -2.72490287         5.88767142E-18
  -2.59811020         1.18625839E-17
  -2.47131753         1.83746113E-17
  -2.34452486         2.07045822E-17
  -2.21773219         1.09091987E-17
  -2.09093952        -2.00394562E-17
  -1.96414697        -7.68975949E-17
  -1.83735430        -1.52243359E-16
  -1.71056163        -2.19342054E-16
  -1.58376896        -2.31767802E-16
  -1.45697629        -1.36270422E-16
  -1.33018374         9.86105500E-17
  -1.20339108         4.44755666E-16
  -1.07659841         7.85282128E-16
 -0.949805737         9.18502834E-16
 -0.823013067         6.14429441E-16
 -0.696220458        -2.77065112E-16
 -0.569427788        -1.69756298E-15
 -0.442635119        -3.28844469E-15
 -0.315842479        -4.39971952E-15
 -0.189049825        -4.23813528E-15
  -6.22571707E-02    -2.14228841E-15
   6.45354837E-02     2.08591774E-15
  0.191328138         7.90425142E-15
  0.318120778         1.39208781E-14
  0.444913447         1.80281002E-14
  0.571706116         1.77900094E-14
  0.698498726         1.10266402E-14
  0.825291395        -3.51646512E-15
  0.952084064        -2.55562766E-14
   1.07887673        -5.28729994E-14
   1.20566940        -8.12724386E-14
   1.33246195        -1.05027288E-13
   1.45925462        -1.17843899E-13
   1.58604729        -1.14281997E-13
   1.71283996        -9.14008249E-14
   1.83963263        -5.02606244E-14
   1.96642530         3.16726244E-15
   2.09321785         5.80763329E-14
   2.22001052         1.00090949E-13
   2.34680319         1.13638123E-13
   2.47359586         8.50494398E-14
   2.60038853         5.82577360E-15
   2.72718120        -1.24526203E-13
   2.85397387        -2.96543118E-13
   2.98076653        -4.89989180E-13
   3.10755920        -6.74269722E-13
   3.23435187        -8.10138198E-13
   3.36114454        -8.52866768E-13
   3.48793697        -7.57165218E-13
   3.61472964        -4.84081471E-13
   3.74152231        -9.75314308E-15
   3.86831498         6.64797156E-13
   3.99510765         1.50447385E-12
   4.12190056         2.43383157E-12
   4.24869299         3.33614581E-12
   4.37548542         4.05966016E-12
   4.50227833         4.43148730E-12
   4.62907076         4.27790442E-12
   4.75586367         3.44814216E-12
   4.88265610         1.83773287E-12
   5.00944901        -5.92633581E-13
   5.13624144        -3.80603665E-12
   5.26303434        -7.68786337E-12
   5.38982677        -1.20543887E-11
   5.51661968        -1.66705035E-11
   5.64341211        -2.12748603E-11
   5.77020502        -2.56103749E-11
   5.89699745        -2.94571000E-11
   6.02379036        -3.26640208E-11
   6.15058279        -3.51750226E-11
   6.27737522        -3.70436459E-11
   6.40416813        -3.84313796E-11
   6.53096056        -3.95865285E-11
   6.65775347        -4.08045368E-11
   6.78454590        -4.23762865E-11
   6.91133881        -4.45363399E-11
   7.03813124        -4.74266841E-11
   7.16492414        -5.10919154E-11
   7.29171658        -5.55172054E-11
   7.41850948        -6.07131290E-11
   7.54530191        -6.68420597E-11
   7.67209482        -7.43746037E-11
   7.79888725        -8.42613132E-11
   7.92567968        -9.81103948E-11
   8.05247211        -1.18372437E-10
   8.17926502        -1.48545384E-10
   8.30605793        -1.93424513E-10
   8.43285084        -2.59423316E-10
   8.55964279        -3.54979574E-10
   8.68643570        -4.91033880E-10
   8.81322861        -6.81522283E-10
   8.94002151        -9.43775502E-10
   9.06681347        -1.29865430E-09
   9.19360638        -1.77020898E-09
   9.32039928        -2.38461517E-09
   9.44719219        -3.16814197E-09
   9.57398415        -4.14394163E-09
   9.70077705        -5.32753308E-09
   9.82756996        -6.72095890E-09
   9.95436192        -8.30577651E-09
   10.0811548        -1.00352029E-08
   10.2079477        -1.18259447E-08
   10.3347406        -1.35504044E-08
   10.4615326        -1.50301638E-08
   10.5883255        -1.60316951E-08
   10.7151184        -1.62653144E-08
   10.8419113        -1.53884052E-08
   10.9687033        -1.30136906E-08
   11.0954962        -8.72326300E-09
   11.2222891        -2.08863615E-09
   11.3490820         7.30327665E-09
   11.4758739         1.98188950E-08
   11.6026669         3.57425947E-08
   11.7294598         5.52392443E-08
   11.8562517         7.83171430E-08
   11.9830446         1.04795028E-07
   12.1098375         1.34277158E-07
   12.2366304         1.66141291E-07
   12.3634224         1.99545298E-07
   12.4902153         2.33457328E-07
   12.6170082         2.66715944E-07
   12.7438011         2.98124718E-07
   12.8705931         3.26585678E-07
   12.9973860         3.51275077E-07
   13.1241789         3.71861546E-07
   13.2509708         3.88766978E-07
   13.3777637         4.03464696E-07
   13.5045567         4.18810686E-07
   13.6313496         4.39396331E-07
   13.7581415         4.71913381E-07
   13.8849344         5.25513315E-07
   14.0117273         6.12147630E-07
   14.1385202         7.46869659E-07
   14.2653122         9.48077229E-07
   14.3921051         1.23768075E-06
   14.5188980         1.64117694E-06
   14.6456909         2.18761193E-06
   14.7724829         2.90941921E-06
   14.8992758         3.84212808E-06
   15.0260687         5.02393959E-06
   15.1528606         6.49515641E-06
   15.2796535         8.29749206E-06
   15.4064465         1.04732526E-05
   15.5332394         1.30644312E-05
   15.6600313         1.61117005E-05
   15.7868242         1.96533638E-05
   15.9136171         2.37242803E-05
   16.0404091         2.83547670E-05
   16.1672020         3.35695513E-05
   16.2939949         3.93867849E-05
   16.4207878         4.58171089E-05
   16.5475807         5.28628516E-05
   16.6743736         6.05173154E-05
   16.8011646         6.87642532E-05
   16.9279575         7.75774315E-05
   17.0547504         8.69204014E-05
   17.1815434         9.67464148E-05
   17.3083363         1.06998443E-04
   17.4351292         1.17609437E-04
   17.5619221         1.28502812E-04
   17.6887150         1.39592827E-04
   17.8155060         1.50785374E-04
   17.9422989         1.61978925E-04
   18.0690918         1.73065433E-04
   18.1958847         1.83931552E-04
   18.3226776         1.94460139E-04
   18.4494705         2.04531549E-04
   18.5762634         2.14025538E-04
   18.7030544         2.22823001E-04
   18.8298473         2.30808029E-04
   18.9566402         2.37870059E-04
   19.0834332         2.43906135E-04
   19.2102261         2.48823111E-04
   19.3370190         2.52540136E-04
   19.4638119         2.54990824E-04
   19.5906048         2.56125408E-04
   19.7173958         2.55912688E-04
   19.8441887         2.54341809E-04
   19.9709816         2.51423597E-04
   20.0977745         2.47191172E-04
   20.2245674         2.41700705E-04
   20.3513603         2.35030981E-04
   20.4781532         2.27282537E-04
   20.6049442         2.18576446E-04
   20.7317371         2.09051854E-04
   20.8585300         1.98863752E-04
   20.9853230         1.88179081E-04
   21.1121159         1.77173715E-04
   21.2389088         1.66027778E-04
   21.3657017         1.54921770E-04
   21.4924946         1.44031830E-04
   21.6192856         1.33525551E-04
   21.7460785         1.23557722E-04
   21.8728714         1.14266652E-04
   21.9996643         1.05770865E-04
   22.1264572         9.81664198E-05
   22.2532501         9.15249257E-05
   22.3800430         8.58927451E-05
   22.5068340         8.12904691E-05
   22.6336269         7.77135647E-05
   22.7604198         7.51337429E-05
   22.8872128         7.35012873E-05
   23.0140057         7.27477236E-05
   23.1407986         7.27889856E-05
   23.2675915         7.35295471E-05
   23.3943844         7.48659077E-05
   23.5211754         7.66908634E-05
   23.6479683         7.88975158E-05
   23.7747612         8.13827064E-05
   23.9015541         8.40505527E-05
   24.0283470         8.68150601E-05
   24.1551399         8.96027268E-05
   24.2819328         9.23537009E-05
   24.4087238         9.50230533E-05
   24.5355167         9.75808871E-05
   24.6623096         1.00012279E-04
   24.7891026         1.02315833E-04
   24.9158955         1.04502629E-04
   25.0426884         1.06594562E-04
   25.1694813         1.08621913E-04
   25.2962742         1.10620989E-04
   25.4230652         1.12632253E-04
   25.5498581         1.14697279E-04
   25.6766510         1.16856914E-04
   25.8034439         1.19149328E-04
   25.9302368         1.21607773E-04
   26.0570297         1.24259401E-04
   26.1838226         1.27124134E-04
   26.3106136         1.30213375E-04
   26.4374065         1.33530106E-04
   26.5641994         1.37068258E-04
   26.6909924         1.40812961E-04
   26.8177853         1.44741207E-04
   26.9445782         1.48821724E-04
   27.0713711         1.53016634E-04
   27.1981640         1.57281844E-04
   27.3249550         1.61568823E-04
   27.4517479         1.65825084E-04
   27.5785408         1.69995968E-04
   27.7053337         1.74026281E-04
   27.8321266         1.77861381E-04
   27.9589195         1.81448690E-04
   28.0857124         1.84739270E-04
   28.2125034         1.87689744E-04
   28.3392963         1.90262857E-04
   28.4660892         1.92430118E-04
   28.5928822         1.94171764E-04
   28.7196751         1.95478700E-04
   28.8464680         1.96353154E-04
   28.9732609         1.96809517E-04
   29.1000538         1.96874564E-04
   29.2268448         1.96587440E-04
   29.3536377         1.95999848E-04
   29.4804306         1.95175104E-04
   29.6072235         1.94187625E-04
   29.7340164         1.93120577E-04
   29.8608093         1.92065389E-04
   29.9876022         1.91118903E-04
   30.1143932         1.90381557E-04
   30.2411861         1.89954531E-04
   30.3679790         1.89937404E-04
   30.4947720         1.90425053E-04
   30.6215649         1.91505897E-04
   30.7483578         1.93258398E-04
   30.8751507         1.95749453E-04
   31.0019417         1.99032205E-04
   31.1287346         2.03144169E-04
   31.2555275         2.08106299E-04
   31.3823204         2.13922132E-04
   31.5091133         2.20577451E-04
   31.6359062         2.28040415E-04
   31.7626991         2.36262407E-04
   31.8894920         2.45179341E-04
   32.0162849         2.54712708E-04
   32.1430779         2.64772418E-04
   32.2698708         2.75257888E-04
   32.3966637         2.86061346E-04
   32.5234528         2.97069899E-04
   32.6502457         3.08167917E-04
   32.7770386         3.19239887E-04
   32.9038315         3.30172712E-04
   33.0306244         3.40857951E-04
   33.1574173         3.51193245E-04
   33.2842102         3.61084851E-04
   33.4110031         3.70448397E-04
   33.5377960         3.79209669E-04
   33.6645889         3.87306238E-04
   33.7913818         3.94686329E-04
   33.9181747         4.01310332E-04
   34.0449677         4.07148618E-04
   34.1717606         4.12183057E-04
   34.2985535         4.16404364E-04
   34.4253426         4.19812655E-04
   34.5521355         4.22415062E-04
   34.6789284         4.24225378E-04
   34.8057213         4.25262348E-04
   34.9325142         4.25548875E-04
   35.0593071         4.25111270E-04
   35.1861000         4.23977646E-04
   35.3128929         4.22176498E-04
   35.4396858         4.19737684E-04
   35.5664787         4.16689814E-04
   35.6932716         4.13061818E-04
   35.8200645         4.08880413E-04
   35.9468575         4.04171442E-04
   36.0736504         3.98959528E-04
   36.2004433         3.93267488E-04
   36.3272324         3.87117034E-04
   36.4540253         3.80528509E-04
   36.5808182         3.73521238E-04
   36.7076111         3.66113847E-04
   36.8344040         3.58324382E-04
   36.9611969         3.50170332E-04
   37.0879898         3.41669045E-04
   37.2147827         3.32837924E-04
   37.3415756         3.23694258E-04
   37.4683685         3.14255944E-04
   37.5951614         3.04540910E-04
   37.7219543         2.94568104E-04
   37.8487473         2.84356938E-04
   37.9755402         2.73927522E-04
   38.1023293         2.63300986E-04
   38.2291222         2.52498983E-04
   38.3559151         2.41544229E-04
   38.4827080         2.30460471E-04
   38.6095009         2.19272260E-04
   38.7362938         2.08005265E-04
   38.8630867         1.96686364E-04
   38.9898796         1.85343612E-04
   39.1166725         1.74006273E-04
   39.2434654         1.62705095E-04
   39.3702583         1.51472341E-04
   39.4970512         1.40341843E-04
   39.6238441         1.29349341E-04
   39.7506371         1.18532509E-04
   39.8774300         1.07931191E-04
   40.0042191         9.75875955E-05
   40.1310120         8.75465557E-05
   40.2578049         7.78554604E-05
   40.3845978         6.85642663E-05
   40.5113907         5.97258186E-05
   40.6381836         5.13950363E-05
   40.7649765         4.36291702E-05
   40.8917694         3.64870502E-05
   41.0185623         3.00284355E-05
   41.1453552         2.43131144E-05
   41.2721481         1.94001350E-05
   41.3989410         1.53463861E-05
   41.5257339         1.22053480E-05
   41.6525269         1.00253646E-05
   41.7793198         8.84851306E-06
   41.9061089         8.70835356E-06
   42.0329018         9.62851755E-06
   42.1596947         1.16211177E-05
   42.2864876         1.46849789E-05
   42.4132805         1.88045487E-05
   42.5400734         2.39485180E-05
   42.6668663         3.00690263E-05
   42.7936592         3.71013411E-05
   42.9204521         4.49634063E-05
   43.0472450         5.35564614E-05
   43.1740379         6.27658155E-05
   43.3008308         7.24620186E-05
   43.4276237         8.25026436E-05
   43.5544167         9.27346118E-05
   43.6812096         1.02996550E-04
   43.8079987         1.13121940E-04
   43.9347916         1.22942307E-04
   44.0615845         1.32290821E-04
   44.1883774         1.41005774E-04
   44.3151703         1.48934210E-04
   44.4419632         1.55935704E-04
   44.5687561         1.61885444E-04
   44.6955490         1.66677652E-04
   44.8223419         1.70228115E-04
   44.9491348         1.72476532E-04
   45.0759277         1.73388224E-04
   45.2027206         1.72955348E-04
   45.3295135         1.71197375E-04
   45.4563065         1.68161103E-04
   45.5830994         1.63919860E-04
   45.7098885         1.58572133E-04
   45.8366814         1.52239605E-04
   45.9634743         1.45064623E-04
   46.0902672         1.37207026E-04
   46.2170601         1.28840824E-04
   46.3438530         1.20150398E-04
   46.4706459         1.11326364E-04
   46.5974388         1.02561651E-04
   46.7242317         9.40471509E-05
   46.8510246         8.59677239E-05
   46.9778175         7.84982694E-05
   47.1046104         7.17999574E-05
   47.2314034         6.60168880E-05
   47.3581963         6.12730146E-05
   47.4849892         5.76697748E-05
   47.6117783         5.52837773E-05
   47.7385712         5.41657319E-05
   47.8653641         5.43393544E-05
   47.9921570         5.58013053E-05
   48.1189499         5.85213747E-05
   48.2457428         6.24435343E-05
   48.3725357         6.74872717E-05
   48.4993286         7.35497088E-05
   48.6261215         8.05079617E-05
   48.7529144         8.82219028E-05
   48.8797073         9.65374129E-05
   49.0065002         1.05289793E-04
   49.1332932         1.14307346E-04
   49.2600861         1.23415302E-04
   49.3868790         1.32439236E-04
   49.5136681         1.41209035E-04
   49.6404610         1.49562169E-04
   49.7672539         1.57346891E-04
   49.8940468         1.64425335E-04
   50.0208397         1.70676023E-04
   50.1476326         1.75996058E-04
   50.2744255         1.80303003E-04
   50.4012184         1.83536147E-04
   50.5280113         1.85657453E-04
   50.6548042         1.86651960E-04
   50.7815971         1.86527424E-04
   50.9083900         1.85314144E-04
   51.0351830         1.83063399E-04
   51.1619759         1.79846451E-04
   51.2887688         1.75752255E-04
   51.4155579         1.70885440E-04
   51.5423508         1.65363876E-04
   51.6691437         1.59315867E-04
   51.7959366         1.52877255E-04
   51.9227295         1.46188366E-04
   52.0495224         1.39390831E-04
   52.1763153         1.32624642E-04
   52.3031082         1.26024999E-04
   52.4299011         1.19719436E-04
   52.5566940         1.13825241E-04
   52.6834869         1.08447108E-04
   52.8102798         1.03675127E-04
   52.9370728         9.95832452E-05
   53.0638657         9.62280756E-05
   53.1906586         9.36481592E-05
   53.3174477         9.18637816E-05
   53.4442406         9.08769580E-05
   53.5710335         9.06722780E-05
   53.6978264         9.12177638E-05
   53.8246193         9.24664491E-05
   53.9514122         9.43581617E-05
   54.0782051         9.68212917E-05
   54.2049980         9.97754032E-05
   54.3317909         1.03133156E-04
   54.4585838         1.06802960E-04
   54.5853767         1.10691166E-04
   54.7121696         1.14704351E-04
   54.8389626         1.18751377E-04
   54.9657555         1.22745201E-04
   55.0925484         1.26604602E-04
   55.2193375         1.30255386E-04
   55.3461304         1.33631605E-04
   55.4729233         1.36676332E-04
   55.5997162         1.39342024E-04
   55.7265091         1.41590877E-04
   55.8533020         1.43394762E-04
   55.9800949         1.44734862E-04
   56.1068878         1.45601283E-04
   56.2336807         1.45992453E-04
   56.3604736         1.45914411E-04
   56.4872665         1.45379934E-04
   56.6140594         1.44407808E-04
   56.7408524         1.43022044E-04
   56.8676453         1.41250930E-04
   56.9944382         1.39126452E-04
   57.1212273         1.36683477E-04
   57.2480202         1.33959111E-04
   57.3748131         1.30992077E-04
   57.5016060         1.27822306E-04
   57.6283989         1.24490252E-04
   57.7551918         1.21036748E-04
   57.8819847         1.17502481E-04
   58.0087776         1.13927781E-04
   58.1355705         1.10352325E-04
   58.2623634         1.06814914E-04
   58.3891563         1.03353035E-04
   58.5159492         1.00002588E-04
   58.6427422         9.67975066E-05
   58.7695351         9.37691366E-05
   58.8963280         9.09458322E-05
   59.0231171         8.83524262E-05
   59.1499100         8.60096261E-05
   59.2767029         8.39335917E-05
   59.4034958         8.21354115E-05
   59.5302887         8.06206008E-05
   59.6570816         7.93888466E-05
   59.7838745         7.84336735E-05
   59.9106674         7.77423411E-05
   60.0374603         7.72961430E-05
   60.1642532         7.70705446E-05
   60.2910461         7.70360639E-05
   60.4178391         7.71588238E-05
   60.5446320         7.74020518E-05
   60.6714249         7.77271343E-05
   60.7982178         7.80952178E-05
   60.9250069         7.84687945E-05
   61.0517998         7.88131802E-05
   61.1785927         7.90982158E-05
   61.3053856         7.92996652E-05
   61.4321785         7.94005391E-05
   61.5589714         7.93920626E-05
   61.6857643         7.92745341E-05
   61.8125572         7.90576814E-05
   61.9393501         7.87604658E-05
   62.0661430         7.84107760E-05
   62.1929359         7.80443588E-05
   62.3197289         7.77034074E-05
   62.4465218         7.74348300E-05
   62.5733147         7.72882049E-05
   62.7001076         7.73135107E-05
   62.8268967         7.75587614E-05
   62.9536896         7.80675837E-05
   63.0804825         7.88771213E-05
   63.2072754         8.00158450E-05
   63.3340683         8.15019011E-05
   63.4608612         8.33417944E-05
   63.5876541         8.55294566E-05
   63.7144470         8.80459993E-05
   63.8412399         9.08600196E-05
   63.9680328         9.39284073E-05
   64.0948257         9.71978734E-05
   64.2216187         1.00606674E-04
   64.3484116         1.04087201E-04
   64.4752045         1.07568289E-04
   64.6019974         1.10978341E-04
   64.7287903         1.14247865E-04
   64.8555832         1.17312462E-04
   64.9823761         1.20115234E-04
   65.1091690         1.22609024E-04
   65.2359619         1.24758284E-04
   65.3627548         1.26540486E-04
   65.4895477         1.27946652E-04
   65.6163330         1.28981643E-04
   65.7431259         1.29663676E-04
   65.8699188         1.30023196E-04
   65.9967117         1.30101267E-04
   66.1235046         1.29947381E-04
   66.2502975         1.29617198E-04
   66.3770905         1.29169857E-04
   66.5038834         1.28665328E-04
   66.6306763         1.28161657E-04
   66.7574692         1.27712759E-04
   66.8842621         1.27366089E-04
   67.0110550         1.27161009E-04
   67.1378479         1.27127336E-04
   67.2646408         1.27284613E-04
   67.3914337         1.27641862E-04
   67.5182266         1.28197687E-04
   67.6450195         1.28941276E-04
   67.7718124         1.29853361E-04
   67.8986053         1.30907734E-04
   68.0253983         1.32073052E-04
   68.1521912         1.33314548E-04
   68.2789841         1.34595917E-04
   68.4057770         1.35880793E-04
   68.5325699         1.37134499E-04
   68.6593628         1.38324918E-04
   68.7861557         1.39423530E-04
   68.9129486         1.40405828E-04
   69.0397415         1.41251614E-04
   69.1665344         1.41944489E-04
   69.2933273         1.42471690E-04
   69.4201126         1.42823148E-04
   69.5469055         1.42990495E-04
   69.6736984         1.42966150E-04
   69.8004913         1.42742545E-04
   69.9272842         1.42310979E-04
   70.0540771         1.41661192E-04
   70.1808701         1.40781034E-04
   70.3076630         1.39656462E-04
   70.4344559         1.38271833E-04
   70.5612488         1.36610484E-04
   70.6880417         1.34655944E-04
   70.8148346         1.32392743E-04
   70.9416275         1.29808192E-04
   71.0684204         1.26893647E-04
   71.1952133         1.23646081E-04
   71.3220062         1.20069497E-04
   71.4487991         1.16176314E-04
   71.5755920         1.11988367E-04
   71.7023849         1.07537591E-04
   71.8291779         1.02866281E-04
   71.9559708         9.80270124E-05
   72.0827637         9.30818496E-05
   72.2095566         8.81013111E-05
   72.3363495         8.31626312E-05
   72.4631424         7.83480573E-05
   72.5899353         7.37423543E-05
   72.7167282         6.94303599E-05
   72.8435211         6.54943287E-05
   72.9703140         6.20111168E-05
   73.0971069         5.90496893E-05
   73.2238922         5.66683229E-05
   73.3506851         5.49125689E-05
   73.4774780         5.38132845E-05
   73.6042709         5.33852835E-05
   73.7310638         5.36264779E-05
   73.8578568         5.45178445E-05
   73.9846497         5.60235821E-05
   74.1114426         5.80925189E-05
   74.2382355         6.06593312E-05
   74.3650284         6.36471523E-05
   74.4918213         6.69697401E-05
   74.6186142         7.05348866E-05
   74.7454071         7.42473203E-05
   74.8722000         7.80121190E-05
   74.9989929         8.17380715E-05
   75.1257858         8.53407109E-05
   75.2525787         8.87453207E-05
   75.3793716         9.18891747E-05
   75.5061646         9.47234585E-05
   75.6329575         9.72145062E-05
   75.7597504         9.93442809E-05
   75.8865433         1.01110345E-04
   76.0133362         1.02524915E-04
   76.1401291         1.03613667E-04
   76.2669220         1.04413673E-04
   76.3937149         1.04971048E-04
   76.5205078         1.05338324E-04
   76.6473007         1.05571366E-04
   76.7740936         1.05726591E-04
   76.9008865         1.05858060E-04
   77.0276718         1.06014624E-04
   77.1544647         1.06237851E-04
   77.2812576         1.06560045E-04
   77.4080505         1.07002998E-04
   77.5348434         1.07577158E-04
   77.6616364         1.08281783E-04
   77.7884293         1.09105240E-04
   77.9152222         1.10026042E-04
   78.0420151         1.11014371E-04
   78.1688080         1.12034031E-04
   78.2956009         1.13044400E-04
   78.4223938         1.14002964E-04
   78.5491867         1.14867558E-04
   78.6759796         1.15598727E-04
   78.8027725         1.16161835E-04
   78.9295654         1.16528885E-04
   79.0563583         1.16680138E-04
   79.1831512         1.16605064E-04
   79.3099442         1.16303061E-04
   79.4367371         1.15783521E-04
   79.5635300         1.15065617E-04
   79.6903229         1.14177587E-04
   79.8171158         1.13155533E-04
   79.9439087         1.12042209E-04
   80.0707016         1.10885165E-04
   80.1974945         1.09735054E-04
   80.3242874         1.08643602E-04
   80.4510803         1.07661734E-04
   80.5778732         1.06837630E-04
   80.7046585         1.06215019E-04
   80.8314514         1.05831517E-04
   80.9582443         1.05717561E-04
   81.0850372         1.05895153E-04
   81.2118301         1.06377323E-04
   81.3386230         1.07167791E-04
   81.4654160         1.08260836E-04
   81.5922089         1.09641689E-04
   81.7190018         1.11287067E-04
   81.8457947         1.13166134E-04
   81.9725876         1.15241484E-04
   82.0993805         1.17470663E-04
   82.2261734         1.19807431E-04
   82.3529663         1.22203477E-04
   82.4797592         1.24610175E-04
   82.6065521         1.26979750E-04
   82.7333450         1.29267384E-04
   82.8601379         1.31432229E-04
   82.9869308         1.33438778E-04
   83.1137238         1.35257651E-04
   83.2405167         1.36866263E-04
   83.3673096         1.38249234E-04
   83.4941025         1.39398282E-04
   83.6208954         1.40311764E-04
   83.7476883         1.40994147E-04
   83.8744812         1.41455137E-04
   84.0012741         1.41708355E-04
   84.1280670         1.41770026E-04
   84.2548599         1.41657452E-04
   84.3816528         1.41387616E-04
   84.5084381         1.40975535E-04
   84.6352310         1.40432981E-04
   84.7620239         1.39767290E-04
   84.8888168         1.38980526E-04
   85.0156097         1.38068921E-04
   85.1424026         1.37022755E-04
   85.2691956         1.35826645E-04
   85.3959885         1.34460250E-04
   85.5227814         1.32899222E-04
   85.6495743         1.31116802E-04
   85.7763672         1.29085311E-04
   85.9031601         1.26778250E-04
   86.0299530         1.24172089E-04
   86.1567459         1.21248508E-04
   86.2835388         1.17996155E-04
   86.4103317         1.14412651E-04
   86.5371246         1.10505818E-04
   86.6639175         1.06294858E-04
   86.7907104         1.01810794E-04
   86.9175034         9.70967740E-05
   87.0442963         9.22071340E-05
   87.1710892         8.72066157E-05
   87.2978821         8.21687936E-05
   87.4246750         7.71739506E-05
   87.5514679         7.23066551E-05
   87.6782608         6.76532873E-05
   87.8050537         6.32991505E-05
   87.9318466         5.93256082E-05
   88.0586395         5.58071770E-05
   88.1854324         5.28092169E-05
   88.3122177         5.03855372E-05
   88.4390106         4.85767378E-05
   88.5658035         4.74087537E-05
   88.6925964         4.68926046E-05
   88.8193893         4.70238774E-05
   88.9461823         4.77835856E-05
   89.0729752         4.91391656E-05
   89.1997681         5.10460668E-05
   89.3265610         5.34496612E-05
   89.4533539         5.62874739E-05
   89.5801468         5.94916673E-05
   89.7069397         6.29912902E-05
   89.8337326         6.67149579E-05
   89.9605255         7.05927596E-05
   90.0873184         7.45583529E-05
   90.2141113         7.85506272E-05
   90.3409042         8.25146708E-05
   90.4676971         8.64024987E-05
   90.5944901         9.01735111E-05
   90.7212830         9.37940713E-05
   90.8480759         9.72373309E-05
   90.9748688         1.00482241E-04
   91.1016617         1.03512866E-04
   91.2284546         1.06317304E-04
   91.3552475         1.08886794E-04
   91.4820404         1.11214926E-04
   91.6088333         1.13296890E-04
   91.7356262         1.15129056E-04
   91.8624191         1.16708885E-04
   91.9892120         1.18034994E-04
   92.1159973         1.19107470E-04
   92.2427902         1.19928663E-04
   92.3695831         1.20503813E-04
   92.4963760         1.20841993E-04
   92.6231689         1.20956800E-04
   92.7499619         1.20867247E-04
   92.8767548         1.20598110E-04
   93.0035477         1.20180208E-04
   93.1303406         1.19650125E-04
   93.2571335         1.19049815E-04
   93.3839264         1.18425516E-04
   93.5107193         1.17826552E-04
   93.6375122         1.17303345E-04
   93.7643051         1.16905663E-04
   93.8910980         1.16680152E-04
   94.0178909         1.16668234E-04
   94.1446838         1.16903662E-04
   94.2714767         1.17410505E-04
   94.3982697         1.18201213E-04
   94.5250626         1.19275239E-04
   94.6518555         1.20618366E-04
   94.7786484         1.22202138E-04
   94.9054413         1.23984239E-04
   95.0322342         1.25909617E-04
   95.1590271         1.27912092E-04
   95.2858200         1.29916647E-04
   95.4126129         1.31842084E-04
   95.5394058         1.33604510E-04
   95.6661987         1.35120543E-04
   95.7929916         1.36311064E-04
   95.9197769         1.37104813E-04
   96.0465698         1.37441515E-04
   96.1733627         1.37274925E-04
   96.3001556         1.36575269E-04
   96.4269485         1.35331022E-04
   96.5537415         1.33549824E-04
   96.6805344         1.31258945E-04
   96.8073273         1.28504631E-04
   96.9341202         1.25350780E-04
   97.0609131         1.21876612E-04
   97.1877060         1.18174103E-04
   97.3144989         1.14344315E-04
   97.4412918         1.10493704E-04
   97.5680847         1.06729793E-04
   97.6948776         1.03157370E-04
   97.8216705         9.98742398E-05
   97.9484634         9.69676039E-05
   98.0752563         9.45108841E-05
   98.2020493         9.25610220E-05
   98.3288422         9.11566167E-05
   98.4556351         9.03166729E-05
   98.5824280         9.00405284E-05
   98.7092209         9.03081236E-05
   98.8360138         9.10814342E-05
   98.9628067         9.23066764E-05
   99.0895996         9.39169549E-05
   99.2163925         9.58354576E-05
   99.3431854         9.79790129E-05
   99.4699783         1.00261692E-04
   99.5967712         1.02598373E-04
   99.7235565         1.04908053E-04
   99.8503494         1.07116764E-04
   99.9771423         1.09160232E-04
   100.103935         1.10985638E-04
   100.230728         1.12553033E-04
   100.357521         1.13835929E-04
   100.484314         1.14821269E-04
   100.611107         1.15508781E-04
   100.737900         1.15909686E-04
   100.864693         1.16044961E-04
   100.991486         1.15943272E-04
   101.118279         1.15638584E-04
   101.245071         1.15167837E-04
   101.371864         1.14568735E-04
   101.498657         1.13877613E-04
   101.625450         1.13127717E-04
   101.752243         1.12347807E-04
   101.879036         1.11561167E-04
   102.005829         1.10784851E-04
   102.132622         1.10029723E-04
   102.259415         1.09300679E-04
   102.386208         1.08597073E-04
   102.513000         1.07913962E-04
   102.639793         1.07243155E-04
   102.766586         1.06574604E-04
   102.893379         1.05897620E-04
   103.020172         1.05202569E-04
   103.146965         1.04481565E-04
   103.273758         1.03729551E-04
   103.400551         1.02944810E-04
   103.527336         1.02129219E-04
   103.654129         1.01288366E-04
   103.780922         1.00431091E-04
   103.907715         9.95691225E-05
   104.034508         9.87163221E-05
   104.161301         9.78876124E-05
   104.288094         9.70981564E-05
   104.414886         9.63620914E-05
   104.541679         9.56915392E-05
   104.668472         9.50956892E-05
   104.795265         9.45798602E-05
   104.922058         9.41451872E-05
   105.048851         9.37882432E-05
   105.175644         9.35011922E-05
   105.302437         9.32721669E-05
   105.429230         9.30857859E-05
   105.556023         9.29240705E-05
   105.682816         9.27673682E-05
   105.809608         9.25955028E-05
   105.936401         9.23890912E-05
   106.063194         9.21307073E-05
   106.189987         9.18063233E-05
   106.316780         9.14063639E-05
   106.443573         9.09269293E-05
   106.570366         9.03705659E-05
   106.697159         8.97468854E-05
   106.823952         8.90728843E-05
   106.950745         8.83728935E-05
   107.077538         8.76781487E-05
   107.204330         8.70262229E-05
   107.331116         8.64599715E-05
   107.457909         8.60264336E-05
   107.584702         8.57752675E-05
   107.711494         8.57572595E-05
   107.838287         8.60225555E-05
   107.965080         8.66187693E-05
   108.091873         8.75890400E-05
   108.218666         8.89702569E-05
   108.345459         9.07912035E-05
   108.472252         9.30709648E-05
   108.599045         9.58175588E-05
   108.725838         9.90268163E-05
   108.852631         1.02681617E-04
   108.979424         1.06751424E-04
   109.106216         1.11192327E-04
   109.233009         1.15947274E-04
   109.359802         1.20946686E-04
   109.486595         1.26109720E-04
   109.613388         1.31345747E-04
   109.740181         1.36556147E-04
   109.866974         1.41636498E-04
   109.993767         1.46479375E-04
   110.120560         1.50976790E-04
   110.247353         1.55023226E-04
   110.374146         1.58518684E-04
   110.500938         1.61371310E-04
   110.627731         1.63500590E-04
   110.754524         1.64839745E-04
   110.881317         1.65338017E-04
   111.008102         1.64962752E-04
   111.134895         1.63700606E-04
   111.261688         1.61558870E-04
   111.388481         1.58565541E-04
   111.515274         1.54769325E-04
   111.642067         1.50238731E-04
   111.768860         1.45060621E-04
   111.895653         1.39338197E-04
   112.022446         1.33188383E-04
   112.149239         1.26739033E-04
   112.276031         1.20125420E-04
   112.402824         1.13486916E-04
   112.529617         1.06963133E-04
   112.656410         1.00690326E-04
   112.783203         9.47978406E-05
   112.909996         8.94045734E-05
   113.036789         8.46162220E-05
   113.163582         8.05224190E-05
   113.290375         7.71948180E-05
   113.417168         7.46853839E-05
   113.543961         7.30257016E-05
   113.670753         7.22265322E-05
   113.797546         7.22782861E-05
   113.924339         7.31518157E-05
   114.051132         7.47999075E-05
   114.177925         7.71593332E-05
   114.304718         8.01529386E-05
   114.431511         8.36924519E-05
   114.558304         8.76811318E-05
   114.685097         9.20167440E-05
   114.811882         9.65943473E-05
   114.938675         1.01309059E-04
   115.065468         1.06058513E-04
   115.192261         1.10745124E-04
   115.319054         1.15278111E-04
   115.445847         1.19574892E-04
   115.572639         1.23562437E-04
   115.699432         1.27177846E-04
   115.826225         1.30368964E-04
   115.953018         1.33094349E-04
   116.079811         1.35323266E-04
   116.206604         1.37034876E-04
   116.333397         1.38217903E-04
   116.460190         1.38869742E-04
   116.586983         1.38995456E-04
   116.713776         1.38607051E-04
   116.840569         1.37722629E-04
   116.967361         1.36365532E-04
   117.094154         1.34563845E-04
   117.220947         1.32349582E-04
   117.347740         1.29758642E-04
   117.474533         1.26830171E-04
   117.601326         1.23606500E-04
   117.728119         1.20132951E-04
   117.854912         1.16457704E-04
   117.981705         1.12631853E-04
   118.108498         1.08709050E-04
   118.235291         1.04745443E-04
   118.362083         1.00799341E-04
   118.488876         9.69306057E-05
   118.615662         9.32000767E-05
   118.742455         8.96686688E-05
   118.869247         8.63962632E-05
   118.996040         8.34406528E-05
   119.122833         8.08559489E-05
   119.249626         7.86913297E-05
   119.376419         7.69893813E-05
   119.503212         7.57846938E-05
   119.630005         7.51023326E-05
   119.756798         7.49565806E-05
   119.883591         7.53499335E-05
   120.010384         7.62722484E-05
   120.137177         7.77005043E-05
   120.263969         7.95986780E-05
   120.390762         8.19183333E-05
   120.517555         8.45995673E-05
   120.644348         8.75726764E-05
   120.771141         9.07598878E-05
   120.897934         9.40777973E-05
   121.024727         9.74400318E-05
   121.151520         1.00760095E-04
   121.278313         1.03954277E-04
   121.405106         1.06944797E-04
   121.531898         1.09662513E-04
   121.658691         1.12049645E-04
   121.785484         1.14061935E-04
   121.912277         1.15670358E-04
   122.039070         1.16862160E-04
   122.165863         1.17641510E-04
   122.292656         1.18028947E-04
   122.419441         1.18060671E-04
   122.546234         1.17786731E-04
   122.673027         1.17268952E-04
   122.799820         1.16577976E-04
   122.926613         1.15790324E-04
   123.053406         1.14984818E-04
   123.180199         1.14239156E-04
   123.306992         1.13626491E-04
   123.433784         1.13212081E-04
   123.560577         1.13050686E-04
   123.687370         1.13183953E-04
   123.814163         1.13639049E-04
   123.940956         1.14427174E-04
   124.067749         1.15543728E-04
   124.194542         1.16968273E-04
   124.321335         1.18665841E-04
   124.448128         1.20588673E-04
   124.574921         1.22678175E-04
   124.701714         1.24867816E-04
   124.828506         1.27085936E-04
   124.955299         1.29258638E-04
   125.082092         1.31313078E-04
   125.208885         1.33180118E-04
   125.335678         1.34797243E-04
   125.462471         1.36110393E-04
   125.589264         1.37076044E-04
   125.716057         1.37662370E-04
   125.842850         1.37849856E-04
   125.969643         1.37631694E-04
   126.096436         1.37013296E-04
   126.223221         1.36011775E-04
   126.350014         1.34654532E-04
   126.476807         1.32978195E-04
   126.603600         1.31026492E-04
   126.730392         1.28848857E-04
   126.857185         1.26498126E-04
   126.983978         1.24028884E-04
   127.110771         1.21495541E-04
   127.237564         1.18950658E-04
   127.364357         1.16443574E-04
   127.491150         1.14019225E-04
   127.617943         1.11716981E-04
   127.744736         1.09570181E-04
   127.871529         1.07605483E-04
   127.998322         1.05842621E-04
   128.125107         1.04294500E-04
   128.251907         1.02967409E-04
   128.378693         1.01861333E-04
   128.505493         1.00970581E-04
   128.632278         1.00284531E-04
   128.759079         9.97884781E-05
   128.885864         9.94643269E-05
   129.012665         9.92916466E-05
   129.139450         9.92484784E-05
   129.266251         9.93120630E-05
   129.393036         9.94596849E-05
   129.519836         9.96692834E-05
   129.646622         9.99200493E-05
   129.773422         1.00192992E-04
   129.900208         1.00471356E-04
   130.027008         1.00740865E-04
   130.153793         1.00990066E-04
   130.280594         1.01210397E-04
   130.407379         1.01396232E-04
   130.534180         1.01544727E-04
   130.660965         1.01655700E-04
   130.787766         1.01731486E-04
   130.914551         1.01776612E-04
   131.041351         1.01797508E-04
   131.168137         1.01802318E-04
   131.294937         1.01800317E-04
   131.421722         1.01801728E-04
   131.548523         1.01817124E-04
   131.675308         1.01857157E-04
   131.802109         1.01932019E-04
   131.928894         1.02050959E-04
   132.055679         1.02222104E-04
   132.182480         1.02451893E-04
   132.309265         1.02745013E-04
   132.436066         1.03104023E-04
   132.562851         1.03529354E-04
   132.689651         1.04019098E-04
   132.816437         1.04569219E-04
   132.943237         1.05173516E-04
   133.070023         1.05824009E-04
   133.196823         1.06511034E-04
   133.323608         1.07223859E-04
   133.450409         1.07951018E-04
   133.577194         1.08680732E-04
   133.703995         1.09401495E-04
   133.830780         1.10102432E-04
   133.957581         1.10773646E-04
   134.084366         1.11406582E-04
   134.211166         1.11994043E-04
   134.337952         1.12530572E-04
   134.464752         1.13012269E-04
   134.591537         1.13436741E-04
   134.718338         1.13803035E-04
   134.845123         1.14111441E-04
   134.971924         1.14363102E-04
   135.098709         1.14559989E-04
   135.225510         1.14704322E-04
   135.352295         1.14798582E-04
   135.479095         1.14845439E-04
   135.605881         1.14847411E-04
   135.732666         1.14807146E-04
   135.859467         1.14727496E-04
   135.986252         1.14611714E-04
   136.113052         1.14463699E-04
   136.239838         1.14288137E-04
   136.366638         1.14090974E-04
   136.493423         1.13879491E-04
   136.620224         1.13662507E-04
   136.747009         1.13450500E-04
   136.873810         1.13255570E-04
   137.000595         1.13091250E-04
   137.127396         1.12972215E-04
   137.254181         1.12913687E-04
   137.380981         1.12930771E-04
   137.507767         1.13037866E-04
   137.634567         1.13247588E-04
   137.761353         1.13570073E-04
   137.888153         1.14012182E-04
   138.014938         1.14576680E-04
   138.141739         1.15261631E-04
   138.268524         1.16060015E-04
   138.395325         1.16959454E-04
   138.522110         1.17942094E-04
   138.648911         1.18984870E-04
   138.775696         1.20059820E-04
   138.902496         1.21134894E-04
   139.029282         1.22174722E-04
   139.156082         1.23141916E-04
   139.282867         1.23998208E-04
   139.409653         1.24705955E-04
   139.536453         1.25229548E-04
   139.663239         1.25536782E-04
   139.790039         1.25600316E-04
   139.916824         1.25398641E-04
   140.043625         1.24917453E-04
   140.170410         1.24150029E-04
   140.297211         1.23098231E-04
   140.423996         1.21772500E-04
   140.550797         1.20192097E-04
   140.677582         1.18384574E-04
   140.804382         1.16385228E-04
   140.931168         1.14236092E-04
   141.057968         1.11984686E-04
   141.184753         1.09682624E-04
   141.311554         1.07384003E-04
   141.438339         1.05143678E-04
   141.565140         1.03015780E-04
   141.691925         1.01051781E-04
   141.818726         9.92991991E-05
   141.945511         9.78000826E-05
   142.072311         9.65896834E-05
   142.199097         9.56955992E-05
   142.325897         9.51368638E-05
   142.452682         9.49236419E-05
   142.579483         9.50570611E-05
   142.706268         9.55293654E-05
   142.833069         9.63245620E-05
   142.959854         9.74190116E-05
   143.086655         9.87825406E-05
   143.213440         1.00379570E-04
   143.340225         1.02170277E-04
   143.467026         1.04111838E-04
   143.593811         1.06159823E-04
   143.720612         1.08269283E-04
   143.847397         1.10395995E-04
   143.974197         1.12497430E-04
   144.100983         1.14533912E-04
   144.227783         1.16469149E-04
   144.354568         1.18270975E-04
   144.481369         1.19911667E-04
   144.608154         1.21368197E-04
   144.734955         1.22622223E-04
   144.861740         1.23660109E-04
   144.988541         1.24472557E-04
   145.115326         1.25054488E-04
   145.242126         1.25404971E-04
   145.368912         1.25526378E-04
   145.495712         1.25424427E-04
   145.622498         1.25107588E-04
   145.749298         1.24586644E-04
   145.876083         1.23874226E-04
   146.002884         1.22984449E-04
   146.129669         1.21932600E-04
   146.256470         1.20734636E-04
   146.383255         1.19407137E-04
   146.510056         1.17967087E-04
   146.636841         1.16431678E-04
   146.763641         1.14818286E-04
   146.890427         1.13144342E-04
   147.017212         1.11427369E-04
   147.144012         1.09684705E-04
   147.270798         1.07933767E-04
   147.397598         1.06191786E-04
   147.524384         1.04475956E-04
   147.651184         1.02803540E-04
   147.777969         1.01191821E-04
   147.904770         9.96580784E-05
   148.031555         9.82196943E-05
   148.158356         9.68939494E-05
   148.285141         9.56978329E-05
   148.411942         9.46477885E-05
   148.538727         9.37594523E-05
   148.665527         9.30473470E-05
   148.792313         9.25245113E-05
   148.919113         9.22022737E-05
   149.045898         9.20898383E-05
   149.172699         9.21939791E-05
   149.299484         9.25187633E-05
   149.426285         9.30650276E-05
   149.553070         9.38302983E-05
   149.679871         9.48084125E-05
   149.806656         9.59895260E-05
   149.933456         9.73600836E-05
   150.060242         9.89029650E-05
   150.187042         1.00597834E-04
   150.313828         1.02421334E-04
   150.440628         1.04347760E-04
   150.567413         1.06349500E-04
   150.694214         1.08397559E-04
   150.820999         1.10462337E-04
   150.947784         1.12514128E-04
   151.074585         1.14523973E-04
   151.201370         1.16464282E-04
   151.328171         1.18309443E-04
   151.454956         1.20036617E-04
   151.581757         1.21626050E-04
   151.708542         1.23061589E-04
   151.835342         1.24330836E-04
   151.962128         1.25425300E-04
   152.088928         1.26340266E-04
   152.215714         1.27074731E-04
   152.342514         1.27631007E-04
   152.469299         1.28014464E-04
   152.596100         1.28233209E-04
   152.722885         1.28297383E-04
   152.849686         1.28218788E-04
   152.976471         1.28010215E-04
   153.103271         1.27684965E-04
   153.230057         1.27256091E-04
   153.356857         1.26736108E-04
   153.483643         1.26136554E-04
   153.610443         1.25467661E-04
   153.737228         1.24738290E-04
   153.864029         1.23955819E-04
   153.990814         1.23126345E-04
   154.117615         1.22254787E-04
   154.244400         1.21344958E-04
   154.371201         1.20400051E-04
   154.497986         1.19422824E-04
   154.624771         1.18416021E-04
   154.751572         1.17382733E-04
   154.878357         1.16326679E-04
   155.005157         1.15252602E-04
   155.131943         1.14166476E-04
   155.258743         1.13075686E-04
   155.385529         1.11988928E-04
   155.512329         1.10916226E-04
   155.639114         1.09868757E-04
   155.765915         1.08858381E-04
   155.892700         1.07897562E-04
   156.019501         1.06998712E-04
   156.146286         1.06173939E-04
   156.273087         1.05434519E-04
   156.399872         1.04790437E-04
   156.526672         1.04249921E-04
   156.653458         1.03819111E-04
   156.780258         1.03501734E-04
   156.907043         1.03298757E-04
   157.033844         1.03208498E-04
   157.160629         1.03226565E-04
   157.287430         1.03346138E-04
   157.414215         1.03558203E-04
   157.541016         1.03852195E-04
   157.667801         1.04216291E-04
   157.794601         1.04638115E-04
   157.921387         1.05105326E-04
   158.048187         1.05606036E-04
   158.174973         1.06129672E-04
   158.301773         1.06667219E-04
   158.428558         1.07211868E-04
   158.555344         1.07759217E-04
   158.682144         1.08307453E-04
   158.808929         1.08857384E-04
   158.935730         1.09412147E-04
   159.062515         1.09976936E-04
   159.189316         1.10558598E-04
   159.316101         1.11164889E-04
   159.442902         1.11803820E-04
   159.569687         1.12483052E-04
   159.696487         1.13209018E-04
   159.823273         1.13986345E-04
   159.950073         1.14817049E-04
   160.076859         1.15700030E-04
   160.203659         1.16630581E-04
