  -4.50000000         0.00000000    
  -4.37320757         0.00000000    
  -4.24641466         0.00000000    
  -4.11962223         0.00000000    
  -3.99282932         1.38581656E-23
  -3.86603665        -4.67306559E-22
  -3.73924398        -5.00739156E-21
  -3.61245155        -2.43511940E-20
  -3.48565888        -7.36021949E-20
  -3.35886621        -1.44653584E-19
  -3.23207355        -1.45031645E-19
  -3.10528088         1.61620881E-19
  -2.97848821         1.11967602E-18
  -2.85169554         2.95422717E-18
  -2.72490287         5.37622069E-18
  -2.59811020         7.24548923E-18
  -2.47131753         6.61233044E-18
  -2.34452486         1.23878248E-18
  -2.21773219        -1.08019374E-17
  -2.09093952        -3.12056665E-17
  -1.96414697        -6.25535751E-17
  -1.83735430        -1.09466177E-16
  -1.71056163        -1.77263151E-16
  -1.58376896        -2.65516718E-16
  -1.45697629        -3.56666781E-16
  -1.33018374        -4.05164473E-16
  -1.20339108        -3.37530506E-16
  -1.07659841        -7.38178493E-17
 -0.949805737         4.27002199E-16
 -0.823013067         1.11024928E-15
 -0.696220458         1.78557468E-15
 -0.569427788         2.13880626E-15
 -0.442635119         1.82021345E-15
 -0.315842479         6.05049557E-16
 -0.189049825        -1.41681729E-15
  -6.22571707E-02    -3.69894756E-15
   6.45354837E-02    -5.23117257E-15
  0.191328138        -4.72942244E-15
  0.318120778        -1.02439318E-15
  0.444913447         6.43013839E-15
  0.571706116         1.70833213E-14
  0.698498726         2.90380818E-14
  0.825291395         3.91910625E-14
  0.952084064         4.38295132E-14
   1.07887673         3.96068506E-14
   1.20566940         2.46657671E-14
   1.33246195        -4.24351251E-16
   1.45925462        -3.22527073E-14
   1.58604729        -6.48972317E-14
   1.71283996        -9.10125382E-14
   1.83963263        -1.03447307E-13
   1.96642530        -9.69765650E-14
   2.09321785        -6.96755750E-14
   2.22001052        -2.35677075E-14
   2.34680319         3.55814384E-14
   2.47359586         9.91630552E-14
   2.60038853         1.56938386E-13
   2.72718120         1.98140712E-13
   2.85397387         2.12205457E-13
   2.98076653         1.89188468E-13
   3.10755920         1.20276293E-13
   3.23435187        -1.02538399E-15
   3.36114454        -1.76549801E-13
   3.48793697        -3.99955703E-13
   3.61472964        -6.52704290E-13
   3.74152231        -9.00892913E-13
   3.86831498        -1.09469963E-12
   3.99510765        -1.17205193E-12
   4.12190056        -1.06733079E-12
   4.24869299        -7.24562012E-13
   4.37548542        -1.12994202E-13
   4.50227833         7.58361039E-13
   4.62907076         1.83118668E-12
   4.75586367         2.99677102E-12
   4.88265610         4.10518277E-12
   5.00944901         4.98412379E-12
   5.13624144         5.46428831E-12
   5.26303434         5.40605451E-12
   5.38982677         4.72159768E-12
   5.51661968         3.38735398E-12
   5.64341211         1.44406319E-12
   5.77020502        -1.01500947E-12
   5.89699745        -3.86393044E-12
   6.02379036        -6.96593868E-12
   6.15058279        -1.01908490E-11
   6.27737522        -1.34234559E-11
   6.40416813        -1.65620365E-11
   6.53096056        -1.95109623E-11
   6.65775347        -2.21753657E-11
   6.78454590        -2.44678427E-11
   6.91133881        -2.63359855E-11
   7.03813124        -2.78141971E-11
   7.16492414        -2.90948619E-11
   7.29171658        -3.06042761E-11
   7.41850948        -3.30598639E-11
   7.54530191        -3.74796930E-11
   7.67209482        -4.51174202E-11
   7.79888725        -5.73030200E-11
   7.92567968        -7.51855175E-11
   8.05247211        -9.93930424E-11
   8.17926502        -1.29645364E-10
   8.30605793        -1.64368380E-10
   8.43285084        -2.00367500E-10
   8.55964279        -2.32610056E-10
   8.68643570        -2.54153032E-10
   8.81322861        -2.56227317E-10
   8.94002151        -2.28467412E-10
   9.06681347        -1.59260841E-10
   9.19360638        -3.61892252E-11
   9.32039928         1.53443244E-10
   9.44719219         4.21964241E-10
   9.57398415         7.80485510E-10
   9.70077705         1.23772403E-09
   9.82756996         1.79833293E-09
   9.95436192         2.46059506E-09
   10.0811548         3.21339866E-09
   10.2079477         4.03253742E-09
   10.3347406         4.87654095E-09
   10.4615326         5.68247538E-09
   10.5883255         6.36232711E-09
   10.7151184         6.80078394E-09
   10.8419113         6.85527635E-09
   10.9687033         6.35914477E-09
   11.0954962         5.12860598E-09
   11.2222891         2.97387026E-09
   11.3490820        -2.85652224E-10
   11.4758739        -4.80268936E-09
   11.6026669        -1.06811635E-08
   11.7294598        -1.79548039E-08
   11.8562517        -2.65674736E-08
   11.9830446        -3.63580845E-08
   12.1098375        -4.70529820E-08
   12.2366304        -5.82689239E-08
   12.3634224        -6.95299391E-08
   12.4902153        -8.03009570E-08
   12.6170082        -9.00409560E-08
   12.7438011        -9.82779511E-08
   12.8705931        -1.04707617E-07
   12.9973860        -1.09316588E-07
   13.1241789        -1.12530010E-07
   13.2509708        -1.15383244E-07
   13.3777637        -1.19713860E-07
   13.5045567        -1.28371354E-07
   13.6313496        -1.45437681E-07
   13.7581415        -1.76452232E-07
   13.8849344        -2.28631848E-07
   14.0117273        -3.11075951E-07
   14.1385202        -4.34945633E-07
   14.2653122        -6.13605152E-07
   14.3921051        -8.62714444E-07
   14.5188980        -1.20026300E-06
   14.6456909        -1.64653466E-06
   14.7724829        -2.22399512E-06
   14.8992758        -2.95710311E-06
   15.0260687        -3.87203772E-06
   15.1528606        -4.99634370E-06
   15.2796535        -6.35850529E-06
   15.4064465        -7.98745077E-06
   15.5332394        -9.91200250E-06
   15.6600313        -1.21602779E-05
   15.7868242        -1.47590627E-05
   15.9136171        -1.77331858E-05
   16.0404091        -2.11048718E-05
   16.1672020        -2.48931301E-05
   16.2939949        -2.91131782E-05
   16.4207878        -3.37758756E-05
   16.5475807        -3.88872722E-05
   16.6743736        -4.44481811E-05
   16.8011646        -5.04537820E-05
   16.9279575        -5.68933719E-05
   17.0547504        -6.37502089E-05
   17.1815434        -7.10013046E-05
   17.3083363        -7.86174496E-05
   17.4351292        -8.65632828E-05
   17.5619221        -9.47974186E-05
   17.6887150        -1.03272832E-04
   17.8155060        -1.11937094E-04
   17.9422989        -1.20733057E-04
   18.0690918        -1.29599401E-04
   18.1958847        -1.38471485E-04
   18.3226776        -1.47282204E-04
   18.4494705        -1.55963047E-04
   18.5762634        -1.64445242E-04
   18.7030544        -1.72660817E-04
   18.8298473        -1.80544084E-04
   18.9566402        -1.88032645E-04
   19.0834332        -1.95068744E-04
   19.2102261        -2.01600516E-04
   19.3370190        -2.07582882E-04
   19.4638119        -2.12978513E-04
   19.5906048        -2.17758716E-04
   19.7173958        -2.21903785E-04
   19.8441887        -2.25403404E-04
   19.9709816        -2.28256627E-04
   20.0977745        -2.30471967E-04
   20.2245674        -2.32066566E-04
   20.3513603        -2.33065904E-04
   20.4781532        -2.33502797E-04
   20.6049442        -2.33416547E-04
   20.7317371        -2.32851642E-04
   20.8585300        -2.31856684E-04
   20.9853230        -2.30483522E-04
   21.1121159        -2.28785662E-04
   21.2389088        -2.26817778E-04
   21.3657017        -2.24634277E-04
   21.4924946        -2.22289105E-04
   21.6192856        -2.19835027E-04
   21.7460785        -2.17323002E-04
   21.8728714        -2.14802611E-04
   21.9996643        -2.12321436E-04
   22.1264572        -2.09925463E-04
   22.2532501        -2.07659410E-04
   22.3800430        -2.05566350E-04
   22.5068340        -2.03688498E-04
   22.6336269        -2.02066891E-04
   22.7604198        -2.00741415E-04
   22.8872128        -1.99750677E-04
   23.0140057        -1.99131449E-04
   23.1407986        -1.98918278E-04
   23.2675915        -1.99142392E-04
   23.3943844        -1.99830814E-04
   23.5211754        -2.01005576E-04
   23.6479683        -2.02681840E-04
   23.7747612        -2.04867407E-04
   23.9015541        -2.07561083E-04
   24.0283470        -2.10751910E-04
   24.1551399        -2.14418193E-04
   24.2819328        -2.18527246E-04
   24.4087238        -2.23035022E-04
   24.5355167        -2.27886630E-04
   24.6623096        -2.33016865E-04
   24.7891026        -2.38351640E-04
   24.9158955        -2.43809205E-04
   25.0426884        -2.49302742E-04
   25.1694813        -2.54742190E-04
   25.2962742        -2.60037545E-04
   25.4230652        -2.65100854E-04
   25.5498581        -2.69850047E-04
   25.6766510        -2.74211110E-04
   25.8034439        -2.78121151E-04
   25.9302368        -2.81530869E-04
   26.0570297        -2.84406648E-04
   26.1838226        -2.86732015E-04
   26.3106136        -2.88509240E-04
   26.4374065        -2.89759366E-04
   26.5641994        -2.90522410E-04
   26.6909924        -2.90856668E-04
   26.8177853        -2.90837430E-04
   26.9445782        -2.90554919E-04
   27.0713711        -2.90112512E-04
   27.1981640        -2.89623247E-04
   27.3249550        -2.89207179E-04
   27.4517479        -2.88988260E-04
   27.5785408        -2.89090385E-04
   27.7053337        -2.89634976E-04
   27.8321266        -2.90736702E-04
   27.9589195        -2.92501674E-04
   28.0857124        -2.95023987E-04
   28.2125034        -2.98384140E-04
   28.3392963        -3.02647299E-04
   28.4660892        -3.07861686E-04
   28.5928822        -3.14058008E-04
   28.7196751        -3.21249536E-04
   28.8464680        -3.29432223E-04
   28.9732609        -3.38585232E-04
   29.1000538        -3.48672096E-04
   29.2268448        -3.59641941E-04
   29.3536377        -3.71431408E-04
   29.4804306        -3.83966195E-04
   29.6072235        -3.97163152E-04
   29.7340164        -4.10932262E-04
   29.8608093        -4.25178499E-04
   29.9876022        -4.39804222E-04
   30.1143932        -4.54710593E-04
   30.2411861        -4.69799939E-04
   30.3679790        -4.84977354E-04
   30.4947720        -5.00151829E-04
   30.6215649        -5.15237683E-04
   30.7483578        -5.30156132E-04
   30.8751507        -5.44835988E-04
   31.0019417        -5.59213920E-04
   31.1287346        -5.73235797E-04
   31.2555275        -5.86856040E-04
   31.3823204        -6.00038155E-04
   31.5091133        -6.12754666E-04
   31.6359062        -6.24985667E-04
   31.7626991        -6.36719749E-04
   31.8894920        -6.47951441E-04
   32.0162849        -6.58681267E-04
   32.1430779        -6.68913475E-04
   32.2698708        -6.78655924E-04
   32.3966637        -6.87916821E-04
   32.5234528        -6.96703675E-04
   32.6502457        -7.05022132E-04
   32.7770386        -7.12873065E-04
   32.9038315        -7.20251177E-04
   33.0306244        -7.27143604E-04
   33.1574173        -7.33528112E-04
   33.2842102        -7.39371520E-04
   33.4110031        -7.44629593E-04
   33.5377960        -7.49245693E-04
   33.6645889        -7.53150845E-04
   33.7913818        -7.56264199E-04
   33.9181747        -7.58493959E-04
   34.0449677        -7.59738090E-04
   34.1717606        -7.59887742E-04
   34.2985535        -7.58827431E-04
   34.4253426        -7.56440044E-04
   34.5521355        -7.52608583E-04
   34.6789284        -7.47220183E-04
   34.8057213        -7.40170013E-04
   34.9325142        -7.31364416E-04
   35.0593071        -7.20725162E-04
   35.1861000        -7.08193111E-04
   35.3128929        -6.93730195E-04
   35.4396858        -6.77324075E-04
   35.5664787        -6.58988836E-04
   35.6932716        -6.38767728E-04
   35.8200645        -6.16733567E-04
   35.9468575        -5.92989265E-04
   36.0736504        -5.67667361E-04
   36.2004433        -5.40929206E-04
   36.3272324        -5.12962404E-04
   36.4540253        -4.83978918E-04
   36.5808182        -4.54211578E-04
   36.7076111        -4.23910475E-04
   36.8344040        -3.93338618E-04
   36.9611969        -3.62767489E-04
   37.0879898        -3.32472235E-04
   37.2147827        -3.02726519E-04
   37.3415756        -2.73797661E-04
   37.4683685        -2.45941657E-04
   37.5951614        -2.19398338E-04
   37.7219543        -1.94387190E-04
   37.8487473        -1.71103253E-04
   37.9755402        -1.49713625E-04
   38.1023293        -1.30354805E-04
   38.2291222        -1.13130358E-04
   38.3559151        -9.81095000E-05
   38.4827080        -8.53265374E-05
   38.6095009        -7.47806262E-05
   38.7362938        -6.64366671E-05
   38.8630867        -6.02266446E-05
   38.9898796        -5.60516564E-05
   39.1166725        -5.37843953E-05
   39.2434654        -5.32722697E-05
   39.3702583        -5.43407550E-05
   39.4970512        -5.67971838E-05
   39.6238441        -6.04346969E-05
   39.7506371        -6.50363436E-05
   39.8774300        -7.03793485E-05
   40.0042191        -7.62392083E-05
   40.1310120        -8.23939554E-05
   40.2578049        -8.86279013E-05
   40.3845978        -9.47357403E-05
   40.5113907        -1.00525700E-04
   40.6381836        -1.05823041E-04
   40.7649765        -1.10472713E-04
   40.8917694        -1.14341572E-04
   41.0185623        -1.17320495E-04
   41.1453552        -1.19325668E-04
   41.2721481        -1.20299243E-04
   41.3989410        -1.20209581E-04
   41.5257339        -1.19050994E-04
   41.6525269        -1.16842726E-04
   41.7793198        -1.13627531E-04
   41.9061089        -1.09469613E-04
   42.0329018        -1.04452316E-04
   42.1596947        -9.86754603E-05
   42.2864876        -9.22521867E-05
   42.4132805        -8.53059755E-05
   42.5400734        -7.79674374E-05
   42.6668663        -7.03711339E-05
   42.7936592        -6.26526598E-05
   42.9204521        -5.49459401E-05
   43.0472450        -4.73807268E-05
   43.1740379        -4.00807367E-05
   43.3008308        -3.31618503E-05
   43.4276237        -2.67309533E-05
   43.5544167        -2.08850633E-05
   43.6812096        -1.57108043E-05
   43.8079987        -1.12842527E-05
   43.9347916        -7.67089932E-06
   44.0615845        -4.92582558E-06
   44.1883774        -3.09396137E-06
   44.3151703        -2.21034475E-06
   44.4419632        -2.30029877E-06
   44.5687561        -3.37956931E-06
   44.6955490        -5.45426155E-06
   44.8223419        -8.52067569E-06
   44.9491348        -1.25650049E-05
   45.0759277        -1.75629084E-05
   45.2027206        -2.34790423E-05
   45.3295135        -3.02665558E-05
   45.4563065        -3.78667137E-05
   45.5830994        -4.62085554E-05
   45.7098885        -5.52088495E-05
   45.8366814        -6.47722045E-05
   45.9634743        -7.47917438E-05
   46.0902672        -8.51497607E-05
   46.2170601        -9.57192024E-05
   46.3438530        -1.06365282E-04
   46.4706459        -1.16947551E-04
   46.5974388        -1.27322404E-04
   46.7242317        -1.37345793E-04
   46.8510246        -1.46876060E-04
   46.9778175        -1.55777088E-04
   47.1046104        -1.63921519E-04
   47.2314034        -1.71193256E-04
   47.3581963        -1.77490729E-04
   47.4849892        -1.82729011E-04
   47.6117783        -1.86841979E-04
   47.7385712        -1.89783823E-04
   47.8653641        -1.91530227E-04
   47.9921570        -1.92078776E-04
   48.1189499        -1.91449086E-04
   48.2457428        -1.89682120E-04
   48.3725357        -1.86839112E-04
   48.4993286        -1.83000186E-04
   48.6261215        -1.78262228E-04
   48.7529144        -1.72736793E-04
   48.8797073        -1.66547383E-04
   49.0065002        -1.59826886E-04
   49.1332932        -1.52714681E-04
   49.2600861        -1.45353857E-04
   49.3868790        -1.37888419E-04
   49.5136681        -1.30460670E-04
   49.6404610        -1.23208796E-04
   49.7672539        -1.16264579E-04
   49.8940468        -1.09751498E-04
   50.0208397        -1.03783132E-04
   50.1476326        -9.84616054E-05
   50.2744255        -9.38768280E-05
   50.4012184        -9.01053718E-05
   50.5280113        -8.72100936E-05
   50.6548042        -8.52397352E-05
   50.7815971        -8.42286900E-05
   50.9083900        -8.41970032E-05
   51.0351830        -8.51503937E-05
   51.1619759        -8.70803560E-05
   51.2887688        -8.99644147E-05
   51.4155579        -9.37662771E-05
   51.5423508        -9.84362778E-05
   51.6691437        -1.03911698E-04
   51.7959366        -1.10117231E-04
   51.9227295        -1.16965755E-04
   52.0495224        -1.24358994E-04
   52.1763153        -1.32188739E-04
   52.3031082        -1.40337943E-04
   52.4299011        -1.48682448E-04
   52.5566940        -1.57092785E-04
   52.6834869        -1.65436213E-04
   52.8102798        -1.73579218E-04
   52.9370728        -1.81390133E-04
   53.0638657        -1.88741833E-04
   53.1906586        -1.95514716E-04
   53.3174477        -2.01599352E-04
   53.4442406        -2.06899436E-04
   53.5710335        -2.11333943E-04
   53.6978264        -2.14839602E-04
   53.8246193        -2.17372348E-04
   53.9514122        -2.18908492E-04
   54.0782051        -2.19445283E-04
   54.2049980        -2.19000867E-04
   54.3317909        -2.17613255E-04
   54.4585838        -2.15339300E-04
   54.5853767        -2.12252402E-04
   54.7121696        -2.08440106E-04
   54.8389626        -2.04001291E-04
   54.9657555        -1.99042683E-04
   55.0925484        -1.93675762E-04
   55.2193375        -1.88013291E-04
   55.3461304        -1.82165808E-04
   55.4729233        -1.76239046E-04
   55.5997162        -1.70330808E-04
   55.7265091        -1.64529003E-04
   55.8533020        -1.58909912E-04
   55.9800949        -1.53537199E-04
   56.1068878        -1.48461302E-04
   56.2336807        -1.43719677E-04
   56.3604736        -1.39337426E-04
   56.4872665        -1.35328606E-04
   56.6140594        -1.31697743E-04
   56.7408524        -1.28441810E-04
   56.8676453        -1.25552469E-04
   56.9944382        -1.23018137E-04
   57.1212273        -1.20826277E-04
   57.2480202        -1.18965378E-04
   57.3748131        -1.17426644E-04
   57.5016060        -1.16205294E-04
   57.6283989        -1.15301467E-04
   57.7551918        -1.14720555E-04
   57.8819847        -1.14473012E-04
   58.0087776        -1.14573719E-04
   58.1355705        -1.15040697E-04
   58.2623634        -1.15893687E-04
   58.3891563        -1.17152122E-04
   58.5159492        -1.18833152E-04
   58.6427422        -1.20949364E-04
   58.7695351        -1.23506747E-04
   58.8963280        -1.26502651E-04
   59.0231171        -1.29924199E-04
   59.1499100        -1.33747017E-04
   59.2767029        -1.37934432E-04
   59.4034958        -1.42437348E-04
   59.5302887        -1.47194587E-04
   59.6570816        -1.52133769E-04
   59.7838745        -1.57173054E-04
   59.9106674        -1.62223121E-04
   60.0374603        -1.67189733E-04
   60.1642532        -1.71976688E-04
   60.2910461        -1.76488931E-04
   60.4178391        -1.80635921E-04
   60.5446320        -1.84334669E-04
   60.6714249        -1.87513098E-04
   60.7982178        -1.90112594E-04
   60.9250069        -1.92090476E-04
   61.0517998        -1.93421714E-04
   61.1785927        -1.94100241E-04
   61.3053856        -1.94139255E-04
   61.4321785        -1.93571163E-04
   61.5589714        -1.92446634E-04
   61.6857643        -1.90832900E-04
   61.8125572        -1.88811580E-04
   61.9393501        -1.86476027E-04
   62.0661430        -1.83927856E-04
   62.1929359        -1.81273674E-04
   62.3197289        -1.78621369E-04
   62.4465218        -1.76076370E-04
   62.5733147        -1.73737993E-04
   62.7001076        -1.71696302E-04
   62.8268967        -1.70029016E-04
   62.9536896        -1.68799248E-04
   63.0804825        -1.68053521E-04
   63.2072754        -1.67820719E-04
   63.3340683        -1.68111743E-04
   63.4608612        -1.68919549E-04
   63.5876541        -1.70220403E-04
   63.7144470        -1.71975131E-04
   63.8412399        -1.74131579E-04
   63.9680328        -1.76627073E-04
   64.0948257        -1.79391209E-04
   64.2216187        -1.82349046E-04
   64.3484116        -1.85424200E-04
   64.4752045        -1.88541715E-04
   64.6019974        -1.91630868E-04
   64.7287903        -1.94627370E-04
   64.8555832        -1.97475456E-04
   64.9823761        -2.00129041E-04
   65.1091690        -2.02552517E-04
   65.2359619        -2.04721015E-04
   65.3627548        -2.06619879E-04
   65.4895477        -2.08243771E-04
   65.6163330        -2.09595179E-04
   65.7431259        -2.10682658E-04
   65.8699188        -2.11518825E-04
   65.9967117        -2.12117797E-04
   66.1235046        -2.12493367E-04
   66.2502975        -2.12656349E-04
   66.3770905        -2.12613057E-04
   66.5038834        -2.12363462E-04
   66.6306763        -2.11900187E-04
   66.7574692        -2.11207909E-04
   66.8842621        -2.10263475E-04
   67.0110550        -2.09036138E-04
   67.1378479        -2.07489255E-04
   67.2646408        -2.05581615E-04
   67.3914337        -2.03269781E-04
   67.5182266        -2.00510578E-04
   67.6450195        -1.97263944E-04
   67.7718124        -1.93495565E-04
   67.8986053        -1.89179933E-04
   68.0253983        -1.84302655E-04
   68.1521912        -1.78863091E-04
   68.2789841        -1.72875836E-04
   68.4057770        -1.66372338E-04
   68.5325699        -1.59401388E-04
   68.6593628        -1.52029432E-04
   68.7861557        -1.44339923E-04
   68.9129486        -1.36432005E-04
   69.0397415        -1.28418789E-04
   69.1665344        -1.20424847E-04
   69.2933273        -1.12583490E-04
   69.4201126        -1.05033279E-04
   69.5469055        -9.79146498E-05
   69.6736984        -9.13662079E-05
   69.8004913        -8.55209582E-05
   69.9272842        -8.05028030E-05
   70.0540771        -7.64231809E-05
   70.1808701        -7.33780980E-05
   70.3076630        -7.14456255E-05
   70.4344559        -7.06837818E-05
   70.5612488        -7.11292305E-05
   70.6880417        -7.27963125E-05
   70.8148346        -7.56769514E-05
   70.9416275        -7.97409957E-05
   71.0684204        -8.49371427E-05
   71.1952133        -9.11945390E-05
   71.3220062        -9.84246362E-05
   71.4487991        -1.06523628E-04
   71.5755920        -1.15375064E-04
   71.7023849        -1.24852741E-04
   71.8291779        -1.34823611E-04
   71.9559708        -1.45150771E-04
   72.0827637        -1.55696354E-04
   72.2095566        -1.66324346E-04
   72.3363495        -1.76902831E-04
   72.4631424        -1.87306243E-04
   72.5899353        -1.97417263E-04
   72.7167282        -2.07127945E-04
   72.8435211        -2.16340864E-04
   72.9703140        -2.24969684E-04
   73.0971069        -2.32939346E-04
   73.2238922        -2.40186011E-04
   73.3506851        -2.46656506E-04
   73.4774780        -2.52308149E-04
   73.6042709        -2.57107342E-04
   73.7310638        -2.61029461E-04
   73.8578568        -2.64057337E-04
   73.9846497        -2.66180898E-04
   74.1114426        -2.67396157E-04
   74.2382355        -2.67704658E-04
   74.3650284        -2.67113122E-04
   74.4918213        -2.65633018E-04
   74.6186142        -2.63280497E-04
   74.7454071        -2.60076864E-04
   74.8722000        -2.56048603E-04
   74.9989929        -2.51228135E-04
   75.1257858        -2.45654432E-04
   75.2525787        -2.39373650E-04
   75.3793716        -2.32439721E-04
   75.5061646        -2.24915304E-04
   75.6329575        -2.16871806E-04
   75.7597504        -2.08389756E-04
   75.8865433        -1.99558592E-04
   76.0133362        -1.90476290E-04
   76.1401291        -1.81248397E-04
   76.2669220        -1.71986889E-04
   76.3937149        -1.62808385E-04
   76.5205078        -1.53832312E-04
   76.6473007        -1.45178667E-04
   76.7740936        -1.36965362E-04
   76.9008865        -1.29305714E-04
   77.0276718        -1.22305719E-04
   77.1544647        -1.16061405E-04
   77.2812576        -1.10656430E-04
   77.4080505        -1.06159743E-04
   77.5348434        -1.02623730E-04
   77.6616364        -1.00082754E-04
   77.7884293        -9.85523220E-05
   77.9152222        -9.80284167E-05
   78.0420151        -9.84878789E-05
   78.1688080        -9.98889591E-05
   78.2956009        -1.02172744E-04
   78.4223938        -1.05264786E-04
   78.5491867        -1.09077497E-04
   78.6759796        -1.13512702E-04
   78.8027725        -1.18464603E-04
   78.9295654        -1.23822785E-04
   79.0563583        -1.29475593E-04
   79.1831512        -1.35313050E-04
   79.3099442        -1.41230033E-04
   79.4367371        -1.47128856E-04
   79.5635300        -1.52921828E-04
   79.6903229        -1.58533090E-04
   79.8171158        -1.63900069E-04
   79.9439087        -1.68974409E-04
   80.0707016        -1.73722161E-04
   80.1974945        -1.78123591E-04
   80.3242874        -1.82172167E-04
   80.4510803        -1.85873258E-04
   80.5778732        -1.89242128E-04
   80.7046585        -1.92301770E-04
   80.8314514        -1.95080444E-04
   80.9582443        -1.97608853E-04
   81.0850372        -1.99917660E-04
   81.2118301        -2.02034818E-04
   81.3386230        -2.03983276E-04
   81.4654160        -2.05779099E-04
   81.5922089        -2.07429839E-04
   81.7190018        -2.08933488E-04
   81.8457947        -2.10278289E-04
   81.9725876        -2.11442632E-04
   82.0993805        -2.12396088E-04
   82.2261734        -2.13100371E-04
   82.3529663        -2.13511667E-04
   82.4797592        -2.13582418E-04
   82.6065521        -2.13264240E-04
   82.7333450        -2.12510582E-04
   82.8601379        -2.11279461E-04
   82.9869308        -2.09536534E-04
   83.1137238        -2.07257399E-04
   83.2405167        -2.04429991E-04
   83.3673096        -2.01056348E-04
   83.4941025        -1.97153873E-04
   83.6208954        -1.92755979E-04
   83.7476883        -1.87912272E-04
   83.8744812        -1.82687567E-04
   84.0012741        -1.77160924E-04
   84.1280670        -1.71423613E-04
   84.2548599        -1.65576799E-04
   84.3816528        -1.59728603E-04
   84.5084381        -1.53991190E-04
   84.6352310        -1.48477207E-04
   84.7620239        -1.43296667E-04
   84.8888168        -1.38553689E-04
   85.0156097        -1.34343383E-04
   85.1424026        -1.30749264E-04
   85.2691956        -1.27841093E-04
   85.3959885        -1.25673105E-04
   85.5227814        -1.24282888E-04
   85.6495743        -1.23690887E-04
   85.7763672        -1.23900318E-04
   85.9031601        -1.24897866E-04
   86.0299530        -1.26654661E-04
   86.1567459        -1.29127729E-04
   86.2835388        -1.32261775E-04
   86.4103317        -1.35991271E-04
   86.5371246        -1.40242541E-04
   86.6639175        -1.44936028E-04
   86.7907104        -1.49988424E-04
   86.9175034        -1.55314978E-04
   87.0442963        -1.60831274E-04
   87.1710892        -1.66454920E-04
   87.2978821        -1.72107335E-04
   87.4246750        -1.77714799E-04
   87.5514679        -1.83209399E-04
   87.6782608        -1.88529812E-04
   87.8050537        -1.93621599E-04
   87.9318466        -1.98437396E-04
   88.0586395        -2.02936615E-04
   88.1854324        -2.07085308E-04
   88.3122177        -2.10855535E-04
   88.4390106        -2.14224696E-04
   88.5658035        -2.17174849E-04
   88.6925964        -2.19692010E-04
   88.8193893        -2.21765309E-04
   88.9461823        -2.23386451E-04
   89.0729752        -2.24549105E-04
   89.1997681        -2.25248339E-04
   89.3265610        -2.25480675E-04
   89.4533539        -2.25243726E-04
   89.5801468        -2.24536401E-04
   89.7069397        -2.23359209E-04
   89.8337326        -2.21714581E-04
   89.9605255        -2.19607566E-04
   90.0873184        -2.17046530E-04
   90.2141113        -2.14043786E-04
   90.3409042        -2.10616505E-04
   90.4676971        -2.06787357E-04
   90.5944901        -2.02585376E-04
   90.7212830        -1.98046138E-04
   90.8480759        -1.93212327E-04
   90.9748688        -1.88133839E-04
   91.1016617        -1.82867545E-04
   91.2284546        -1.77476642E-04
   91.3552475        -1.72030253E-04
   91.4820404        -1.66602040E-04
   91.6088333        -1.61269039E-04
   91.7356262        -1.56110051E-04
   91.8624191        -1.51203974E-04
   91.9892120        -1.46627877E-04
   92.1159973        -1.42455261E-04
   92.2427902        -1.38754083E-04
   92.3695831        -1.35585244E-04
   92.4963760        -1.33000663E-04
   92.6231689        -1.31042179E-04
   92.7499619        -1.29740423E-04
   92.8767548        -1.29113934E-04
   93.0035477        -1.29168751E-04
   93.1303406        -1.29898384E-04
   93.2571335        -1.31283901E-04
   93.3839264        -1.33294743E-04
   93.5107193        -1.35889379E-04
   93.6375122        -1.39016673E-04
   93.7643051        -1.42617064E-04
   93.8910980        -1.46624137E-04
   94.0178909        -1.50966283E-04
   94.1446838        -1.55568167E-04
   94.2714767        -1.60352356E-04
   94.3982697        -1.65240825E-04
   94.5250626        -1.70156112E-04
   94.6518555        -1.75022826E-04
   94.7786484        -1.79768234E-04
   94.9054413        -1.84323450E-04
   95.0322342        -1.88623861E-04
   95.1590271        -1.92609863E-04
   95.2858200        -1.96227178E-04
   95.4126129        -1.99427275E-04
   95.5394058        -2.02167619E-04
   95.6661987        -2.04411976E-04
   95.7929916        -2.06130746E-04
   95.9197769        -2.07301084E-04
   96.0465698        -2.07907229E-04
   96.1733627        -2.07940626E-04
   96.3001556        -2.07400066E-04
   96.4269485        -2.06291996E-04
   96.5537415        -2.04630254E-04
   96.6805344        -2.02436466E-04
   96.8073273        -1.99739559E-04
   96.9341202        -1.96575740E-04
   97.0609131        -1.92988198E-04
   97.1877060        -1.89026687E-04
   97.3144989        -1.84746721E-04
   97.4412918        -1.80209201E-04
   97.5680847        -1.75479450E-04
   97.6948776        -1.70626430E-04
   97.8216705        -1.65721751E-04
   97.9484634        -1.60838637E-04
   98.0752563        -1.56051028E-04
   98.2020493        -1.51432338E-04
   98.3288422        -1.47054598E-04
   98.4556351        -1.42987250E-04
   98.5824280        -1.39296288E-04
   98.7092209        -1.36043091E-04
   98.8360138        -1.33283800E-04
   98.9628067        -1.31067965E-04
   99.0895996        -1.29438107E-04
   99.2163925        -1.28428801E-04
   99.3431854        -1.28065803E-04
   99.4699783        -1.28365486E-04
   99.5967712        -1.29334279E-04
   99.7235565        -1.30968023E-04
   99.8503494        -1.33251742E-04
   99.9771423        -1.36159390E-04
   100.103935        -1.39653901E-04
   100.230728        -1.43687343E-04
   100.357521        -1.48201623E-04
   100.484314        -1.53129207E-04
   100.611107        -1.58394163E-04
   100.737900        -1.63913763E-04
   100.864693        -1.69600025E-04
   100.991486        -1.75361580E-04
   101.118279        -1.81105992E-04
   101.245071        -1.86741760E-04
   101.371864        -1.92180683E-04
   101.498657        -1.97340065E-04
   101.625450        -2.02144787E-04
   101.752243        -2.06529105E-04
   101.879036        -2.10438186E-04
   102.005829        -2.13829335E-04
   102.132622        -2.16672517E-04
   102.259415        -2.18950649E-04
   102.386208        -2.20659480E-04
   102.513000        -2.21806535E-04
   102.639793        -2.22410104E-04
   102.766586        -2.22497722E-04
   102.893379        -2.22104107E-04
   103.020172        -2.21269147E-04
   103.146965        -2.20035974E-04
   103.273758        -2.18448287E-04
   103.400551        -2.16549000E-04
   103.527336        -2.14377898E-04
   103.654129        -2.11970560E-04
   103.780922        -2.09357240E-04
   103.907715        -2.06562370E-04
   104.034508        -2.03604184E-04
   104.161301        -2.00495459E-04
   104.288094        -1.97243833E-04
   104.414886        -1.93853251E-04
   104.541679        -1.90325256E-04
   104.668472        -1.86660356E-04
   104.795265        -1.82859963E-04
   104.922058        -1.78927847E-04
   105.048851        -1.74871719E-04
   105.175644        -1.70704850E-04
   105.302437        -1.66446975E-04
   105.429230        -1.62125289E-04
   105.556023        -1.57774964E-04
   105.682816        -1.53439207E-04
   105.809608        -1.49169180E-04
   105.936401        -1.45023077E-04
   106.063194        -1.41065495E-04
   106.189987        -1.37365801E-04
   106.316780        -1.33996611E-04
   106.443573        -1.31031906E-04
   106.570366        -1.28545056E-04
   106.697159        -1.26606290E-04
   106.823952        -1.25280872E-04
   106.950745        -1.24626604E-04
   107.077538        -1.24691695E-04
   107.204330        -1.25512976E-04
   107.331116        -1.27114021E-04
   107.457909        -1.29503896E-04
   107.584702        -1.32676112E-04
   107.711494        -1.36608083E-04
   107.838287        -1.41260825E-04
   107.965080        -1.46579609E-04
   108.091873        -1.52494496E-04
   108.218666        -1.58921728E-04
   108.345459        -1.65765465E-04
   108.472252        -1.72919899E-04
   108.599045        -1.80271629E-04
   108.725838        -1.87702302E-04
   108.852631        -1.95091445E-04
   108.979424        -2.02319410E-04
   109.106216        -2.09269871E-04
   109.233009        -2.15832857E-04
   109.359802        -2.21906754E-04
   109.486595        -2.27400655E-04
   109.613388        -2.32235834E-04
   109.740181        -2.36347172E-04
   109.866974        -2.39683795E-04
   109.993767        -2.42209397E-04
   110.120560        -2.43902468E-04
   110.247353        -2.44755181E-04
   110.374146        -2.44773080E-04
   110.500938        -2.43973467E-04
   110.627731        -2.42384456E-04
   110.754524        -2.40043199E-04
   110.881317        -2.36994209E-04
   111.008102        -2.33288025E-04
   111.134895        -2.28979567E-04
   111.261688        -2.24126881E-04
   111.388481        -2.18789952E-04
   111.515274        -2.13029474E-04
   111.642067        -2.06906334E-04
   111.768860        -2.00480834E-04
   111.895653        -1.93812390E-04
   112.022446        -1.86959267E-04
   112.149239        -1.79978611E-04
   112.276031        -1.72926419E-04
   112.402824        -1.65857797E-04
   112.529617        -1.58827097E-04
   112.656410        -1.51888409E-04
   112.783203        -1.45095531E-04
   112.909996        -1.38502262E-04
   113.036789        -1.32162575E-04
   113.163582        -1.26130602E-04
   113.290375        -1.20460230E-04
   113.417168        -1.15205141E-04
   113.543961        -1.10417997E-04
   113.670753        -1.06150044E-04
   113.797546        -1.02450082E-04
   113.924339        -9.93635622E-05
   114.051132        -9.69315442E-05
   114.177925        -9.51895636E-05
   114.304718        -9.41666731E-05
   114.431511        -9.38841840E-05
   114.558304        -9.43550403E-05
   114.685097        -9.55829819E-05
   114.811882        -9.75621006E-05
   114.938675        -1.00276622E-04
   115.065468        -1.03701081E-04
   115.192261        -1.07800581E-04
   115.319054        -1.12531459E-04
   115.445847        -1.17842181E-04
   115.572639        -1.23674370E-04
   115.699432        -1.29964086E-04
   115.826225        -1.36643110E-04
   115.953018        -1.43640282E-04
   116.079811        -1.50882799E-04
   116.206604        -1.58297509E-04
   116.333397        -1.65811958E-04
   116.460190        -1.73355278E-04
   116.586983        -1.80859060E-04
   116.713776        -1.88257982E-04
   116.840569        -1.95489905E-04
   116.967361        -2.02496536E-04
   117.094154        -2.09223319E-04
   117.220947        -2.15619468E-04
   117.347740        -2.21637951E-04
   117.474533        -2.27235563E-04
   117.601326        -2.32372768E-04
   117.728119        -2.37013606E-04
   117.854912        -2.41125992E-04
   117.981705        -2.44681694E-04
   118.108498        -2.47656426E-04
   118.235291        -2.50030163E-04
   118.362083        -2.51787424E-04
   118.488876        -2.52917438E-04
   118.615662        -2.53414561E-04
   118.742455        -2.53278180E-04
   118.869247        -2.52513535E-04
   118.996040        -2.51131249E-04
   119.122833        -2.49147968E-04
   119.249626        -2.46586045E-04
   119.376419        -2.43473827E-04
   119.503212        -2.39845438E-04
   119.630005        -2.35740721E-04
   119.756798        -2.31204758E-04
   119.883591        -2.26287782E-04
   120.010384        -2.21044495E-04
   120.137177        -2.15533641E-04
   120.263969        -2.09817052E-04
   120.390762        -2.03959105E-04
   120.517555        -1.98025620E-04
   120.644348        -1.92083025E-04
   120.771141        -1.86197096E-04
   120.897934        -1.80432107E-04
   121.024727        -1.74849542E-04
   121.151520        -1.69507184E-04
   121.278313        -1.64458106E-04
   121.405106        -1.59749601E-04
   121.531898        -1.55422589E-04
   121.658691        -1.51510700E-04
   121.785484        -1.48039864E-04
   121.912277        -1.45027996E-04
   122.039070        -1.42484525E-04
   122.165863        -1.40410644E-04
   122.292656        -1.38799267E-04
   122.419441        -1.37635448E-04
   122.546234        -1.36896924E-04
   122.673027        -1.36554750E-04
   122.799820        -1.36574294E-04
   122.926613        -1.36916278E-04
   123.053406        -1.37537922E-04
   123.180199        -1.38394200E-04
   123.306992        -1.39439246E-04
   123.433784        -1.40627715E-04
   123.560577        -1.41916142E-04
   123.687370        -1.43264100E-04
   123.814163        -1.44635487E-04
   123.940956        -1.45999409E-04
   124.067749        -1.47330953E-04
   124.194542        -1.48611740E-04
   124.321335        -1.49830244E-04
   124.448128        -1.50981548E-04
   124.574921        -1.52067209E-04
   124.701714        -1.53094486E-04
   124.828506        -1.54075475E-04
   124.955299        -1.55025919E-04
   125.082092        -1.55963920E-04
   125.208885        -1.56908427E-04
   125.335678        -1.57877716E-04
   125.462471        -1.58887982E-04
   125.589264        -1.59951844E-04
   125.716057        -1.61077303E-04
   125.842850        -1.62266791E-04
   125.969643        -1.63516350E-04
   126.096436        -1.64815661E-04
   126.223221        -1.66147933E-04
   126.350014        -1.67490434E-04
   126.476807        -1.68815270E-04
   126.603600        -1.70090439E-04
   126.730392        -1.71281252E-04
   126.857185        -1.72351778E-04
   126.983978        -1.73266671E-04
   127.110771        -1.73992710E-04
   127.237564        -1.74500645E-04
   127.364357        -1.74766799E-04
   127.491150        -1.74774468E-04
   127.617943        -1.74515168E-04
   127.744736        -1.73989640E-04
   127.871529        -1.73208275E-04
   127.998322        -1.72191489E-04
   128.125107        -1.70969579E-04
   128.251907        -1.69581850E-04
   128.378693        -1.68076032E-04
   128.505493        -1.66506667E-04
   128.632278        -1.64933561E-04
   128.759079        -1.63419798E-04
   128.885864        -1.62029784E-04
   129.012665        -1.60826879E-04
   129.139450        -1.59871226E-04
   129.266251        -1.59217583E-04
   129.393036        -1.58913317E-04
   129.519836        -1.58996554E-04
   129.646622        -1.59494724E-04
   129.773422        -1.60423529E-04
   129.900208        -1.61786083E-04
   130.027008        -1.63572651E-04
   130.153793        -1.65761026E-04
   130.280594        -1.68316808E-04
   130.407379        -1.71194624E-04
   130.534180        -1.74339366E-04
   130.660965        -1.77688096E-04
   130.787766        -1.81171650E-04
   130.914551        -1.84717064E-04
   131.041351        -1.88249789E-04
   131.168137        -1.91695624E-04
   131.294937        -1.94983266E-04
   131.421722        -1.98046066E-04
   131.548523        -2.00824012E-04
   131.675308        -2.03265110E-04
   131.802109        -2.05326825E-04
   131.928894        -2.06976882E-04
   132.055679        -2.08193698E-04
   132.182480        -2.08966885E-04
   132.309265        -2.09296835E-04
   132.436066        -2.09194186E-04
   132.562851        -2.08679252E-04
   132.689651        -2.07780715E-04
   132.816437        -2.06534343E-04
   132.943237        -2.04981436E-04
   133.070023        -2.03167467E-04
   133.196823        -2.01140079E-04
   133.323608        -1.98947644E-04
   133.450409        -1.96637702E-04
   133.577194        -1.94255408E-04
   133.703995        -1.91842293E-04
   133.830780        -1.89435246E-04
   133.957581        -1.87065583E-04
   134.084366        -1.84758566E-04
   134.211166        -1.82533142E-04
   134.337952        -1.80401752E-04
   134.464752        -1.78370785E-04
   134.591537        -1.76440837E-04
   134.718338        -1.74607572E-04
   134.845123        -1.72862477E-04
   134.971924        -1.71193999E-04
   135.098709        -1.69588471E-04
   135.225510        -1.68031489E-04
   135.352295        -1.66508951E-04
   135.479095        -1.65008241E-04
   135.605881        -1.63519289E-04
   135.732666        -1.62035460E-04
   135.859467        -1.60554235E-04
   135.986252        -1.59077899E-04
   136.113052        -1.57613729E-04
   136.239838        -1.56174123E-04
   136.366638        -1.54776310E-04
   136.493423        -1.53442015E-04
   136.620224        -1.52196881E-04
   136.747009        -1.51069456E-04
   136.873810        -1.50090316E-04
   137.000595        -1.49290834E-04
   137.127396        -1.48701976E-04
   137.254181        -1.48352963E-04
   137.380981        -1.48270075E-04
   137.507767        -1.48475156E-04
   137.634567        -1.48984647E-04
   137.761353        -1.49808489E-04
   137.888153        -1.50949316E-04
   138.014938        -1.52401888E-04
   138.141739        -1.54152716E-04
   138.268524        -1.56180118E-04
   138.395325        -1.58454495E-04
   138.522110        -1.60938886E-04
   138.648911        -1.63589983E-04
   138.775696        -1.66359052E-04
   138.902496        -1.69193532E-04
   139.029282        -1.72038213E-04
   139.156082        -1.74837143E-04
   139.282867        -1.77535025E-04
   139.409653        -1.80078932E-04
   139.536453        -1.82419724E-04
   139.663239        -1.84513498E-04
   139.790039        -1.86322679E-04
   139.916824        -1.87816913E-04
   140.043625        -1.88973878E-04
   140.170410        -1.89779734E-04
   140.297211        -1.90229039E-04
   140.423996        -1.90324950E-04
   140.550797        -1.90078732E-04
   140.677582        -1.89509257E-04
   140.804382        -1.88642181E-04
   140.931168        -1.87509140E-04
   141.057968        -1.86146746E-04
   141.184753        -1.84595425E-04
   141.311554        -1.82898482E-04
   141.438339        -1.81100928E-04
   141.565140        -1.79248222E-04
   141.691925        -1.77385591E-04
   141.818726        -1.75556677E-04
   141.945511        -1.73802939E-04
   142.072311        -1.72162589E-04
   142.199097        -1.70669839E-04
   142.325897        -1.69354244E-04
   142.452682        -1.68240062E-04
   142.579483        -1.67345701E-04
   142.706268        -1.66683385E-04
   142.833069        -1.66258731E-04
   142.959854        -1.66070924E-04
   143.086655        -1.66112484E-04
   143.213440        -1.66369602E-04
   143.340225        -1.66822661E-04
   143.467026        -1.67446691E-04
   143.593811        -1.68212224E-04
   143.720612        -1.69086372E-04
   143.847397        -1.70033833E-04
   143.974197        -1.71018270E-04
   144.100983        -1.72003478E-04
   144.227783        -1.72954969E-04
   144.354568        -1.73841181E-04
   144.481369        -1.74634799E-04
   144.608154        -1.75313951E-04
   144.734955        -1.75863141E-04
   144.861740        -1.76274159E-04
   144.988541        -1.76546484E-04
   145.115326        -1.76687550E-04
   145.242126        -1.76712740E-04
   145.368912        -1.76644971E-04
   145.495712        -1.76513888E-04
   145.622498        -1.76354952E-04
   145.749298        -1.76208079E-04
   145.876083        -1.76115907E-04
   146.002884        -1.76122267E-04
   146.129669        -1.76270070E-04
   146.256470        -1.76599307E-04
   146.383255        -1.77145208E-04
   146.510056        -1.77936177E-04
   146.636841        -1.78991861E-04
   146.763641        -1.80321862E-04
   146.890427        -1.81924290E-04
   147.017212        -1.83784738E-04
   147.144012        -1.85875935E-04
   147.270798        -1.88157617E-04
   147.397598        -1.90577062E-04
   147.524384        -1.93070067E-04
   147.651184        -1.95562505E-04
   147.777969        -1.97972462E-04
   147.904770        -2.00212729E-04
   148.031555        -2.02193740E-04
   148.158356        -2.03826639E-04
   148.285141        -2.05026954E-04
   148.411942        -2.05717719E-04
   148.538727        -2.05832781E-04
   148.665527        -2.05319884E-04
   148.792313        -2.04143231E-04
   148.919113        -2.02285519E-04
   149.045898        -1.99749440E-04
   149.172699        -1.96558118E-04
   149.299484        -1.92755426E-04
   149.426285        -1.88404840E-04
   149.553070        -1.83587836E-04
   149.679871        -1.78401737E-04
   149.806656        -1.72956483E-04
   149.933456        -1.67371356E-04
   150.060242        -1.61771139E-04
   150.187042        -1.56281894E-04
   150.313828        -1.51026848E-04
   150.440628        -1.46122446E-04
   150.567413        -1.41674434E-04
   150.694214        -1.37774332E-04
   150.820999        -1.34496804E-04
   150.947784        -1.31897294E-04
   151.074585        -1.30010536E-04
   151.201370        -1.28849919E-04
   151.328171        -1.28407497E-04
   151.454956        -1.28654981E-04
   151.581757        -1.29545326E-04
   151.708542        -1.31015084E-04
   151.835342        -1.32987203E-04
   151.962128        -1.35374328E-04
   152.088928        -1.38082440E-04
   152.215714        -1.41014592E-04
   152.342514        -1.44074656E-04
   152.469299        -1.47170882E-04
   152.596100        -1.50219363E-04
   152.722885        -1.53146815E-04
   152.849686        -1.55893096E-04
   152.976471        -1.58412950E-04
   153.103271        -1.60677155E-04
   153.230057        -1.62673008E-04
   153.356857        -1.64404060E-04
   153.483643        -1.65889083E-04
   153.610443        -1.67160571E-04
   153.737228        -1.68262632E-04
   153.864029        -1.69248233E-04
   153.990814        -1.70176616E-04
   154.117615        -1.71109728E-04
   154.244400        -1.72109299E-04
   154.371201        -1.73233668E-04
   154.497986        -1.74534754E-04
   154.624771        -1.76055459E-04
   154.751572        -1.77827489E-04
   154.878357        -1.79869618E-04
   155.005157        -1.82186646E-04
   155.131943        -1.84768753E-04
   155.258743        -1.87591810E-04
   155.385529        -1.90617866E-04
   155.512329        -1.93796674E-04
   155.639114        -1.97067420E-04
   155.765915        -2.00360941E-04
   155.892700        -2.03602423E-04
   156.019501        -2.06714118E-04
   156.146286        -2.09618142E-04
   156.273087        -2.12239567E-04
   156.399872        -2.14508851E-04
   156.526672        -2.16364409E-04
   156.653458        -2.17754670E-04
   156.780258        -2.18639645E-04
   156.907043        -2.18992180E-04
   157.033844        -2.18798377E-04
   157.160629        -2.18057961E-04
   157.287430        -2.16783767E-04
   157.414215        -2.15000953E-04
   157.541016        -2.12745785E-04
   157.667801        -2.10064187E-04
   157.794601        -2.07009754E-04
   157.921387        -2.03641990E-04
   158.048187        -2.00024297E-04
   158.174973        -1.96221765E-04
   158.301773        -1.92299529E-04
   158.428558        -1.88320861E-04
   158.555344        -1.84345583E-04
   158.682144        -1.80428775E-04
   158.808929        -1.76619898E-04
   158.935730        -1.72961838E-04
   159.062515        -1.69490639E-04
   159.189316        -1.66235390E-04
   159.316101        -1.63218443E-04
   159.442902        -1.60455762E-04
   159.569687        -1.57957562E-04
   159.696487        -1.55729358E-04
   159.823273        -1.53772547E-04
   159.950073        -1.52085719E-04
   160.076859        -1.50665379E-04
   160.203659        -1.49506988E-04
