  -4.50000000         0.00000000    
  -4.37320757         0.00000000    
  -4.24641466         0.00000000    
  -4.11962223         0.00000000    
  -3.99282932         0.00000000    
  -3.86603665         0.00000000    
  -3.73924398         0.00000000    
  -3.61245155         0.00000000    
  -3.48565888         0.00000000    
  -3.35886621         0.00000000    
  -3.23207355         0.00000000    
  -3.10528088         0.00000000    
  -2.97848821         0.00000000    
  -2.85169554         0.00000000    
  -2.72490287         0.00000000    
  -2.59811020         0.00000000    
  -2.47131753         0.00000000    
  -2.34452486         0.00000000    
  -2.21773219         0.00000000    
  -2.09093952         0.00000000    
  -1.96414697         0.00000000    
  -1.83735430         0.00000000    
  -1.71056163         0.00000000    
  -1.58376896         0.00000000    
  -1.45697629         0.00000000    
  -1.33018374         0.00000000    
  -1.20339108         0.00000000    
  -1.07659841         0.00000000    
 -0.949805737         0.00000000    
 -0.823013067         0.00000000    
 -0.696220458         0.00000000    
 -0.569427788         0.00000000    
 -0.442635119         0.00000000    
 -0.315842479         0.00000000    
 -0.189049825         0.00000000    
  -6.22571707E-02     0.00000000    
   6.45354837E-02     0.00000000    
  0.191328138         0.00000000    
  0.318120778         0.00000000    
  0.444913447         0.00000000    
  0.571706116         0.00000000    
  0.698498726         0.00000000    
  0.825291395         0.00000000    
  0.952084064         0.00000000    
   1.07887673         0.00000000    
   1.20566940         0.00000000    
   1.33246195         0.00000000    
   1.45925462         0.00000000    
   1.58604729         0.00000000    
   1.71283996         0.00000000    
   1.83963263         0.00000000    
   1.96642530         0.00000000    
   2.09321785         0.00000000    
   2.22001052         0.00000000    
   2.34680319         0.00000000    
   2.47359586         0.00000000    
   2.60038853         0.00000000    
   2.72718120         0.00000000    
   2.85397387         0.00000000    
   2.98076653         0.00000000    
   3.10755920         0.00000000    
   3.23435187         0.00000000    
   3.36114454         0.00000000    
   3.48793697         0.00000000    
   3.61472964         0.00000000    
   3.74152231         0.00000000    
   3.86831498         0.00000000    
   3.99510765         0.00000000    
   4.12190056         0.00000000    
   4.24869299         0.00000000    
   4.37548542         0.00000000    
   4.50227833         0.00000000    
   4.62907076         0.00000000    
   4.75586367         0.00000000    
   4.88265610         0.00000000    
   5.00944901         0.00000000    
   5.13624144         0.00000000    
   5.26303434         0.00000000    
   5.38982677         0.00000000    
   5.51661968         0.00000000    
   5.64341211         0.00000000    
   5.77020502         0.00000000    
   5.89699745         0.00000000    
   6.02379036         0.00000000    
   6.15058279         0.00000000    
   6.27737522         0.00000000    
   6.40416813         0.00000000    
   6.53096056         0.00000000    
   6.65775347         0.00000000    
   6.78454590         0.00000000    
   6.91133881         0.00000000    
   7.03813124         0.00000000    
   7.16492414         0.00000000    
   7.29171658         0.00000000    
   7.41850948         0.00000000    
   7.54530191         0.00000000    
   7.67209482         0.00000000    
   7.79888725         0.00000000    
   7.92567968         0.00000000    
   8.05247211         0.00000000    
   8.17926502         0.00000000    
   8.30605793         0.00000000    
   8.43285084         0.00000000    
   8.55964279         0.00000000    
   8.68643570         0.00000000    
   8.81322861         0.00000000    
   8.94002151         0.00000000    
   9.06681347         0.00000000    
   9.19360638         0.00000000    
   9.32039928         0.00000000    
   9.44719219         0.00000000    
   9.57398415         0.00000000    
   9.70077705         0.00000000    
   9.82756996         0.00000000    
   9.95436192         0.00000000    
   10.0811548         0.00000000    
   10.2079477         0.00000000    
   10.3347406         0.00000000    
   10.4615326         0.00000000    
   10.5883255         0.00000000    
   10.7151184         0.00000000    
   10.8419113         0.00000000    
   10.9687033         0.00000000    
   11.0954962         0.00000000    
   11.2222891         0.00000000    
   11.3490820         0.00000000    
   11.4758739         0.00000000    
   11.6026669         0.00000000    
   11.7294598         0.00000000    
   11.8562517         0.00000000    
   11.9830446         0.00000000    
   12.1098375         0.00000000    
   12.2366304         0.00000000    
   12.3634224         0.00000000    
   12.4902153         0.00000000    
   12.6170082         0.00000000    
   12.7438011         0.00000000    
   12.8705931         0.00000000    
   12.9973860         0.00000000    
   13.1241789         0.00000000    
   13.2509708         0.00000000    
   13.3777637         0.00000000    
   13.5045567         0.00000000    
   13.6313496         0.00000000    
   13.7581415         0.00000000    
   13.8849344         0.00000000    
   14.0117273         0.00000000    
   14.1385202         0.00000000    
   14.2653122         0.00000000    
   14.3921051         0.00000000    
   14.5188980         0.00000000    
   14.6456909         0.00000000    
   14.7724829         0.00000000    
   14.8992758         0.00000000    
   15.0260687         0.00000000    
   15.1528606         0.00000000    
   15.2796535         0.00000000    
   15.4064465         0.00000000    
   15.5332394         0.00000000    
   15.6600313         0.00000000    
   15.7868242         0.00000000    
   15.9136171         0.00000000    
   16.0404091         0.00000000    
   16.1672020         0.00000000    
   16.2939949         0.00000000    
   16.4207878         0.00000000    
   16.5475807         0.00000000    
   16.6743736         0.00000000    
   16.8011646         0.00000000    
   16.9279575         0.00000000    
   17.0547504         0.00000000    
   17.1815434         0.00000000    
   17.3083363         0.00000000    
   17.4351292         0.00000000    
   17.5619221         0.00000000    
   17.6887150         0.00000000    
   17.8155060         0.00000000    
   17.9422989         0.00000000    
   18.0690918         0.00000000    
   18.1958847         0.00000000    
   18.3226776         0.00000000    
   18.4494705         0.00000000    
   18.5762634         0.00000000    
   18.7030544         0.00000000    
   18.8298473         0.00000000    
   18.9566402         0.00000000    
   19.0834332         0.00000000    
   19.2102261         0.00000000    
   19.3370190         0.00000000    
   19.4638119         0.00000000    
   19.5906048         0.00000000    
   19.7173958        -5.27446898E-35
   19.8441887        -4.31402983E-34
   19.9709816        -1.33293722E-33
   20.0977745        -2.71102168E-33
   20.2245674        -3.61651086E-33
   20.3513603        -3.63034863E-33
   20.4781532        -2.24525611E-33
   20.6049442         8.20560260E-34
   20.7317371         5.36226360E-33
   20.8585300         1.08873949E-32
   20.9853230         1.35101314E-32
   21.1121159         1.45772908E-32
   21.2389088         1.20005506E-32
   21.3657017         3.70579663E-33
   21.4924946        -6.07472779E-33
   21.6192856        -1.20841407E-32
   21.7460785        -1.33740195E-32
   21.8728714        -3.88855478E-33
   21.9996643         7.43087652E-33
   22.1264572         1.48518613E-32
   22.2532501         1.11270848E-32
   22.3800430        -9.24140010E-33
   22.5068340        -5.03778029E-32
   22.6336269         4.22125052E-31
   22.7604198         1.53955172E-30
   22.8872128         3.45230090E-30
   23.0140057         6.10106921E-30
   23.1407986         9.12585805E-30
   23.2675915         1.24892682E-29
   23.3943844         1.47838505E-29
   23.5211754         1.51162028E-29
   23.6479683         1.32493613E-29
   23.7747612         9.47848529E-30
   23.9015541         4.38594321E-30
   24.0283470        -2.17066693E-30
   24.1551399        -9.05629662E-30
   24.2819328        -2.06407946E-29
   24.4087238        -3.76728328E-29
   24.5355167        -6.08824192E-29
   24.6623096        -8.08122432E-29
   24.7891026        -9.06788725E-29
   24.9158955        -1.02699059E-28
   25.0426884        -1.05972104E-28
   25.1694813        -1.01086490E-28
   25.2962742        -8.96623607E-29
   25.4230652        -7.68761058E-29
   25.5498581        -7.07693551E-29
   25.6766510        -7.12408227E-29
   25.8034439        -8.31246892E-29
   25.9302368        -1.06206839E-28
   26.0570297        -1.41374284E-28
   26.1838226        -1.85312907E-28
   26.3106136        -2.32706913E-28
   26.4374065        -2.75688662E-28
   26.5641994        -2.98288511E-28
   26.6909924        -3.00513659E-28
   26.8177853        -2.71375398E-28
   26.9445782        -2.02834295E-28
   27.0713711        -8.50339779E-29
   27.1981640         8.94603487E-29
   27.3249550         3.31496142E-28
   27.4517479         6.55732394E-28
   27.5785408         1.07384336E-27
   27.7053337         1.60191534E-27
   27.8321266         2.24876742E-27
   27.9589195         3.01826348E-27
   28.0857124         3.90188130E-27
   28.2125034         4.86225358E-27
   28.3392963         5.84238668E-27
   28.4660892         6.74824744E-27
   28.5928822         7.45852424E-27
   28.7196751         7.81173055E-27
   28.8464680         7.61481269E-27
   28.9732609         6.65132694E-27
   29.1000538         4.69076185E-27
   29.2268448         1.50731694E-27
   29.3536377        -3.09757540E-27
   29.4804306        -9.27181117E-27
   29.6072235        -1.70777894E-26
   29.7340164        -2.64568879E-26
   29.8608093        -3.71941877E-26
   29.9876022        -4.88764566E-26
   30.1143932        -6.08594109E-26
   30.2411861        -7.22422732E-26
   30.3679790        -8.18540687E-26
   30.4947720        -8.82595946E-26
   30.6215649        -8.97907737E-26
   30.7483578        -8.46084567E-26
   30.8751507        -7.07981092E-26
   31.0019417        -4.65043457E-26
   31.1287346        -1.01025664E-26
   31.2555275         3.95931353E-26
   31.3823204         1.03090956E-25
   31.5091133         1.79966117E-25
   31.6359062         2.68595922E-25
   31.7626991         3.65913328E-25
   31.8894920         4.67199420E-25
   32.0162849         5.65943013E-25
   32.1430779         6.53796135E-25
   32.2698708         7.20661809E-25
   32.3966637         7.54941267E-25
   32.5234528         7.43965944E-25
   32.6502457         6.74639072E-25
   32.7770386         5.34291300E-25
   32.9038315         3.11752801E-25
   33.0306244        -1.38327607E-27
   33.1574173        -4.09344583E-25
   33.2842102        -9.10670101E-25
   33.4110031        -1.49669899E-24
   33.5377960        -2.15016523E-24
   33.6645889        -2.84403052E-24
   33.7913818        -3.54070317E-24
   33.9181747        -4.19180648E-24
   34.0449677        -4.73865551E-24
   34.1717606        -5.11359321E-24
   34.2985535        -5.24231795E-24
   34.4253426        -5.04730325E-24
   34.5521355        -4.45233213E-24
   34.6789284        -3.38813313E-24
   34.8057213        -1.79900222E-24
   34.9325142         3.49810187E-25
   35.0593071         3.06424223E-24
   35.1861000         6.31353426E-24
   35.3128929         1.00228344E-23
   35.4396858         1.40669156E-23
   35.5664787         1.82657130E-23
   35.6932716         2.23824183E-23
   35.8200645         2.61248896E-23
   35.9468575         2.91510863E-23
   36.0736504         3.10790781E-23
   36.2004433         3.15022262E-23
   36.3272324         3.00095720E-23
   36.4540253         2.62114308E-23
   36.5808182         1.97698482E-23
   36.7076111         1.04329135E-23
   36.8344040        -1.92830304E-24
   36.9611969        -1.72819087E-23
   37.0879898        -3.53986974E-23
   37.2147827        -5.58196462E-23
   37.3415756        -7.78303611E-23
   37.4683685        -1.00445634E-22
   37.5951614        -1.22407471E-22
   37.7219543        -1.42199676E-22
   37.8487473        -1.58081705E-22
   37.9755402        -1.68144288E-22
   38.1023293        -1.70388225E-22
   38.2291222        -1.62825738E-22
   38.3559151        -1.43605047E-22
   38.4827080        -1.11153859E-22
   38.6095009        -6.43377726E-23
   38.7362938        -2.62824808E-24
   38.8630867         7.37297927E-23
   38.9898796         1.63558899E-22
   39.1166725         2.64611438E-22
   39.2434654         3.73465256E-22
   39.3702583         4.85466213E-22
   39.4970512         5.94732258E-22
   39.6238441         6.94228192E-22
   39.7506371         7.75927524E-22
   39.8774300         8.31065140E-22
   40.0042191         8.50487577E-22
   40.1310120         8.25102412E-22
   40.2578049         7.46418018E-22
   40.3845978         6.07164050E-22
   40.5113907         4.01974411E-22
   40.6381836         1.28103312E-22
   40.7649765        -2.13856506E-22
   40.8917694        -6.19295796E-22
   41.0185623        -1.07899784E-21
   41.1453552        -1.57868510E-21
   41.2721481        -2.09875815E-21
   41.3989410        -2.61428130E-21
   41.5257339        -3.09526724E-21
   41.6525269        -3.50730477E-21
   41.7793198        -3.81256147E-21
   41.9061089        -3.97118911E-21
   42.0329018        -3.94313040E-21
   42.1596947        -3.69030798E-21
   42.2864876        -3.17915054E-21
   42.4132805        -2.38339209E-21
   42.5400734        -1.28703255E-21
   42.6668663         1.12660987E-22
   42.7936592         1.80227651E-21
   42.9204521         3.74968403E-21
   43.0472450         5.90197002E-21
   43.1740379         8.18409428E-21
   43.3008308         1.04984859E-20
   43.4276237         1.27258062E-20
   43.5544167         1.47270267E-20
   43.6812096         1.63470357E-20
   43.8079987         1.74198146E-20
   43.9347916         1.77752583E-20
   44.0615845         1.72475672E-20
   44.1883774         1.56851183E-20
   44.3151703         1.29614711E-20
   44.4419632         8.98723415E-21
   44.5687561         3.72229135E-21
   44.6955490        -2.81224586E-21
   44.8223419        -1.05230097E-20
   44.9491348        -1.92350625E-20
   45.0759277        -2.86851632E-20
   45.2027206        -3.85184310E-20
   45.3295135        -4.82893243E-20
   45.4563065        -5.74675653E-20
   45.5830994        -6.54499228E-20
   45.7098885        -7.15780128E-20
   45.8366814        -7.51625935E-20
   45.9634743        -7.55142552E-20
   46.0902672        -7.19799063E-20
   46.2170601        -6.39844302E-20
   46.3438530        -5.10761992E-20
   46.4706459        -3.29747086E-20
   46.5974388        -9.61818474E-21
   46.7242317         1.87912397E-20
   46.8510246         5.17478795E-20
   46.9778175         8.84113774E-20
   47.1046104         1.27587246E-19
   47.2314034         1.67722825E-19
   47.3581963         2.06920717E-19
   47.4849892         2.42973836E-19
   47.6117783         2.73422277E-19
   47.7385712         2.95634868E-19
   47.8653641         3.06914199E-19
   47.9921570         3.04625029E-19
   48.1189499         2.86342915E-19
   48.2457428         2.50018520E-19
   48.3725357         1.94153481E-19
   48.4993286         1.17978742E-19
   48.6261215         2.16273609E-20
   48.7529144        -9.37079312E-20
   48.8797073        -2.25644014E-19
   49.0065002        -3.70515677E-19
   49.1332932        -5.23332048E-19
   49.2600861        -6.77796137E-19
   49.3868790        -8.26394067E-19
   49.5136681        -9.60562969E-19
   49.6404610        -1.07094174E-18
   49.7672539        -1.14771031E-18
   49.8940468        -1.18100640E-18
   50.0208397        -1.16142310E-18
   50.1476326        -1.08056382E-18
   50.2744255        -9.31646389E-19
   50.4012184        -7.10125457E-19
   50.5280113        -4.14309592E-19
   50.6548042        -4.59373105E-20
   50.7815971         3.89322869E-19
   50.9083900         8.81486261E-19
   51.0351830         1.41602040E-18
   51.1619759         1.97380473E-18
   51.2887688         2.53131350E-18
   51.4155579         3.06105486E-18
   51.5423508         3.53227463E-18
   51.6691437         3.91195549E-18
   51.7959366         4.16607282E-18
   51.9227295         4.26112787E-18
   52.0495224         4.16589043E-18
   52.1763153         3.85331914E-18
   52.3031082         3.30257629E-18
   52.4299011         2.50106702E-18
   52.5566940         1.44639054E-18
   52.6834869         1.48097719E-19
   52.8102798        -1.37086389E-18
   52.9370728        -3.07313686E-18
   53.0638657        -4.90649584E-18
   53.1906586        -6.80403906E-18
   53.3174477        -8.68515490E-18
   53.4442406        -1.04572760E-17
   53.5710335        -1.20185306E-17
   53.6978264        -1.32612239E-17
   53.8246193        -1.40761523E-17
   53.9514122        -1.43576436E-17
   54.0782051        -1.40092020E-17
   54.2049980        -1.29495348E-17
   54.3317909        -1.11187765E-17
   54.4585838        -8.48458510E-18
   54.5853767        -5.04782213E-18
   54.7121696        -8.47478798E-19
   54.8389626         4.03551518E-18
   54.9657555         9.47593791E-18
   55.0925484         1.53036983E-17
   55.2193375         2.13053353E-17
   55.3461304         2.72277881E-17
   55.4729233         3.27846253E-17
   55.5997162         3.76647361E-17
   55.7265091         4.15434257E-17
   55.8533020         4.40957577E-17
   55.9800949         4.50117444E-17
   56.1068878         4.40130363E-17
   56.2336807         4.08703555E-17
   56.3604736         3.54210617E-17
   56.4872665         2.75860780E-17
   56.6140594         1.73851312E-17
   56.7408524         4.94945670E-18
   56.8676453        -9.46894327E-18
   56.9944382        -2.54924938E-17
   57.1212273        -4.26184495E-17
   57.2480202        -6.02251013E-17
   57.3748131        -7.75844857E-17
   57.5016060        -9.38816048E-17
   57.6283989        -1.08240236E-16
   57.7551918        -1.19755027E-16
   57.8819847        -1.27528950E-16
   58.0087776        -1.30715514E-16
   58.1355705        -1.28563772E-16
   58.2623634        -1.20464960E-16
   58.3891563        -1.05998391E-16
   58.5159492        -8.49746497E-17
   58.6427422        -5.74735413E-17
   58.7695351        -2.38746328E-17
   58.8963280         1.51222000E-17
   59.0231171         5.84882404E-17
   59.1499100         1.04871262E-16
   59.2767029         1.52616186E-16
   59.4034958         1.99802340E-16
   59.5302887         2.44296663E-16
   59.6570816         2.83823403E-16
   59.7838745         3.16048427E-16
   59.9106674         3.38676330E-16
   60.0374603         3.49557501E-16
   60.1642532         3.46800197E-16
   60.2910461         3.28885741E-16
   60.4178391         2.94779509E-16
   60.5446320         2.44032521E-16
   60.6714249         1.76869876E-16
   60.7982178         9.42580580E-17
   60.9250069        -2.05261767E-18
   61.0517998        -1.09516066E-16
   61.1785927        -2.24812126E-16
   61.3053856        -3.43905964E-16
   61.4321785        -4.62144405E-16
   61.5589714        -5.74391835E-16
   61.6857643        -6.75201355E-16
   61.8125572        -7.59018707E-16
   61.9393501        -8.20412608E-16
   62.0661430        -8.54326113E-16
   62.1929359        -8.56334745E-16
   62.3197289        -8.22908867E-16
   62.4465218        -7.51659843E-16
   62.5733147        -6.41565518E-16
   62.7001076        -4.93156293E-16
   62.8268967        -3.08654174E-16
   62.9536896        -9.20507828E-17
   63.0804825         1.50883276E-16
   63.2072754         4.12666961E-16
   63.3340683         6.84258996E-16
   63.4608612         9.55290005E-16
   63.5876541         1.21437822E-15
   63.7144470         1.44951891E-15
   63.8412399         1.64853883E-15
   63.9680328         1.79960556E-15
   64.0948257         1.89176656E-15
   64.2216187         1.91550678E-15
   64.3484116         1.86329418E-15
   64.4752045         1.73009063E-15
   64.6019974         1.51380627E-15
   64.7287903         1.21566222E-15
   64.8555832         8.40449701E-16
   64.9823761         3.96653512E-16
   65.1091690        -1.03572191E-16
   65.2359619        -6.44588685E-16
   65.3627548        -1.20762821E-15
   65.4895477        -1.77131625E-15
   65.6163330        -2.31235230E-15
   65.7431259        -2.80633959E-15
   65.8699188        -3.22873205E-15
   65.9967117        -3.55587565E-15
   66.1235046        -3.76609652E-15
   66.2502975        -3.84080737E-15
   66.3770905        -3.76556501E-15
   66.5038834        -3.53104891E-15
   66.6306763        -3.13389506E-15
   66.7574692        -2.57734550E-15
   66.8842621        -1.87166287E-15
   67.0110550        -1.03427487E-15
   67.1378479        -8.96231930E-17
   67.2646408         9.31313573E-16
   67.3914337         1.99181619E-15
   67.5182266         3.05053961E-15
   67.6450195         4.06292397E-15
   67.7718124         4.98285766E-15
   67.8986053         5.76455387E-15
   68.0253983         6.36455390E-15
   68.1521912         6.74380739E-15
   68.2789841         6.86971545E-15
   68.4057770         6.71806903E-15
   68.5325699         6.27476756E-15
   68.6593628         5.53723395E-15
   68.7861557         4.51543862E-15
   68.9129486         3.23246386E-15
   69.0397415         1.72451493E-15
   69.1665344         4.03769489E-17
   69.2933273        -1.75974049E-15
   69.4201126        -3.60595393E-15
   69.5469055        -5.42101213E-15
   69.6736984        -7.12313119E-15
   69.8004913        -8.62924132E-15
   69.9272842        -9.85856396E-15
   70.0540771        -1.07363603E-14
   70.1808701        -1.11977315E-14
   70.3076630        -1.11912678E-14
   70.4344559        -1.06824212E-14
   70.5612488        -9.65638566E-15
   70.6880417        -8.12033122E-15
   70.8148346        -6.10486757E-15
   70.9416275        -3.66457285E-15
   71.0684204        -8.77503740E-16
   71.1952133         2.15636292E-15
   71.3220062         5.31778931E-15
   71.4487991         8.47200829E-15
   71.5755920         1.14734450E-14
   71.7023849         1.41713101E-14
   71.8291779         1.64158526E-14
   71.9559708         1.80651680E-14
   72.0827637         1.89920999E-14
   72.2095566         1.90911841E-14
   72.3363495         1.82851865E-14
   72.4631424         1.65308949E-14
   72.5899353         1.38240012E-14
   72.7167282         1.02026525E-14
   72.8435211         5.74943561E-15
   72.9703140         5.91648173E-16
   73.0971069        -5.10037247E-15
   73.2238922        -1.11169297E-14
   73.3506851        -1.72146148E-14
   73.4774780        -2.31239232E-14
   73.6042709        -2.85586069E-14
   73.7310638        -3.32265682E-14
   73.8578568        -3.68418979E-14
   73.9846497        -3.91376757E-14
   74.1114426        -3.98791108E-14
   74.2382355        -3.88763762E-14
   74.3650284        -3.59967623E-14
   74.4918213        -3.11753221E-14
   74.6186142        -2.44237495E-14
   74.7454071        -1.58367937E-14
   74.8722000        -5.59571353E-15
   74.9989929         6.03138407E-15
   75.1257858         1.86928618E-14
   75.2525787         3.19604776E-14
   75.3793716         4.53400169E-14
   75.5061646         5.82855229E-14
   75.6329575         7.02167071E-14
   75.7597504         8.05393079E-14
   75.8865433         8.86676190E-14
   76.0133362         9.40485957E-14
   76.1401291         9.61866153E-14
   76.2669220         9.46681359E-14
   76.3937149         8.91850951E-14
   76.5205078         7.95560517E-14
   76.6473007         6.57444476E-14
   76.7740936         4.78723913E-14
   76.9008865         2.62297406E-14
   77.0276718         1.27746936E-15
   77.1544647        -2.63552777E-14
   77.2812576        -5.58805660E-14
   77.4080505        -8.63679245E-14
   77.5348434        -1.16767015E-13
   77.6616364        -1.45936729E-13
   77.7884293        -1.72679823E-13
   77.9152222        -1.95782260E-13
   78.0420151        -2.14056366E-13
   78.1688080        -2.26386062E-13
   78.2956009        -2.31773287E-13
   78.4223938        -2.29383488E-13
   78.5491867        -2.18588670E-13
   78.6759796        -1.99006163E-13
   78.8027725        -1.70532127E-13
   78.9295654        -1.33366828E-13
   79.0563583        -8.80316531E-14
   79.1831512        -3.53761515E-14
   79.3099442         2.34263546E-14
   79.4367371         8.68941692E-14
   79.5635300         1.53264662E-13
   79.6903229         2.20533390E-13
   79.8171158         2.86503677E-13
   79.9439087         3.48847334E-13
   80.0707016         4.05172938E-13
   80.1974945         4.53101478E-13
   80.3242874         4.90347129E-13
   80.4510803         5.14799574E-13
   80.5778732         5.24607213E-13
   80.7046585         5.18256499E-13
   80.8314514         4.94645611E-13
   80.9582443         4.53150728E-13
   81.0850372         3.93678606E-13
   81.2118301         3.16708438E-13
   81.3386230         2.23315249E-13
   81.4654160         1.15177412E-13
   81.5922089        -5.43552477E-15
   81.7190018        -1.35694678E-13
   81.8457947        -2.72263142E-13
   81.9725876        -4.11367013E-13
   82.0993805        -5.48884289E-13
   82.2261734        -6.80450650E-13
   82.3529663        -8.01579235E-13
   82.4797592        -9.07791691E-13
   82.6065521        -9.94757011E-13
   82.7333450        -1.05843492E-12
   82.8601379        -1.09521647E-12
   82.9869308        -1.10206473E-12
   83.1137238        -1.07664095E-12
   83.2405167        -1.01742128E-12
   83.3673096        -9.23792510E-13
   83.4941025        -7.96128734E-13
   83.6208954        -6.35840068E-13
   83.7476883        -4.45394942E-13
   83.8744812        -2.28311077E-13
   84.0012741         1.08848638E-14
   84.1280670         2.66730567E-13
   84.2548599         5.32933290E-13
   84.3816528         8.02503246E-13
   84.5084381         1.06791995E-12
   84.6352310         1.32131805E-12
   84.7620239         1.55469658E-12
   84.8888168         1.76014205E-12
   85.0156097         1.93006396E-12
   85.1424026         2.05742736E-12
   85.2691956         2.13598995E-12
   85.3959885         2.16052198E-12
   85.5227814         2.12701167E-12
   85.6495743         2.03284438E-12
   85.7763672         1.87695410E-12
   85.9031601         1.65993423E-12
   86.0299530         1.38410973E-12
   86.1567459         1.05356208E-12
   86.2835388         6.74105303E-13
   86.4103317         2.53214035E-13
   86.5371246        -2.00102426E-13
   86.6639175        -6.75471614E-13
   86.7907104        -1.16137666E-12
   86.9175034        -1.64542143E-12
   87.0442963        -2.11462163E-12
   87.1710892        -2.55573926E-12
   87.2978821        -2.95562554E-12
   87.4246750        -3.30158578E-12
   87.5514679        -3.58174037E-12
   87.6782608        -3.78538347E-12
   87.8050537        -3.90331821E-12
   87.9318466        -3.92816812E-12
   88.0586395        -3.85464967E-12
   88.1854324        -3.67979909E-12
   88.3122177        -3.40313801E-12
   88.4390106        -3.02678846E-12
   88.5658035        -2.55551288E-12
   88.6925964        -1.99668775E-12
   88.8193893        -1.36020687E-12
   88.9461823        -6.58315741E-13
   89.0729752         9.46263331E-14
   89.1997681         8.82439792E-13
   89.3265610         1.68748023E-12
   89.4533539         2.49103624E-12
   89.5801468         3.27376646E-12
   89.7069397         4.01616414E-12
   89.8337326         4.69903153E-12
   89.9605255         5.30396213E-12
   90.0873184         5.81380126E-12
   90.2141113         6.21309341E-12
   90.3409042         6.48848423E-12
   90.4676971         6.62907793E-12
   90.5944901         6.62674386E-12
   90.7212830         6.47634767E-12
   90.8480759         6.17591915E-12
   90.9748688         5.72674547E-12
   91.1016617         5.13338070E-12
   91.2284546         4.40358991E-12
   91.3552475         3.54821294E-12
   91.4820404         2.58096344E-12
   91.6088333         1.51816483E-12
   91.7356262         3.78434480E-13
   91.8624191        -8.17676005E-13
   91.9892120        -2.04807525E-12
   92.1159973        -3.28954810E-12
   92.2427902        -4.51818574E-12
   92.3695831        -5.70981240E-12
   92.4963760        -6.84041365E-12
   92.6231689        -7.88653951E-12
   92.7499619        -8.82569278E-12
   92.8767548        -9.63668208E-12
   93.0035477        -1.02999510E-11
   93.1303406        -1.07978704E-11
   93.2571335        -1.11149952E-11
   93.3839264        -1.12382985E-11
   93.5107193        -1.11573580E-11
   93.6375122        -1.08645445E-11
   93.7643051        -1.03551594E-11
   93.8910980        -9.62757651E-12
   94.0178909        -8.68335959E-12
   94.1446838        -7.52737109E-12
   94.2714767        -6.16786353E-12
   94.3982697        -4.61657405E-12
   94.5250626        -2.88879771E-12
   94.6518555        -1.00343768E-12
   94.7786484         1.01695312E-12
   94.9054413         3.14617603E-12
   95.0322342         5.35442480E-12
   95.1590271         7.60838961E-12
   95.2858200         9.87141272E-12
   95.4126129         1.21037347E-11
   95.5394058         1.42628392E-11
   95.6661987         1.63038836E-11
   95.7929916         1.81802629E-11
   95.9197769         1.98442859E-11
   96.0465698         2.12479739E-11
   96.1733627         2.23439670E-11
   96.3001556         2.30865639E-11
   96.4269485         2.34328511E-11
   96.5537415         2.33439258E-11
   96.6805344         2.27861289E-11
   96.8073273         2.17323867E-11
   96.9341202         2.01634490E-11
   97.0609131         1.80691677E-11
   97.1877060         1.54496173E-11
   97.3144989         1.23161151E-11
   97.4412918         8.69207657E-12
   97.5680847         4.61358035E-12
   97.6948776         1.29754551E-13
   97.8216705        -4.69719923E-12
   97.9484634        -9.79228591E-12
   98.0752563        -1.50683754E-11
   98.2020493        -2.04271981E-11
   98.3288422        -2.57607425E-11
   98.4556351        -3.09529971E-11
   98.5824280        -3.58820404E-11
   98.7092209        -4.04224744E-11
   98.8360138        -4.44480563E-11
   98.9628067        -4.78346633E-11
   99.0895996        -5.04632516E-11
   99.2163925        -5.22230939E-11
   99.3431854        -5.30148148E-11
   99.4699783        -5.27535203E-11
   99.5967712        -5.13716916E-11
   99.7235565        -4.88217695E-11
   99.8503494        -4.50785867E-11
   99.9771423        -4.01411751E-11
   100.103935        -3.40343378E-11
   100.230728        -2.68094973E-11
   100.357521        -1.85451151E-11
   100.484314        -9.34645937E-12
   100.611107         6.55244576E-13
   100.737900         1.13042457E-11
   100.864693         2.24223192E-11
   100.991486         3.38113530E-11
   101.118279         4.52564895E-11
   101.245071         5.65297115E-11
   101.371864         6.73937364E-11
   101.498657         7.76064907E-11
   101.625450         8.69254529E-11
   101.752243         9.51124526E-11
   101.879036         1.01938291E-10
   102.005829         1.07187620E-10
   102.132622         1.10663374E-10
   102.259415         1.12191235E-10
   102.386208         1.11623794E-10
   102.513000         1.08844433E-10
   102.639793         1.03770617E-10
   102.766586         9.63570196E-11
   102.893379         8.65980898E-11
   103.020172         7.45300627E-11
   103.146965         6.02324648E-11
   103.273758         4.38291313E-11
   103.400551         2.54885921E-11
   103.527336         5.42395165E-12
   103.654129        -1.61079362E-11
   103.780922        -3.88078458E-11
   103.907715        -6.23361640E-11
   104.034508        -8.63157185E-11
   104.161301        -1.10335081E-10
   104.288094        -1.33952710E-10
   104.414886        -1.56701929E-10
   104.541679        -1.78096454E-10
   104.668472        -1.97637171E-10
   104.795265        -2.14819149E-10
   104.922058        -2.29139971E-10
   105.048851        -2.40108655E-10
   105.175644        -2.47255355E-10
   105.302437        -2.50141768E-10
   105.429230        -2.48372017E-10
   105.556023        -2.41604431E-10
   105.682816        -2.29562827E-10
   105.809608        -2.12048643E-10
   105.936401        -1.88952354E-10
   106.063194        -1.60264621E-10
   106.189987        -1.26086572E-10
   106.316780        -8.66388628E-11
   106.443573        -4.22693130E-11
   106.570366         6.54149478E-12
   106.697159         5.91769689E-11
   106.823952         1.14883936E-10
   106.950745         1.72775030E-10
   107.077538         2.31834801E-10
   107.204330         2.90928892E-10
   107.331116         3.48817836E-10
   107.457909         4.04173861E-10
   107.584702         4.55602528E-10
   107.711494         5.01667596E-10
   107.838287         5.40919698E-10
   107.965080         5.71928449E-10
   108.091873         5.93316951E-10
   108.218666         6.03798955E-10
   108.345459         6.02217110E-10
   108.472252         5.87581594E-10
   108.599045         5.59109314E-10
   108.725838         5.16260590E-10
   108.852631         4.58774518E-10
   108.979424         3.86699311E-10
   109.106216         3.00419301E-10
   109.233009         2.00675337E-10
   109.359802         8.85783669E-11
   109.486595        -3.43846826E-11
   109.613388        -1.66354083E-10
   109.740181        -3.05109299E-10
   109.866974        -4.48091481E-10
   109.993767        -5.92435712E-10
   110.120560        -7.35013106E-10
   110.247353        -8.72484029E-10
   110.374146        -1.00135900E-09
   110.500938        -1.11806886E-09
   110.627731        -1.21904353E-09
   110.754524        -1.30079492E-09
   110.881317        -1.36000577E-09
   111.008102        -1.39361889E-09
   111.134895        -1.39893164E-09
   111.261688        -1.37368228E-09
   111.388481        -1.31613809E-09
   111.515274        -1.22517341E-09
   111.642067        -1.10034060E-09
   111.768860        -9.41928757E-10
   111.895653        -7.51010698E-10
   112.022446        -5.29473687E-10
   112.149239        -2.80032636E-10
   112.276031        -6.22611641E-12
   112.402824         2.87608076E-10
   112.529617         5.96376726E-10
   112.656410         9.14296472E-10
   112.783203         1.23497812E-09
   112.909996         1.55153090E-09
   113.036789         1.85668381E-09
   113.163582         2.14292428E-09
   113.290375         2.40265274E-09
   113.417168         2.62834154E-09
   113.543961         2.81271051E-09
   113.670753         2.94890223E-09
   113.797546         3.03066106E-09
   113.924339         3.05250492E-09
   114.051132         3.00989522E-09
   114.177925         2.89939450E-09
   114.304718         2.71880607E-09
   114.431511         2.46729792E-09
   114.558304         2.14550244E-09
   114.685097         1.75559289E-09
   114.811882         1.30132549E-09
   114.938675         7.88056731E-10
   115.065468         2.22723839E-10
   115.192261        -3.86207483E-10
   115.319054        -1.02883024E-09
   115.445847        -1.69391923E-09
   115.572639        -2.36908448E-09
   115.699432        -3.04096126E-09
   115.826225        -3.69542508E-09
   115.953018        -4.31783809E-09
   116.079811        -4.89331331E-09
   116.206604        -5.40700285E-09
   116.333397        -5.84439741E-09
   116.460190        -6.19163343E-09
   116.586983        -6.43580522E-09
   116.713776        -6.56527632E-09
   116.840569        -6.56997523E-09
   116.967361        -6.44168408E-09
   117.094154        -6.17430107E-09
   117.220947        -5.76407366E-09
   117.347740        -5.20981436E-09
   117.474533        -4.51305349E-09
   117.601326        -3.67816821E-09
   117.728119        -2.71246492E-09
   117.854912        -1.62619651E-09
   117.981705        -4.32541253E-10
   118.108498         8.52480531E-10
   118.235291         2.21014251E-09
   118.362083         3.61920849E-09
   118.488876         5.05618081E-09
   118.615662         6.49560183E-09
   118.742455         7.91040566E-09
   118.869247         9.27232335E-09
   118.996040         1.05523199E-08
   119.122833         1.17210668E-08
   119.249626         1.27494646E-08
   119.376419         1.36091547E-08
   119.503212         1.42730814E-08
   119.630005         1.47160257E-08
   119.756798         1.49151695E-08
   119.883591         1.48506167E-08
   120.010384         1.45059147E-08
   120.137177         1.38685419E-08
   120.263969         1.29303350E-08
   120.390762         1.16878960E-08
   120.517555         1.01429185E-08
   120.644348         8.30245028E-09
   120.771141         6.17908613E-09
   120.897934         3.79108878E-09
   121.024727         1.16238452E-09
   121.151520        -1.67748759E-09
   121.278313        -4.69355044E-09
   121.405106        -7.84566101E-09
   121.531898        -1.10888712E-08
   121.658691        -1.43738950E-08
   121.785484        -1.76476735E-08
   121.912277        -2.08540243E-08
   122.039070        -2.39343887E-08
   122.165863        -2.68286655E-08
   122.292656        -2.94760643E-08
   122.419441        -3.18161142E-08
   122.546234        -3.37896040E-08
   122.673027        -3.53396743E-08
   122.799820        -3.64128283E-08
   122.926613        -3.69600102E-08
   123.053406        -3.69376494E-08
   123.180199        -3.63086450E-08
   123.306992        -3.50433460E-08
   123.433784        -3.31204326E-08
   123.560577        -3.05277545E-08
   123.687370        -2.72629492E-08
   123.814163        -2.33340955E-08
   123.940956        -1.87601028E-08
   124.067749        -1.35710181E-08
   124.194542        -7.80814968E-09
   124.321335        -1.52400148E-09
   124.448128         5.21795318E-09
   124.574921         1.23436763E-08
   124.701714         1.97691890E-08
   124.828506         2.74013559E-08
   124.955299         3.51388252E-08
   125.082092         4.28732072E-08
   125.208885         5.04903284E-08
   125.335678         5.78717128E-08
   125.462471         6.48960707E-08
   125.589264         7.14410646E-08
   125.716057         7.73849678E-08
   125.842850         8.26084587E-08
   125.969643         8.69965220E-08
   126.096436         9.04402029E-08
   126.223221         9.28383770E-08
   126.350014         9.40995832E-08
   126.476807         9.41435445E-08
   126.603600         9.29028374E-08
   126.730392         9.03241357E-08
   126.857185         8.63695604E-08
   126.983978         8.10177383E-08
   127.110771         7.42645625E-08
   127.237564         6.61239952E-08
   127.364357         5.66284193E-08
   127.491150         4.58288767E-08
   127.617943         3.37951747E-08
   127.744736         2.06155590E-08
   127.871529         6.39640430E-09
   127.998322        -8.73840200E-09
   128.125107        -2.46482461E-08
   128.251907        -4.11767012E-08
   128.378693        -5.81526045E-08
   128.505493        -7.53912559E-08
   128.632278        -9.26957000E-08
   128.759079        -1.09858114E-07
   128.885864        -1.26661106E-07
   129.012665        -1.42879330E-07
   129.139450        -1.58280812E-07
   129.266251        -1.72628319E-07
   129.393036        -1.85680960E-07
   129.519836        -1.97195476E-07
   129.646622        -2.06927254E-07
   129.773422        -2.14632109E-07
   129.900208        -2.20066909E-07
   130.027008        -2.22991119E-07
   130.153793        -2.23167319E-07
   130.280594        -2.20362651E-07
   130.407379        -2.14349356E-07
   130.534180        -2.04905547E-07
   130.660965        -1.91816142E-07
   130.787766        -1.74873350E-07
   130.914551        -1.53877153E-07
   131.041351        -1.28636160E-07
   131.168137        -9.89678171E-08
   131.294937        -6.46988951E-08
   131.421722        -2.56659440E-08
   131.548523         1.82845294E-08
   131.675308         6.72956730E-08
   131.802109         1.21500292E-07
   131.928894         1.81020482E-07
   132.055679         2.45967925E-07
   132.182480         3.16443760E-07
   132.309265         3.92538794E-07
   132.436066         4.74333859E-07
   132.562851         5.61900208E-07
   132.689651         6.55300482E-07
   132.816437         7.54588086E-07
   132.943237         8.59810086E-07
   133.070023         9.71006102E-07
   133.196823         1.08821075E-06
   133.323608         1.21145456E-06
   133.450409         1.34076447E-06
   133.577194         1.47616549E-06
   133.703995         1.61768332E-06
   133.830780         1.76534377E-06
   133.957581         1.91917388E-06
   134.084366         2.07920493E-06
   134.211166         2.24547102E-06
   134.337952         2.41801172E-06
   134.464752         2.59687158E-06
   134.591537         2.78209950E-06
   134.718338         2.97374800E-06
   134.845123         3.17187505E-06
   134.971924         3.37654001E-06
   135.098709         3.58780198E-06
   135.225510         3.80571942E-06
   135.352295         4.03034437E-06
   135.479095         4.26172164E-06
   135.605881         4.49988102E-06
   135.732666         4.74483886E-06
   135.859467         4.99658609E-06
   135.986252         5.25508676E-06
   136.113052         5.52027313E-06
   136.239838         5.79203652E-06
   136.366638         6.07022594E-06
   136.493423         6.35463630E-06
   136.620224         6.64500612E-06
   136.747009         6.94101527E-06
   136.873810         7.24227539E-06
   137.000595         7.54832627E-06
   137.127396         7.85863449E-06
   137.254181         8.17259024E-06
   137.380981         8.48950549E-06
   137.507767         8.80860989E-06
   137.634567         9.12906216E-06
   137.761353         9.44993917E-06
   137.888153         9.77025138E-06
   138.014938         1.00889392E-05
   138.141739         1.04048841E-05
   138.268524         1.07169135E-05
   138.395325         1.10238143E-05
   138.522110         1.13243314E-05
   138.648911         1.16171977E-05
   138.775696         1.19011293E-05
   138.902496         1.21748453E-05
   139.029282         1.24370827E-05
   139.156082         1.26865971E-05
   139.282867         1.29221962E-05
   139.409653         1.31427387E-05
   139.536453         1.33471476E-05
   139.663239         1.35344335E-05
   139.790039         1.37036868E-05
   139.916824         1.38541091E-05
   140.043625         1.39850081E-05
   140.170410         1.40958009E-05
   140.297211         1.41860401E-05
   140.423996         1.42553963E-05
   140.550797         1.43036768E-05
   140.677582         1.43308034E-05
   140.804382         1.43368461E-05
   140.931168         1.43219895E-05
   141.057968         1.42865438E-05
   141.184753         1.42309291E-05
   141.311554         1.41556848E-05
   141.438339         1.40614411E-05
   141.565140         1.39489312E-05
   141.691925         1.38189571E-05
   141.818726         1.36724002E-05
   141.945511         1.35102064E-05
   142.072311         1.33333606E-05
   142.199097         1.31428978E-05
   142.325897         1.29398795E-05
   142.452682         1.27253834E-05
   142.579483         1.25005045E-05
   142.706268         1.22663332E-05
   142.833069         1.20239647E-05
   142.959854         1.17744730E-05
   143.086655         1.15189259E-05
   143.213440         1.12583612E-05
   143.340225         1.09938001E-05
   143.467026         1.07262313E-05
   143.593811         1.04566179E-05
   143.720612         1.01858923E-05
   143.847397         9.91495017E-06
   143.974197         9.64466290E-06
   144.100983         9.37586356E-06
   144.227783         9.10935796E-06
   144.354568         8.84591100E-06
   144.481369         8.58626208E-06
   144.608154         8.33111244E-06
   144.734955         8.08112509E-06
   144.861740         7.83693577E-06
   144.988541         7.59912973E-06
   145.115326         7.36825996E-06
   145.242126         7.14483076E-06
   145.368912         6.92930735E-06
   145.495712         6.72209944E-06
   145.622498         6.52356766E-06
   145.749298         6.33401805E-06
   145.876083         6.15369709E-06
   146.002884         5.98279348E-06
   146.129669         5.82143412E-06
   146.256470         5.66968083E-06
   146.383255         5.52753454E-06
   146.510056         5.39493203E-06
   146.636841         5.27175280E-06
   146.763641         5.15781494E-06
   146.890427         5.05288426E-06
   147.017212         4.95667700E-06
   147.144012         4.86886665E-06
   147.270798         4.78908578E-06
   147.397598         4.71694011E-06
   147.524384         4.65201174E-06
   147.651184         4.59386592E-06
   147.777969         4.54205883E-06
   147.904770         4.49615118E-06
   148.031555         4.45570413E-06
   148.158356         4.42029568E-06
   148.285141         4.38952202E-06
   148.411942         4.36300115E-06
   148.538727         4.34037884E-06
   148.665527         4.32132492E-06
   148.792313         4.30554201E-06
   148.919113         4.29275406E-06
   149.045898         4.28271278E-06
   149.172699         4.27518535E-06
   149.299484         4.26995393E-06
   149.426285         4.26680617E-06
   149.553070         4.26552788E-06
   149.679871         4.26589531E-06
   149.806656         4.26766792E-06
   149.933456         4.27057603E-06
   150.060242         4.27431496E-06
   150.187042         4.27854047E-06
   150.313828         4.28285648E-06
   150.440628         4.28681551E-06
   150.567413         4.28991461E-06
   150.694214         4.29159081E-06
   150.820999         4.29122701E-06
   150.947784         4.28815110E-06
   151.074585         4.28164367E-06
   151.201370         4.27094619E-06
   151.328171         4.25526559E-06
   151.454956         4.23379424E-06
   151.581757         4.20571905E-06
   151.708542         4.17023375E-06
   151.835342         4.12656027E-06
   151.962128         4.07396010E-06
   152.088928         4.01175657E-06
   152.215714         3.93934442E-06
   152.342514         3.85620751E-06
   152.469299         3.76193475E-06
   152.596100         3.65622805E-06
   152.722885         3.53891483E-06
   152.849686         3.40995462E-06
   152.976471         3.26944064E-06
   153.103271         3.11760732E-06
   153.230057         2.95481982E-06
   153.356857         2.78157790E-06
   153.483643         2.59850185E-06
   153.610443         2.40632289E-06
   153.737228         2.20587140E-06
   153.864029         1.99805868E-06
   153.990814         1.78385972E-06
   154.117615         1.56429496E-06
   154.244400         1.34040795E-06
   154.371201         1.11324698E-06
   154.497986         8.83843086E-07
   154.624771         6.53192046E-07
   154.751572         4.22234365E-07
   154.878357         1.91840385E-07
   155.005157        -3.72046571E-08
   155.131943        -2.64211366E-07
   155.258743        -4.88594765E-07
   155.385529        -7.09881306E-07
   155.512329        -9.27709209E-07
   155.639114        -1.14182808E-06
   155.765915        -1.35209461E-06
   155.892700        -1.55846965E-06
   156.019501        -1.76100218E-06
   156.146286        -1.95982329E-06
   156.273087        -2.15513273E-06
   156.399872        -2.34718163E-06
   156.526672        -2.53626035E-06
   156.653458        -2.72268244E-06
   156.780258        -2.90676780E-06
   156.907043        -3.08883295E-06
   157.033844        -3.26917575E-06
   157.160629        -3.44806472E-06
   157.287430        -3.62573155E-06
   157.414215        -3.80236338E-06
   157.541016        -3.97809890E-06
   157.667801        -4.15303111E-06
   157.794601        -4.32720162E-06
   157.921387        -4.50060998E-06
   158.048187        -4.67321706E-06
   158.174973        -4.84495058E-06
   158.301773        -5.01571594E-06
   158.428558        -5.18540674E-06
   158.555344        -5.35391200E-06
   158.682144        -5.52112624E-06
   158.808929        -5.68695896E-06
   158.935730        -5.85134558E-06
   159.062515        -6.01424790E-06
   159.189316        -6.17566047E-06
   159.316101        -6.33561922E-06
   159.442902        -6.49419644E-06
   159.569687        -6.65149219E-06
   159.696487        -6.80764151E-06
   159.823273        -6.96279722E-06
   159.950073        -7.11712573E-06
   160.076859        -7.27078941E-06
   160.203659        -7.42394286E-06
