  -4.50000000         0.00000000    
  -4.37320757         0.00000000    
  -4.24641466         0.00000000    
  -4.11962223         0.00000000    
  -3.99282932         0.00000000    
  -3.86603665         0.00000000    
  -3.73924398         4.14197594E-33
  -3.61245155        -8.09769332E-33
  -3.48565888        -3.07342778E-31
  -3.35886621        -1.88162735E-30
  -3.23207355        -5.54732448E-30
  -3.10528088         2.43905727E-29
  -2.97848821         1.52842571E-28
  -2.85169554         4.98724567E-28
  -2.72490287         1.13632082E-27
  -2.59811020         1.89084913E-27
  -2.47131753         2.06154950E-27
  -2.34452486         5.70893832E-28
  -2.21773219        -2.44165951E-27
  -2.09093952        -1.22597257E-27
  -1.96414697         2.35214887E-26
  -1.83735430         1.14505650E-25
  -1.71056163         3.43535686E-25
  -1.58376896         8.01929027E-25
  -1.45697629         1.56224209E-24
  -1.33018374         2.60400658E-24
  -1.20339108         3.71544414E-24
  -1.07659841         4.41592502E-24
 -0.949805737         3.98121414E-24
 -0.823013067         1.67451721E-24
 -0.696220458        -2.73807507E-24
 -0.569427788        -8.20519865E-24
 -0.442635119        -1.15317509E-23
 -0.315842479        -6.85243158E-24
 -0.189049825         1.39766888E-23
  -6.22571707E-02     5.94677114E-23
   6.45354837E-02     1.34748575E-22
  0.191328138         2.36294739E-22
  0.318120778         3.46442895E-22
  0.444913447         4.30050312E-22
  0.571706116         4.36400478E-22
  0.698498726         3.09305419E-22
  0.825291395         6.81477214E-24
  0.952084064        -4.71232739E-22
   1.07887673        -1.05404590E-21
   1.20566940        -1.58003422E-21
   1.33246195        -1.80036143E-21
   1.45925462        -1.41941830E-21
   1.58604729        -1.79640857E-22
   1.71283996         2.01428657E-21
   1.83963263         4.95393299E-21
   1.96642530         8.00848077E-21
   2.09321785         1.00818179E-20
   2.22001052         9.69843419E-21
   2.34680319         5.25307833E-21
   2.47359586        -4.57901944E-21
   2.60038853        -2.03276307E-20
   2.72718120        -4.12206233E-20
   2.85397387        -6.48365490E-20
   2.98076653        -8.70735420E-20
   3.10755920        -1.02548799E-19
   3.23435187        -1.05452261E-19
   3.36114454        -9.07592391E-20
   3.48793697        -5.55903758E-20
   3.61472964        -4.35526496E-22
   3.74152231         7.00388882E-20
   3.86831498         1.46797921E-19
   3.99510765         2.16921524E-19
   4.12190056         2.64691540E-19
   4.24869299         2.73143594E-19
   4.37548542         2.25985433E-19
   4.50227833         1.09923243E-19
   4.62907076        -8.24235009E-20
   4.75586367        -3.48826252E-19
   4.88265610        -6.73035971E-19
   5.00944901        -1.02032129E-18
   5.13624144        -1.33445016E-18
   5.26303434        -1.53839112E-18
   5.38982677        -1.54131035E-18
   5.51661968        -1.25380036E-18
   5.64341211        -6.11453873E-19
   5.77020502         3.96024480E-19
   5.89699745         1.69633320E-18
   6.02379036         3.11560328E-18
   6.15058279         4.37868305E-18
   6.27737522         5.13632259E-18
   6.40416813         5.02150744E-18
   6.53096056         3.72930657E-18
   6.65775347         1.10590439E-18
   6.78454590        -2.77426534E-18
   6.91133881        -7.56662307E-18
   7.03813124        -1.26689973E-17
   7.16492414        -1.72971225E-17
   7.29171658        -2.06160987E-17
   7.41850948        -2.19041926E-17
   7.54530191        -2.07123527E-17
   7.67209482        -1.69776058E-17
   7.79888725        -1.10541257E-17
   7.92567968        -3.64234259E-18
   8.05247211         4.37902261E-18
   8.17926502         1.21850876E-17
   8.30605793         1.92442825E-17
   8.43285084         2.54940605E-17
   8.55964279         3.13827891E-17
   8.68643570         3.77263048E-17
   8.81322861         4.53636998E-17
   8.94002151         5.46469162E-17
   9.06681347         6.48549239E-17
   9.19360638         7.36794388E-17
   9.32039928         7.69653708E-17
   9.44719219         6.89005518E-17
   9.57398415         4.28124366E-17
   9.70077705        -7.35857143E-18
   9.82756996        -8.49853964E-17
   9.95436192        -1.88342064E-16
   10.0811548        -3.08314090E-16
   10.2079477        -4.26857039E-16
   10.3347406        -5.16903180E-16
   10.4615326        -5.44345088E-16
   10.5883255        -4.72474607E-16
   10.7151184        -2.68822899E-16
   10.8419113         8.62200197E-17
   10.9687033         5.90237598E-16
   11.0954962         1.21082852E-15
   11.2222891         1.88088282E-15
   11.3490820         2.49905382E-15
   11.4758739         2.93685190E-15
   11.6026669         3.05283486E-15
   11.7294598         2.71311154E-15
   11.8562517         1.81596071E-15
   11.9830446         3.17145679E-16
   12.1098375        -1.74833720E-15
   12.2366304        -4.25248825E-15
   12.3634224        -6.97228352E-15
   12.4902153        -9.60175966E-15
   12.6170082        -1.17784886E-14
   12.7438011        -1.31223987E-14
   12.8705931        -1.32825549E-14
   12.9973860        -1.19858711E-14
   13.1241789        -9.08077426E-15
   13.2509708        -4.56935481E-15
   13.3777637         1.37720813E-15
   13.5045567         8.42241367E-15
   13.6313496         1.60869683E-14
   13.7581415         2.37864656E-14
   13.8849344         3.08782473E-14
   14.0117273         3.67101640E-14
   14.1385202         4.06642798E-14
   14.2653122         4.21905078E-14
   14.3921051         4.08282993E-14
   14.5188980         3.62185799E-14
   14.6456909         2.81115768E-14
   14.7724829         1.63788948E-14
   14.8992758         1.03814349E-15
   15.0260687        -1.77033037E-14
   15.1528606        -3.93846333E-14
   15.2796535        -6.32135539E-14
   15.4064465        -8.79880072E-14
   15.5332394        -1.12038661E-13
   15.6600313        -1.33217723E-13
   15.7868242        -1.48959729E-13
   15.9136171        -1.56434707E-13
   16.0404091        -1.52802182E-13
   16.1672020        -1.35559085E-13
   16.2939949        -1.02954808E-13
   16.4207878        -5.44280671E-14
   16.5475807         8.99599981E-15
   16.6743736         8.44171128E-14
   16.8011646         1.66948568E-13
   16.9279575         2.49838101E-13
   17.0547504         3.24853371E-13
   17.1815434         3.82931425E-13
   17.3083363         4.15055089E-13
   17.4351292         4.13282933E-13
   17.5619221         3.71829005E-13
   17.6887150         2.88069454E-13
   17.8155060         1.63349667E-13
   17.9422989         3.47660925E-15
   18.0690918        -1.81189807E-13
   18.1958847        -3.76095232E-13
   18.3226776        -5.63302172E-13
   18.4494705        -7.22709436E-13
   18.5762634        -8.33598869E-13
   18.7030544        -8.76397858E-13
   18.8298473        -8.34532421E-13
   18.9566402        -6.96237555E-13
   19.0834332        -4.56213463E-13
   19.2102261        -1.17011151E-13
   19.3370190         3.09933394E-13
   19.4638119         8.03704813E-13
   19.5906048         1.33382465E-12
   19.7173958         1.86075634E-12
   19.8441887         2.33707585E-12
   19.9709816         2.70939803E-12
   20.0977745         2.92110823E-12
   20.2245674         2.91594656E-12
   20.3513603         2.64240322E-12
   20.4781532         2.05882186E-12
   20.6049442         1.13896056E-12
   20.7317371        -1.22316152E-13
   20.8585300        -1.70372917E-12
   20.9853230        -3.55319441E-12
   21.1121159        -5.58502940E-12
   21.2389088        -7.67934674E-12
   21.3657017        -9.68421263E-12
   21.4924946        -1.14209302E-11
   21.6192856        -1.26926351E-11
   21.7460785        -1.32960544E-11
   21.8728714        -1.30359872E-11
   21.9996643        -1.17417872E-11
   22.1264572        -9.28477781E-12
   22.2532501        -5.59542820E-12
   22.3800430        -6.78935803E-13
   22.5068340         5.37220659E-12
   22.6336269         1.23697224E-11
   22.7604198         2.00264787E-11
   22.8872128         2.79593362E-11
   23.0140057         3.56987807E-11
   23.1407986         4.27050131E-11
   23.2675915         4.83907255E-11
   23.3943844         5.21498018E-11
   23.5211754         5.33908820E-11
   23.6479683         5.15748867E-11
   23.7747612         4.62546286E-11
   23.9015541         3.71148008E-11
   24.0283470         2.40105106E-11
   24.1551399         7.00140943E-12
   24.2819328        -1.36200972E-11
   24.4087238        -3.73096623E-11
   24.5355167        -6.32627284E-11
   24.6623096        -9.04192277E-11
   24.7891026        -1.17482857E-10
   24.9158955        -1.42955911E-10
   25.0426884        -1.65189293E-10
   25.1694813        -1.82448140E-10
   25.2962742        -1.92990346E-10
   25.4230652        -1.95155503E-10
   25.5498581        -1.87462296E-10
   25.6766510        -1.68708492E-10
   25.8034439        -1.38069764E-10
   25.9302368        -9.51929854E-11
   26.0570297        -4.02775764E-11
   26.1838226         2.58584109E-11
   26.3106136         1.01733975E-10
   26.4374065         1.85185478E-10
   26.5641994         2.73375711E-10
   26.6909924         3.62835206E-10
   26.8177853         4.49536242E-10
   26.9445782         5.29002731E-10
   27.0713711         5.96453220E-10
   27.1981640         6.46975862E-10
   27.3249550         6.75734690E-10
   27.4517479         6.78195000E-10
   27.5785408         6.50370369E-10
   27.7053337         5.89073679E-10
   27.8321266         4.92166530E-10
   27.9589195         3.58792718E-10
   28.0857124         1.89587346E-10
   28.2125034        -1.31594917E-11
   28.3392963        -2.45389153E-10
   28.4660892        -5.01228781E-10
   28.5928822        -7.73019870E-10
   28.7196751        -1.05143283E-09
   28.8464680        -1.32566758E-09
   28.9732609        -1.58374136E-09
   29.1000538        -1.81286852E-09
   29.2268448        -1.99991068E-09
   29.3536377        -2.13189111E-09
   29.4804306        -2.19656826E-09
   29.6072235        -2.18302176E-09
   29.7340164        -2.08225015E-09
   29.8608093        -1.88774951E-09
   29.9876022        -1.59602931E-09
   30.1143932        -1.20706145E-09
   30.2411861        -7.24619142E-10
   30.3679790        -1.56488017E-10
   30.4947720         4.85470275E-10
   30.6215649         1.18541754E-09
   30.7483578         1.92380223E-09
   30.8751507         2.67780109E-09
   31.0019417         3.42191564E-09
   31.1287346         4.12871337E-09
   31.2555275         4.76969930E-09
   31.3823204         5.31627009E-09
   31.5091133         5.74074210E-09
   31.6359062         6.01738170E-09
   31.7626991         6.12344531E-09
   31.8894920         6.04011197E-09
   32.0162849         5.75338666E-09
   32.1430779         5.25480548E-09
   32.2698708         4.54202631E-09
   32.3966637         3.61922492E-09
   32.5234528         2.49728882E-09
   32.6502457         1.19381460E-09
   32.7770386        -2.67095318E-10
   32.9038315        -1.85524462E-09
   33.0306244        -3.53491281E-09
   33.1574173        -5.26560351E-09
   33.2842102        -7.00294089E-09
   33.4110031        -8.69965433E-09
   33.5377960        -1.03066835E-08
   33.6645889        -1.17743149E-08
   33.7913818        -1.30534037E-08
   33.9181747        -1.40965639E-08
   34.0449677        -1.48594035E-08
   34.1717606        -1.53016906E-08
   34.2985535        -1.53885367E-08
   34.4253426        -1.50914730E-08
   34.5521355        -1.43894709E-08
   34.6789284        -1.32698830E-08
   34.8057213        -1.17292407E-08
   34.9325142        -9.77392745E-09
   35.0593071        -7.42067918E-09
   35.1861000        -4.69689043E-09
   35.3128929        -1.64069658E-09
   35.4396858         1.69921399E-09
   35.5664787         5.26401278E-09
   35.6932716         8.98551278E-09
   35.8200645         1.27871935E-08
   35.9468575         1.65856147E-08
   36.0736504         2.02920205E-08
   36.2004433         2.38143372E-08
   36.3272324         2.70593770E-08
   36.4540253         2.99352365E-08
   36.5808182         3.23538565E-08
   36.7076111         3.42336577E-08
   36.8344040         3.55021328E-08
   36.9611969         3.60983918E-08
   37.0879898         3.59755319E-08
   37.2147827         3.51026550E-08
   37.3415756         3.34666375E-08
   37.4683685         3.10733412E-08
   37.5951614         2.79484063E-08
   37.7219543         2.41374405E-08
   37.8487473         1.97055599E-08
   37.9755402         1.47363837E-08
   38.1023293         9.33031075E-09
   38.2291222         3.60221564E-09
   38.3559151        -2.32140485E-09
   38.4827080        -8.30581470E-09
   38.6095009        -1.42118814E-08
   38.7362938        -1.99001846E-08
   38.8630867        -2.52353800E-08
   38.9898796        -3.00905718E-08
   39.1166725        -3.43518209E-08
   39.2434654        -3.79221454E-08
   39.3702583        -4.07255136E-08
   39.4970512        -4.27100950E-08
   39.6238441        -4.38511165E-08
   39.7506371        -4.41528130E-08
   39.8774300        -4.36496777E-08
   40.0042191        -4.24067643E-08
   40.1310120        -4.05189660E-08
   40.2578049        -3.81093379E-08
   40.3845978        -3.53263125E-08
   40.5113907        -3.23399583E-08
   40.6381836        -2.93371176E-08
   40.7649765        -2.65158029E-08
   40.8917694        -2.40785329E-08
   41.0185623        -2.22251497E-08
   41.1453552        -2.11449027E-08
   41.2721481        -2.10081676E-08
   41.3989410        -2.19579679E-08
   41.5257339        -2.41015297E-08
   41.6525269        -2.75018479E-08
   41.7793198        -3.21698899E-08
   41.9061089        -3.80574328E-08
   42.0329018        -4.50507791E-08
   42.1596947        -5.29657065E-08
   42.2864876        -6.15437941E-08
   42.4132805        -7.04505041E-08
   42.5400734        -7.92749617E-08
   42.6668663        -8.75318662E-08
   42.7936592        -9.46655518E-08
   42.9204521        -1.00056276E-07
   43.0472450        -1.03028825E-07
   43.1740379        -1.02863325E-07
   43.3008308        -9.88084565E-08
   43.4276237        -9.00963499E-08
   43.5544167        -7.59594485E-08
   43.6812096        -5.56488366E-08
   43.8079987        -2.84536021E-08
   43.9347916         6.27913677E-09
   44.0615845         4.91241678E-08
   44.1883774         1.00558417E-07
   44.3151703         1.60942193E-07
   44.4419632         2.30502025E-07
   44.5687561         3.09315539E-07
   44.6955490         3.97299033E-07
   44.8223419         4.94197820E-07
   44.9491348         5.99580744E-07
   45.0759277         7.12837505E-07
   45.2027206         8.33180934E-07
   45.3295135         9.59651743E-07
   45.4563065         1.09112943E-06
   45.5830994         1.22634458E-06
   45.7098885         1.36389519E-06
   45.8366814         1.50226788E-06
   45.9634743         1.63985862E-06
   46.0902672         1.77499533E-06
   46.2170601         1.90596654E-06
   46.3438530         2.03104378E-06
   46.4706459         2.14850843E-06
   46.5974388         2.25667554E-06
   46.7242317         2.35391849E-06
   46.8510246         2.43869249E-06
   46.9778175         2.50955168E-06
   47.1046104         2.56516955E-06
   47.2314034         2.60435627E-06
   47.3581963         2.62606977E-06
   47.4849892         2.62943104E-06
   47.6117783         2.61373316E-06
   47.7385712         2.57844840E-06
   47.8653641         2.52323866E-06
   47.9921570         2.44796365E-06
   48.1189499         2.35267930E-06
   48.2457428         2.23764619E-06
   48.3725357         2.10333474E-06
   48.4993286         1.95042344E-06
   48.6261215         1.77980064E-06
   48.7529144         1.59256263E-06
   48.8797073         1.39001099E-06
   49.0065002         1.17364209E-06
   49.1332932         9.45138822E-07
   49.2600861         7.06352694E-07
   49.3868790         4.59284564E-07
   49.5136681         2.06060392E-07
   49.6404610        -5.11017930E-08
   49.7672539        -3.09927344E-07
   49.8940468        -5.68132350E-07
   50.0208397        -8.23468952E-07
   50.1476326        -1.07377502E-06
   50.2744255        -1.31703905E-06
   50.4012184        -1.55145392E-06
   50.5280113        -1.77548009E-06
   50.6548042        -1.98790644E-06
   50.7815971        -2.18790274E-06
   50.9083900        -2.37508175E-06
   51.0351830        -2.54953784E-06
   51.1619759        -2.71188560E-06
   51.2887688        -2.86329146E-06
   51.4155579        -3.00547822E-06
   51.5423508        -3.14073168E-06
   51.6691437        -3.27187604E-06
   51.7959366        -3.40224369E-06
   51.9227295        -3.53562086E-06
   52.0495224        -3.67617213E-06
   52.1763153        -3.82836151E-06
   52.3031082        -3.99683950E-06
   52.4299011        -4.18632499E-06
   52.5566940        -4.40147733E-06
   52.6834869        -4.64674986E-06
   52.8102798        -4.92624758E-06
   52.9370728        -5.24357165E-06
   53.0638657        -5.60167064E-06
   53.1906586        -6.00270505E-06
   53.3174477        -6.44790043E-06
   53.4442406        -6.93744551E-06
   53.5710335        -7.47039621E-06
   53.6978264        -8.04457159E-06
   53.8246193        -8.65655056E-06
   53.9514122        -9.30162241E-06
   54.0782051        -9.97381449E-06
   54.2049980        -1.06659472E-05
   54.3317909        -1.13697151E-05
   54.4585838        -1.20758014E-05
   54.5853767        -1.27740532E-05
   54.7121696        -1.34536349E-05
   54.8389626        -1.41032860E-05
   54.9657555        -1.47115234E-05
   55.0925484        -1.52669199E-05
   55.2193375        -1.57583672E-05
   55.3461304        -1.61753578E-05
   55.4729233        -1.65082765E-05
   55.5997162        -1.67486487E-05
   55.7265091        -1.68894185E-05
   55.8533020        -1.69251907E-05
   55.9800949        -1.68524184E-05
   56.1068878        -1.66696154E-05
   56.2336807        -1.63774585E-05
   56.3604736        -1.59789179E-05
   56.4872665        -1.54792851E-05
   56.6140594        -1.48861782E-05
   56.7408524        -1.42094950E-05
   56.8676453        -1.34613119E-05
   56.9944382        -1.26557270E-05
   57.1212273        -1.18086737E-05
   57.2480202        -1.09376633E-05
   57.3748131        -1.00615116E-05
   57.5016060        -9.20001912E-06
   57.6283989        -8.37362040E-06
   57.7551918        -7.60302328E-06
   57.8819847        -6.90880779E-06
   58.0087776        -6.31105149E-06
   58.1355705        -5.82890470E-06
   58.2623634        -5.48022808E-06
   58.3891563        -5.28120154E-06
   58.5159492        -5.24596635E-06
   58.6427422        -5.38630184E-06
   58.7695351        -5.71133296E-06
   58.8963280        -6.22726338E-06
   59.0231171        -6.93717493E-06
   59.1499100        -7.84085296E-06
   59.2767029        -8.93470497E-06
   59.4034958        -1.02116828E-05
   59.5302887        -1.16613101E-05
   59.6570816        -1.32697442E-05
   59.7838745        -1.50199148E-05
   59.9106674        -1.68917304E-05
   60.0374603        -1.88623126E-05
   60.1642532        -2.09063328E-05
   60.2910461        -2.29963644E-05
   60.4178391        -2.51033216E-05
   60.5446320        -2.71969293E-05
   60.6714249        -2.92461991E-05
   60.7982178        -3.12200027E-05
   60.9250069        -3.30875846E-05
   61.0517998        -3.48191643E-05
   61.1785927        -3.63864856E-05
   61.3053856        -3.77633514E-05
   61.4321785        -3.89261877E-05
   61.5589714        -3.98544689E-05
   61.6857643        -4.05312530E-05
   61.8125572        -4.09434797E-05
   61.9393501        -4.10823159E-05
   62.0661430        -4.09433887E-05
   62.1929359        -4.05269311E-05
   62.3197289        -3.98378288E-05
   62.4465218        -3.88855697E-05
   62.5733147        -3.76841199E-05
   62.7001076        -3.62516839E-05
   62.8268967        -3.46103843E-05
   62.9536896        -3.27858397E-05
   63.0804825        -3.08066956E-05
   63.2072754        -2.87040548E-05
   63.3340683        -2.65109175E-05
   63.4608612        -2.42615242E-05
   63.5876541        -2.19907251E-05
   63.7144470        -1.97333138E-05
   63.8412399        -1.75234181E-05
   63.9680328        -1.53938945E-05
   64.0948257        -1.33757558E-05
   64.2216187        -1.14977238E-05
   64.3484116        -9.78576281E-06
   64.4752045        -8.26277392E-06
   64.6019974        -6.94832488E-06
   64.7287903        -5.85849693E-06
   64.8555832        -5.00580336E-06
   64.9823761        -4.39920495E-06
   65.1091690        -4.04419143E-06
   65.2359619        -3.94294011E-06
   65.3627548        -4.09453014E-06
   65.4895477        -4.49519939E-06
   65.6163330        -5.13862824E-06
   65.7431259        -6.01624924E-06
   65.8699188        -7.11754365E-06
   65.9967117        -8.43034468E-06
   66.1235046        -9.94109269E-06
   66.2502975        -1.16350766E-05
   66.3770905        -1.34966349E-05
   66.5038834        -1.55092766E-05
   66.6306763        -1.76558078E-05
   66.7574692        -1.99183778E-05
   66.8842621        -2.22784765E-05
   67.0110550        -2.47169155E-05
   67.1378479        -2.72138004E-05
   67.2646408        -2.97484312E-05
   67.3914337        -3.22992855E-05
   67.5182266        -3.48439207E-05
   67.6450195        -3.73589864E-05
   67.7718124        -3.98202246E-05
   67.8986053        -4.22025187E-05
   68.0253983        -4.44800535E-05
   68.1521912        -4.66264573E-05
   68.2789841        -4.86150748E-05
   68.4057770        -5.04193158E-05
   68.5325699        -5.20129906E-05
   68.6593628        -5.33707935E-05
   68.7861557        -5.44687755E-05
   68.9129486        -5.52848796E-05
   69.0397415        -5.57994317E-05
   69.1665344        -5.59957734E-05
   69.2933273        -5.58606916E-05
   69.4201126        -5.53849459E-05
   69.5469055        -5.45636540E-05
   69.6736984        -5.33966813E-05
   69.8004913        -5.18888337E-05
   69.9272842        -5.00500537E-05
   70.0540771        -4.78954098E-05
   70.1808701        -4.54450019E-05
   70.3076630        -4.27237501E-05
   70.4344559        -3.97610529E-05
   70.5612488        -3.65902706E-05
   70.6880417        -3.32482050E-05
   70.8148346        -2.97744209E-05
   70.9416275        -2.62105059E-05
   71.0684204        -2.25992680E-05
   71.1952133        -1.89839193E-05
   71.3220062        -1.54072623E-05
   71.4487991        -1.19108636E-05
   71.5755920        -8.53429265E-06
   71.7023849        -5.31441992E-06
   71.8291779        -2.28480371E-06
   71.9559708         5.24818063E-07
   72.0827637         3.08893596E-06
   72.2095566         5.38651966E-06
   72.3363495         7.40117184E-06
   72.4631424         9.12111227E-06
   72.5899353         1.05390573E-05
   72.7167282         1.16519750E-05
   72.8435211         1.24607150E-05
   72.9703140         1.29695636E-05
   73.0971069         1.31857150E-05
   73.2238922         1.31187016E-05
   73.3506851         1.27797703E-05
   73.4774780         1.21812864E-05
   73.6042709         1.13361266E-05
   73.7310638         1.02571221E-05
   73.8578568         8.95657286E-06
   73.9846497         7.44581939E-06
   74.1114426         5.73491752E-06
   74.2382355         3.83241422E-06
   74.3650284         1.74523757E-06
   74.4918213        -5.21318611E-07
   74.6186142        -2.96348026E-06
   74.7454071        -5.57879457E-06
   74.8722000        -8.36583513E-06
   74.9989929        -1.13238184E-05
   75.1257858        -1.44521819E-05
   75.2525787        -1.77500933E-05
   75.3793716        -2.12159466E-05
   75.5061646        -2.48468896E-05
   75.6329575        -2.86383129E-05
   75.7597504        -3.25834117E-05
   75.8865433        -3.66728273E-05
   76.0133362        -4.08943088E-05
   76.1401291        -4.52325003E-05
   76.2669220        -4.96688299E-05
   76.3937149        -5.41814406E-05
   76.5205078        -5.87453105E-05
   76.6473007        -6.33324598E-05
   76.7740936        -6.79121440E-05
   76.9008865        -7.24513156E-05
   77.0276718        -7.69150065E-05
   77.1544647        -8.12669023E-05
   77.2812576        -8.54698737E-05
   77.4080505        -8.94865589E-05
   77.5348434        -9.32800685E-05
   77.6616364        -9.68144523E-05
   77.7884293        -1.00055375E-04
   77.9152222        -1.02970669E-04
   78.0420151        -1.05530802E-04
   78.1688080        -1.07709311E-04
   78.2956009        -1.09483160E-04
   78.4223938        -1.10832989E-04
   78.5491867        -1.11743335E-04
   78.6759796        -1.12202637E-04
   78.8027725        -1.12203401E-04
   78.9295654        -1.11741851E-04
   79.0563583        -1.10818008E-04
   79.1831512        -1.09435248E-04
   79.3099442        -1.07600135E-04
   79.4367371        -1.05321946E-04
   79.5635300        -1.02612386E-04
   79.6903229        -9.94850780E-05
   79.8171158        -9.59551835E-05
   79.9439087        -9.20389648E-05
   80.0707016        -8.77533676E-05
   80.1974945        -8.31157595E-05
   80.3242874        -7.81434428E-05
   80.4510803        -7.28534942E-05
   80.5778732        -6.72625611E-05
   80.7046585        -6.13866941E-05
   80.8314514        -5.52412748E-05
   80.9582443        -4.88410296E-05
   81.0850372        -4.22000739E-05
   81.2118301        -3.53321120E-05
   81.3386230        -2.82505389E-05
   81.4654160        -2.09687296E-05
   81.5922089        -1.35003093E-05
   81.7190018        -5.85942644E-06
   81.8457947         1.93893493E-06
   81.9725876         9.87864769E-06
   82.0993805         1.79421713E-05
   82.2261734         2.61103014E-05
   82.3529663         3.43619577E-05
   82.4797592         4.26740626E-05
   82.6065521         5.10214304E-05
   82.7333450         5.93767618E-05
   82.8601379         6.77107164E-05
   82.9869308         7.59920804E-05
   83.1137238         8.41879737E-05
   83.2405167         9.22641775E-05
   83.3673096         1.00185433E-04
   83.4941025         1.07916021E-04
   83.6208954         1.15420087E-04
   83.7476883         1.22662299E-04
   83.8744812         1.29608365E-04
   84.0012741         1.36225513E-04
   84.1280670         1.42483084E-04
   84.2548599         1.48353196E-04
   84.3816528         1.53810935E-04
   84.5084381         1.58835057E-04
   84.6352310         1.63408273E-04
   84.7620239         1.67517443E-04
   84.8888168         1.71153893E-04
   85.0156097         1.74313449E-04
   85.1424026         1.76996575E-04
   85.2691956         1.79208000E-04
   85.3959885         1.80956835E-04
   85.5227814         1.82256204E-04
   85.6495743         1.83122858E-04
   85.7763672         1.83576762E-04
   85.9031601         1.83640776E-04
   86.0299530         1.83339886E-04
   86.1567459         1.82700940E-04
   86.2835388         1.81751922E-04
   86.4103317         1.80521660E-04
   86.5371246         1.79039023E-04
   86.6639175         1.77332724E-04
   86.7907104         1.75430832E-04
   86.9175034         1.73360459E-04
   87.0442963         1.71147491E-04
   87.1710892         1.68816419E-04
   87.2978821         1.66390237E-04
   87.4246750         1.63890480E-04
   87.5514679         1.61337142E-04
   87.6782608         1.58749026E-04
   87.8050537         1.56143651E-04
   87.9318466         1.53537636E-04
   88.0586395         1.50946900E-04
   88.1854324         1.48386942E-04
   88.3122177         1.45872909E-04
   88.4390106         1.43419980E-04
   88.5658035         1.41043522E-04
   88.6925964         1.38759002E-04
   88.8193893         1.36582297E-04
   88.9461823         1.34529502E-04
   89.0729752         1.32616871E-04
   89.1997681         1.30860644E-04
   89.3265610         1.29276741E-04
   89.4533539         1.27880572E-04
   89.5801468         1.26686456E-04
   89.7069397         1.25707433E-04
   89.8337326         1.24954575E-04
   89.9605255         1.24436672E-04
   90.0873184         1.24159793E-04
   90.2141113         1.24126731E-04
   90.3409042         1.24336730E-04
   90.4676971         1.24785132E-04
   90.5944901         1.25463150E-04
   90.7212830         1.26357714E-04
   90.8480759         1.27451392E-04
   90.9748688         1.28722633E-04
   91.1016617         1.30145752E-04
   91.2284546         1.31691384E-04
   91.3552475         1.33326845E-04
   91.4820404         1.35016715E-04
   91.6088333         1.36723436E-04
   91.7356262         1.38408024E-04
   91.8624191         1.40030796E-04
   91.9892120         1.41552227E-04
   92.1159973         1.42933757E-04
   92.2427902         1.44138568E-04
   92.3695831         1.45132435E-04
   92.4963760         1.45884376E-04
   92.6231689         1.46367442E-04
   92.7499619         1.46559163E-04
   92.8767548         1.46442035E-04
   93.0035477         1.46004037E-04
   93.1303406         1.45238591E-04
   93.2571335         1.44144826E-04
   93.3839264         1.42727542E-04
   93.5107193         1.40996897E-04
   93.6375122         1.38968258E-04
   93.7643051         1.36661605E-04
   93.8910980         1.34101210E-04
   94.0178909         1.31314824E-04
   94.1446838         1.28333137E-04
   94.2714767         1.25188992E-04
   94.3982697         1.21916637E-04
   94.5250626         1.18550830E-04
   94.6518555         1.15126284E-04
   94.7786484         1.11676767E-04
   94.9054413         1.08234410E-04
   95.0322342         1.04829152E-04
   95.1590271         1.01488011E-04
   95.2858200         9.82347774E-05
   95.4126129         9.50894319E-05
   95.5394058         9.20678576E-05
   95.6661987         8.91817326E-05
   95.7929916         8.64381291E-05
   95.9197769         8.38396663E-05
   96.0465698         8.13844672E-05
   96.1733627         7.90662089E-05
   96.3001556         7.68743630E-05
   96.4269485         7.47943632E-05
   96.5537415         7.28079685E-05
   96.6805344         7.08935477E-05
   96.8073273         6.90265515E-05
   96.9341202         6.71797970E-05
   97.0609131         6.53240786E-05
   97.1877060         6.34285898E-05
   97.3144989         6.14614619E-05
   97.4412918         5.93902878E-05
   97.5680847         5.71827004E-05
   97.6948776         5.48069474E-05
   97.8216705         5.22324444E-05
   97.9484634         4.94304622E-05
   98.0752563         4.63746110E-05
   98.2020493         4.30415203E-05
   98.3288422         3.94114031E-05
   98.4556351         3.54686126E-05
   98.5824280         3.12021475E-05
   98.7092209         2.66062088E-05
   98.8360138         2.16805911E-05
   98.9628067         1.64310604E-05
   99.0895996         1.08696204E-05
   99.2163925         5.01474415E-06
   99.3431854        -1.10860810E-06
   99.4699783        -7.46897831E-06
   99.5967712        -1.40286320E-05
   99.7235565        -2.07438279E-05
   99.8503494        -2.75653183E-05
   99.9771423        -3.44388864E-05
   100.103935        -4.13061280E-05
   100.230728        -4.81052703E-05
   100.357521        -5.47721756E-05
   100.484314        -6.12413860E-05
   100.611107        -6.74472685E-05
   100.737900        -7.33252527E-05
   100.864693        -7.88130274E-05
   100.991486        -8.38517881E-05
   101.118279        -8.83873872E-05
   101.245071        -9.23715052E-05
   101.371864        -9.57626617E-05
   101.498657        -9.85271763E-05
   101.625450        -1.00639765E-04
   101.752243        -1.02084305E-04
   101.879036        -1.02854108E-04
   102.005829        -1.02952159E-04
   102.132622        -1.02391037E-04
   102.259415        -1.01192723E-04
   102.386208        -9.93881258E-05
   102.513000        -9.70163455E-05
   102.639793        -9.41240578E-05
   102.766586        -9.07642680E-05
   102.893379        -8.69953146E-05
   103.020172        -8.28796983E-05
   103.146965        -7.84826843E-05
   103.273758        -7.38710587E-05
   103.400551        -6.91117748E-05
   103.527336        -6.42707528E-05
   103.654129        -5.94116245E-05
   103.780922        -5.45947223E-05
   103.907715        -4.98760819E-05
   104.034508        -4.53066532E-05
   104.161301        -4.09317327E-05
   104.288094        -3.67904613E-05
   104.414886        -3.29156101E-05
   104.541679        -2.93334488E-05
   104.668472        -2.60638972E-05
   104.795265        -2.31206941E-05
   104.922058        -2.05118340E-05
   105.048851        -1.82399926E-05
   105.175644        -1.63031291E-05
   105.302437        -1.46950679E-05
   105.429230        -1.34061538E-05
   105.556023        -1.24238813E-05
   105.682816        -1.17334930E-05
   105.809608        -1.13185406E-05
   105.936401        -1.11613472E-05
   106.063194        -1.12434263E-05
   106.189987        -1.15457733E-05
   106.316780        -1.20490986E-05
   106.443573        -1.27339417E-05
   106.570366        -1.35807541E-05
   106.697159        -1.45698596E-05
   106.823952        -1.56814422E-05
   106.950745        -1.68954484E-05
   107.077538        -1.81915257E-05
   107.204330        -1.95489756E-05
   107.331116        -2.09467344E-05
   107.457909        -2.23634288E-05
   107.584702        -2.37775075E-05
   107.711494        -2.51674373E-05
   107.838287        -2.65119925E-05
   107.965080        -2.77906383E-05
   108.091873        -2.89839900E-05
   108.218666        -3.00742831E-05
   108.345459        -3.10459509E-05
   108.472252        -3.18861712E-05
   108.599045        -3.25853944E-05
   108.725838        -3.31378214E-05
   108.852631        -3.35418372E-05
   108.979424        -3.38002574E-05
   109.106216        -3.39205253E-05
   109.233009        -3.39146645E-05
   109.359802        -3.37991114E-05
   109.486595        -3.35943005E-05
   109.613388        -3.33241114E-05
   109.740181        -3.30151233E-05
   109.866974        -3.26956360E-05
   109.993767        -3.23946515E-05
   110.120560        -3.21406878E-05
   110.247353        -3.19605133E-05
   110.374146        -3.18779021E-05
   110.500938        -3.19123501E-05
   110.627731        -3.20779727E-05
   110.754524        -3.23824061E-05
   110.881317        -3.28259375E-05
   111.008102        -3.34008910E-05
   111.134895        -3.40911683E-05
   111.261688        -3.48721187E-05
   111.388481        -3.57107274E-05
   111.515274        -3.65660162E-05
   111.642067        -3.73898001E-05
   111.768860        -3.81277277E-05
   111.895653        -3.87205364E-05
   112.022446        -3.91055328E-05
   112.149239        -3.92182374E-05
   112.276031        -3.89942179E-05
   112.402824        -3.83708903E-05
   112.529617        -3.72893810E-05
   112.656410        -3.56963465E-05
   112.783203        -3.35457189E-05
   112.909996        -3.08001727E-05
   113.036789        -2.74325612E-05
   113.163582        -2.34269664E-05
   113.290375        -1.87795558E-05
   113.417168        -1.34990842E-05
   113.543961        -7.60717012E-06
   113.670753        -1.13815031E-06
   113.797546         5.86128726E-06
   113.924339         1.33328085E-05
   114.051132         2.12073846E-05
   114.177925         2.94064903E-05
   114.304718         3.78434961E-05
   114.431511         4.64252116E-05
   114.558304         5.50535769E-05
   114.685097         6.36273471E-05
   114.811882         7.20439639E-05
   114.938675         8.02011855E-05
   115.065468         8.79988729E-05
   115.192261         9.53405543E-05
   115.319054         1.02134989E-04
   115.445847         1.08297441E-04
   115.572639         1.13750946E-04
   115.699432         1.18427291E-04
   115.826225         1.22267928E-04
   115.953018         1.25224542E-04
   116.079811         1.27259686E-04
   116.206604         1.28346917E-04
   116.333397         1.28471147E-04
   116.460190         1.27628460E-04
   116.586983         1.25826045E-04
   116.713776         1.23081991E-04
   116.840569         1.19424760E-04
   116.967361         1.14892769E-04
   117.094154         1.09533808E-04
   117.220947         1.03404360E-04
   117.347740         9.65688741E-05
   117.474533         8.90989613E-05
   117.601326         8.10726124E-05
   117.728119         7.25731734E-05
   117.854912         6.36885889E-05
   117.981705         5.45103831E-05
   118.108498         4.51326414E-05
   118.235291         3.56510973E-05
   118.362083         2.61621080E-05
   118.488876         1.67616345E-05
   118.615662         7.54426719E-06
   118.742455        -1.39777296E-06
   118.869247        -9.97559255E-06
   118.996040        -1.81045871E-05
   119.122833        -2.57053143E-05
   119.249626        -3.27043817E-05
   119.376419        -3.90352288E-05
   119.503212        -4.46388913E-05
   119.630005        -4.94646411E-05
   119.756798        -5.34706123E-05
   119.883591        -5.66242743E-05
   120.010384        -5.89028496E-05
   120.137177        -6.02936343E-05
   120.263969        -6.07941583E-05
   120.390762        -6.04123379E-05
   120.517555        -5.91663447E-05
   120.644348        -5.70845259E-05
   120.771141        -5.42050766E-05
   120.897934        -5.05756834E-05
   121.024727        -4.62529206E-05
   121.151520        -4.13016132E-05
   121.278313        -3.57940480E-05
   121.405106        -2.98090617E-05
   121.531898        -2.34310082E-05
   121.658691        -1.67486214E-05
   121.785484        -9.85380666E-06
   121.912277        -2.84032831E-06
   122.039070         4.19755133E-06
   122.165863         1.11664640E-05
   122.292656         1.79753588E-05
   122.419441         2.45368992E-05
   122.546234         3.07688279E-05
   122.673027         3.65952546E-05
   122.799820         4.19478602E-05
   122.926613         4.67669051E-05
   123.053406         5.10022401E-05
   123.180199         5.46139090E-05
   123.306992         5.75727281E-05
   123.433784         5.98605766E-05
   123.560577         6.14704186E-05
   123.687370         6.24061358E-05
   123.814163         6.26821347E-05
   123.940956         6.23226442E-05
   124.067749         6.13609081E-05
   124.194542         5.98380648E-05
   124.321335         5.78020299E-05
   124.448128         5.53060127E-05
   124.574921         5.24072966E-05
   124.701714         4.91656465E-05
   124.828506         4.56419002E-05
   124.955299         4.18966411E-05
   125.082092         3.79888552E-05
   125.208885         3.39748040E-05
   125.335678         2.99070853E-05
   125.462471         2.58338296E-05
   125.589264         2.17981778E-05
   125.716057         1.78379360E-05
   125.842850         1.39854810E-05
   125.969643         1.02678932E-05
   126.096436         6.70722284E-06
   126.223221         3.32100649E-06
   126.350014         1.22835900E-07
   126.476807        -2.87693160E-06
   126.603600        -5.67044845E-06
   126.730392        -8.25162624E-06
   126.857185        -1.06154403E-05
   126.983978        -1.27573167E-05
   127.110771        -1.46726215E-05
   127.237564        -1.63563109E-05
   127.364357        -1.78027149E-05
   127.491150        -1.90055343E-05
   127.617943        -1.99579517E-05
   127.744736        -2.06529367E-05
   127.871529        -2.10837261E-05
   127.998322        -2.12443283E-05
   128.125107        -2.11302158E-05
   128.251907        -2.07389930E-05
   128.378693        -2.00710820E-05
   128.505493        -1.91304189E-05
   128.632278        -1.79250037E-05
   128.759079        -1.64673911E-05
   128.885864        -1.47750188E-05
   129.012665        -1.28703587E-05
   129.139450        -1.07808792E-05
   129.266251        -8.53881738E-06
   129.393036        -6.18074091E-06
   129.519836        -3.74691899E-06
   129.646622        -1.28052659E-06
   129.773422         1.17332354E-06
   129.900208         3.56865348E-06
   130.027008         5.85976613E-06
   130.153793         8.00245743E-06
   130.280594         9.95520077E-06
   130.407379         1.16802994E-05
   130.534180         1.31449624E-05
   130.660965         1.43222260E-05
   130.787766         1.51917393E-05
   130.914551         1.57403720E-05
   131.041351         1.59625670E-05
   131.168137         1.58605508E-05
   131.294937         1.54442514E-05
   131.421722         1.47310157E-05
   131.548523         1.37451570E-05
   131.675308         1.25172664E-05
   131.802109         1.10833798E-05
   131.928894         9.48400611E-06
   132.055679         7.76307115E-06
   132.182480         5.96676909E-06
   132.309265         4.14241322E-06
   132.436066         2.33727633E-06
   132.562851         5.97478561E-07
   132.689651        -1.03305263E-06
   132.816437        -2.51352299E-06
   132.943237        -3.80708821E-06
   133.070023        -4.88154637E-06
   133.196823        -5.70986958E-06
   133.323608        -6.27058307E-06
   133.450409        -6.54801852E-06
   133.577194        -6.53239113E-06
   133.703995        -6.21976869E-06
   133.830780        -5.61191609E-06
   133.957581        -4.71604062E-06
   134.084366        -3.54446365E-06
   134.211166        -2.11422116E-06
   134.337952        -4.46629684E-07
   134.464752         1.43317425E-06
   134.591537         3.49671313E-06
   134.718338         5.71264400E-06
   134.845123         8.04722549E-06
   134.971924         1.04647715E-05
   135.098709         1.29281070E-05
   135.225510         1.53989986E-05
   135.352295         1.78385835E-05
   135.479095         2.02077972E-05
   135.605881         2.24678133E-05
   135.732666         2.45804749E-05
   135.859467         2.65087729E-05
   135.986252         2.82173114E-05
   136.113052         2.96728194E-05
   136.239838         3.08446542E-05
   136.366638         3.17053527E-05
   136.493423         3.22311644E-05
   136.620224         3.24025750E-05
   136.747009         3.22048545E-05
   136.873810         3.16285004E-05
   137.000595         3.06697002E-05
   137.127396         2.93306912E-05
   137.254181         2.76200299E-05
   137.380981         2.55527793E-05
   137.507767         2.31505601E-05
   137.634567         2.04414791E-05
   137.761353         1.74599027E-05
   137.888153         1.42461085E-05
   138.014938         1.08457571E-05
   138.141739         7.30924330E-06
   138.268524         3.69089503E-06
   138.395325         4.80626134E-08
   138.522110        -3.55990642E-06
   138.648911        -7.07277104E-06
   138.775696        -1.04305491E-05
   138.902496        -1.35747114E-05
   139.029282        -1.64493649E-05
   139.156082        -1.90023929E-05
   139.282867        -2.11865736E-05
   139.409653        -2.29605612E-05
   139.536453        -2.42897895E-05
   139.663239        -2.51472138E-05
   139.790039        -2.55139403E-05
   139.916824        -2.53796225E-05
   140.043625        -2.47427361E-05
   140.170410        -2.36106353E-05
   140.297211        -2.19994545E-05
   140.423996        -1.99337992E-05
   140.550797        -1.74462712E-05
   140.677582        -1.45768918E-05
   140.804382        -1.13722763E-05
   140.931168        -7.88480975E-06
   141.057968        -4.17162073E-06
   141.184753        -2.93533191E-07
   141.311554         3.68606334E-06
   141.438339         7.70237239E-06
   141.565140         1.16903611E-05
   141.691925         1.55859270E-05
   141.818726         1.93270498E-05
   141.945511         2.28548452E-05
   142.072311         2.61146397E-05
   142.199097         2.90568732E-05
   142.325897         3.16379519E-05
   142.452682         3.38209684E-05
   142.579483         3.55763223E-05
   142.706268         3.68821857E-05
   142.833069         3.77247925E-05
   142.959854         3.80986421E-05
   143.086655         3.80064957E-05
   143.213440         3.74592055E-05
   143.340225         3.64754414E-05
   143.467026         3.50812115E-05
   143.593811         3.33092539E-05
   143.720612         3.11982658E-05
   143.847397         2.87921011E-05
   143.974197         2.61387049E-05
   144.100983         2.32891216E-05
   144.227783         2.02963492E-05
   144.354568         1.72141554E-05
   144.481369         1.40959546E-05
   144.608154         1.09936200E-05
   144.734955         7.95640426E-06
   144.861740         5.02990633E-06
   144.988541         2.25515714E-06
   145.115326        -3.32177876E-07
   145.242126        -2.70243572E-06
   145.368912        -4.83241320E-06
   145.495712        -6.70569170E-06
   145.622498        -8.31269790E-06
   145.749298        -9.65064646E-06
   145.876083        -1.07232636E-05
   146.002884        -1.15403300E-05
   146.129669        -1.21171061E-05
   146.256470        -1.24735807E-05
   146.383255        -1.26336317E-05
   146.510056        -1.26240957E-05
   146.636841        -1.24737990E-05
   146.763641        -1.22125421E-05
   146.890427        -1.18701109E-05
   147.017212        -1.14753420E-05
   147.144012        -1.10552055E-05
   147.270798        -1.06340340E-05
   147.397598        -1.02328277E-05
   147.524384        -9.86870054E-06
   147.651184        -9.55447013E-06
   147.777969        -9.29838188E-06
   147.904770        -9.10399467E-06
   148.031555        -8.97022619E-06
   148.158356        -8.89148669E-06
   148.285141        -8.85803183E-06
   148.411942        -8.85635836E-06
   148.538727        -8.86972066E-06
   148.665527        -8.87877013E-06
   148.792313        -8.86221005E-06
   148.919113        -8.79752679E-06
   149.045898        -8.66173286E-06
   149.172699        -8.43211365E-06
   149.299484        -8.08695404E-06
   149.426285        -7.60624516E-06
   149.553070        -6.97229734E-06
   149.679871        -6.17031901E-06
   149.806656        -5.18888055E-06
   149.933456        -4.02031355E-06
   150.060242        -2.66096345E-06
   150.187042        -1.11136160E-06
   150.313828         6.23714698E-07
   150.440628         2.53530152E-06
   150.567413         4.61039872E-06
   150.694214         6.83222106E-06
   150.820999         9.18050864E-06
   150.947784         1.16319416E-05
   151.074585         1.41605678E-05
   151.201370         1.67382932E-05
   151.328171         1.93353953E-05
   151.454956         2.19210306E-05
   151.581757         2.44637449E-05
   151.708542         2.69320062E-05
   151.835342         2.92946334E-05
   151.962128         3.15213074E-05
   152.088928         3.35829282E-05
   152.215714         3.54520162E-05
   152.342514         3.71030874E-05
   152.469299         3.85129097E-05
   152.596100         3.96607866E-05
   152.722885         4.05288047E-05
   152.849686         4.11020374E-05
   152.976471         4.13686867E-05
   153.103271         4.13202797E-05
   153.230057         4.09517852E-05
   153.356857         4.02616715E-05
   153.483643         3.92520415E-05
   153.610443         3.79286248E-05
   153.737228         3.63008658E-05
   153.864029         3.43818137E-05
   153.990814         3.21881671E-05
   154.117615         2.97401002E-05
   154.244400         2.70611672E-05
   154.371201         2.41780945E-05
   154.497986         2.11205133E-05
   154.624771         1.79206763E-05
   154.751572         1.46130687E-05
   154.878357         1.12339931E-05
   155.005157         7.82108418E-06
   155.131943         4.41278416E-06
   155.258743         1.04777621E-06
   155.385529        -2.23563143E-06
   155.512329        -5.40011524E-06
   155.639114        -8.40997200E-06
   155.765915        -1.12317502E-05
   155.892700        -1.38348541E-05
   156.019501        -1.61921071E-05
   156.146286        -1.82802814E-05
   156.273087        -2.00805407E-05
   156.399872        -2.15788186E-05
   156.526672        -2.27660548E-05
   156.653458        -2.36383839E-05
   156.780258        -2.41971629E-05
   156.907043        -2.44488820E-05
   157.033844        -2.44049643E-05
   157.160629        -2.40814225E-05
   157.287430        -2.34984000E-05
   157.414215        -2.26796383E-05
   157.541016        -2.16517983E-05
   157.667801        -2.04437692E-05
   157.794601        -1.90858864E-05
   157.921387        -1.76091289E-05
   158.048187        -1.60443433E-05
   158.174973        -1.44214609E-05
   158.301773        -1.27687927E-05
   158.428558        -1.11123645E-05
   158.555344        -9.47540138E-06
   158.682144        -7.87786030E-06
   158.808929        -6.33615400E-06
   158.935730        -4.86295130E-06
   159.062515        -3.46715478E-06
   159.189316        -2.15398381E-06
   159.316101        -9.25194342E-07
   159.442902         2.20603667E-07
   159.569687         1.28753447E-06
   159.696487         2.28198064E-06
   159.823273         3.21206949E-06
   159.950073         4.08713640E-06
   160.076859         4.91719265E-06
   160.203659         5.71244709E-06
