  -4.50000000         0.00000000    
  -4.37320757         0.00000000    
  -4.24641466         0.00000000    
  -4.11962223         0.00000000    
  -3.99282932         0.00000000    
  -3.86603665         0.00000000    
  -3.73924398         1.56340866E-32
  -3.61245155         1.73051271E-31
  -3.48565888         3.44715623E-31
  -3.35886621        -5.34902075E-31
  -3.23207355        -8.07420550E-30
  -3.10528088        -4.85249154E-29
  -2.97848821        -1.89097046E-28
  -2.85169554        -4.46619447E-28
  -2.72490287        -5.99603525E-28
  -2.59811020         1.94890075E-28
  -2.47131753         3.60696981E-27
  -2.34452486         1.14059133E-26
  -2.21773219         2.27761877E-26
  -2.09093952         2.94534870E-26
  -1.96414697         1.11303621E-26
  -1.83735430        -6.19379440E-26
  -1.71056163        -2.08078926E-25
  -1.58376896        -3.85315362E-25
  -1.45697629        -4.17970703E-25
  -1.33018374         6.81083708E-26
  -1.20339108         1.62755208E-24
  -1.07659841         4.78836676E-24
 -0.949805737         9.56278094E-24
 -0.823013067         1.46841977E-23
 -0.696220458         1.67903648E-23
 -0.569427788         1.00652672E-23
 -0.442635119        -1.28869824E-23
 -0.315842479        -5.81310970E-23
 -0.189049825        -1.25078087E-22
  -6.22571707E-02    -1.99439827E-22
   6.45354837E-02    -2.46799716E-22
  0.191328138        -2.10978691E-22
  0.318120778        -2.25894690E-23
  0.444913447         3.77373210E-22
  0.571706116         9.97467838E-22
  0.698498726         1.74463579E-21
  0.825291395         2.37678474E-21
  0.952084064         2.48368128E-21
   1.07887673         1.52636300E-21
   1.20566940        -1.03834835E-21
   1.33246195        -5.53908734E-21
   1.45925462        -1.18003559E-20
   1.58604729        -1.88490002E-20
   1.71283996        -2.47266903E-20
   1.83963263        -2.65439706E-20
   1.96642530        -2.08995583E-20
   2.09321785        -4.72416459E-21
   2.22001052         2.35115766E-20
   2.34680319         6.24449889E-20
   2.47359586         1.06704942E-19
   2.60038853         1.46516511E-19
   2.72718120         1.68502429E-19
   2.85397387         1.57985138E-19
   2.98076653         1.02751387E-19
   3.10755920        -2.22950217E-21
   3.23435187        -1.50136642E-19
   3.36114454        -3.19053799E-19
   3.48793697        -4.71618474E-19
   3.61472964        -5.58718731E-19
   3.74152231        -5.27641607E-19
   3.86831498        -3.33979342E-19
   3.99510765         4.46256993E-20
   4.12190056         5.95845596E-19
   4.24869299         1.26457821E-18
   4.37548542         1.95253833E-18
   4.50227833         2.52746959E-18
   4.62907076         2.84200792E-18
   4.75586367         2.75997786E-18
   4.88265610         2.18588081E-18
   5.00944901         1.09205139E-18
   5.13624144        -4.62182566E-19
   5.26303434        -2.32392981E-18
   5.38982677        -4.25535208E-18
   5.51661968        -5.95760334E-18
   5.64341211        -7.10801181E-18
   5.77020502        -7.40671583E-18
   5.89699745        -6.62808534E-18
   6.02379036        -4.67179078E-18
   6.15058279        -1.60793654E-18
   6.27737522         2.29015706E-18
   6.40416813         6.53309688E-18
   6.53096056         1.04310147E-17
   6.65775347         1.31455948E-17
   6.78454590         1.37831856E-17
   6.91133881         1.15267329E-17
   7.03813124         5.79400232E-18
   7.16492414        -3.60190586E-18
   7.29171658        -1.63231620E-17
   7.41850948        -3.14453372E-17
   7.54530191        -4.74926576E-17
   7.67209482        -6.25821624E-17
   7.79888725        -7.46618184E-17
   7.92567968        -8.17982894E-17
   8.05247211        -8.24468784E-17
   8.17926502        -7.56282168E-17
   8.30605793        -6.09511012E-17
   8.43285084        -3.84592100E-17
   8.55964279        -8.33607723E-18
   8.68643570         2.94373926E-17
   8.81322861         7.53303656E-17
   8.94002151         1.30258646E-16
   9.06681347         1.95205135E-16
   9.19360638         2.70422389E-16
   9.32039928         3.54296518E-16
   9.44719219         4.42092568E-16
   9.57398415         5.24925058E-16
   9.70077705         5.89369548E-16
   9.82756996         6.18115993E-16
   9.95436192         5.91943628E-16
   10.0811548         4.93078419E-16
   10.2079477         3.09683239E-16
   10.3347406         4.09016924E-17
   10.4615326        -2.98433530E-16
   10.5883255        -6.74519970E-16
   10.7151184        -1.03385888E-15
   10.8419113        -1.30603724E-15
   10.9687033        -1.41057053E-15
   11.0954962        -1.26775908E-15
   11.2222891        -8.12789840E-16
   11.3490820        -1.15572070E-17
   11.4758739         1.12395364E-15
   11.6026669         2.52328637E-15
   11.7294598         4.05075592E-15
   11.8562517         5.50656161E-15
   11.9830446         6.63725658E-15
   12.1098375         7.15591899E-15
   12.2366304         6.77107804E-15
   12.3634224         5.22209365E-15
   12.4902153         2.31758231E-15
   12.6170082        -2.02729946E-15
   12.7438011        -7.75904880E-15
   12.8705931        -1.46635396E-14
   12.9973860        -2.23563962E-14
   13.1241789        -3.02879331E-14
   13.2509708        -3.77631073E-14
   13.3777637        -4.39756535E-14
   13.5045567        -4.80544458E-14
   13.6313496        -4.91195321E-14
   13.7581415        -4.63450011E-14
   13.8849344        -3.90262672E-14
   14.0117273        -2.66491016E-14
   14.1385202        -8.95874730E-15
   14.2653122         1.39734212E-14
   14.3921051         4.16884646E-14
   14.5188980         7.32879604E-14
   14.6456909         1.07397401E-13
   14.7724829         1.42153054E-13
   14.8992758         1.75221057E-13
   15.0260687         2.03859770E-13
   15.1528606         2.25033113E-13
   15.2796535         2.35582170E-13
   15.4064465         2.32455141E-13
   15.5332394         2.12989918E-13
   15.6600313         1.75233770E-13
   15.7868242         1.18276875E-13
   15.9136171         4.25664617E-14
   16.0404091        -4.98370029E-14
   16.1672020        -1.55101951E-13
   16.2939949        -2.67606602E-13
   16.4207878        -3.80088918E-13
   16.5475807        -4.83985844E-13
   16.6743736        -5.69964052E-13
   16.8011646        -6.28624648E-13
   16.9279575        -6.51344918E-13
   17.0547504        -6.31199899E-13
   17.1815434        -5.63891056E-13
   17.3083363        -4.48597675E-13
   17.4351292        -2.88662350E-13
   17.5619221        -9.20225674E-14
   17.6887150         1.28693036E-13
   17.8155060         3.56467948E-13
   17.9422989         5.70648726E-13
   18.0690918         7.48162979E-13
   18.1958847         8.65191816E-13
   18.3226776         8.99249967E-13
   18.4494705         8.31578567E-13
   18.5762634         6.49712434E-13
   18.7030544         3.50034346E-13
   18.8298473        -5.99120498E-14
   18.9566402        -5.59621956E-13
   19.0834332        -1.11461751E-12
   19.2102261        -1.67650496E-12
   19.3370190        -2.18433344E-12
   19.4638119        -2.56741785E-12
   19.5906048        -2.74969587E-12
   19.7173958        -2.65552641E-12
   19.8441887        -2.21670577E-12
   19.9709816        -1.38032489E-12
   20.0977745        -1.16914196E-13
   20.2245674         1.57176572E-12
   20.3513603         3.64602792E-12
   20.4781532         6.02340790E-12
   20.6049442         8.57638786E-12
   20.7317371         1.11333061E-11
   20.8585300         1.34829491E-11
   20.9853230         1.53830681E-11
   21.1121159         1.65728264E-11
   21.2389088         1.67890112E-11
   21.3657017         1.57853505E-11
   21.4924946         1.33541893E-11
   21.6192856         9.34933901E-12
   21.7460785         3.70873731E-12
   21.8728714        -3.52470657E-12
   21.9996643        -1.21858782E-11
   22.1264572        -2.19756591E-11
   22.2532501        -3.24564091E-11
   22.3800430        -4.30562773E-11
   22.5068340        -5.30837770E-11
   22.6336269        -6.17531859E-11
   22.7604198        -6.82212203E-11
   22.8872128        -7.16338655E-11
   23.0140057        -7.11825252E-11
   23.1407986        -6.61660726E-11
   23.2675915        -5.60566212E-11
   23.3943844        -4.05638648E-11
   23.5211754        -1.96940866E-11
   23.6479683         6.20139443E-12
   23.7747612         3.63931177E-11
   23.9015541         6.97603780E-11
   24.0283470         1.04801737E-10
   24.1551399         1.39671538E-10
   24.2819328         1.72244247E-10
   24.4087238         2.00205297E-10
   24.5355167         2.21166668E-10
   24.6623096         2.32802694E-10
   24.7891026         2.33000230E-10
   24.9158955         2.20015589E-10
   25.0426884         1.92629190E-10
   25.1694813         1.50287643E-10
   25.2962742         9.32250041E-11
   25.4230652         2.25508796E-11
   25.5498581        -5.97014105E-11
   25.6766510        -1.50575788E-10
   25.8034439        -2.46247106E-10
   25.9302368        -3.42131906E-10
   26.0570297        -4.33054703E-10
   26.1838226        -5.13467324E-10
   26.3106136        -5.77713100E-10
   26.4374065        -6.20327123E-10
   26.5641994        -6.36358743E-10
   26.6909924        -6.21698915E-10
   26.8177853        -5.73400327E-10
   26.9445782        -4.89962071E-10
   27.0713711        -3.71571329E-10
   27.1981640        -2.20274063E-10
   27.3249550        -4.00654405E-11
   27.4517479         1.63118657E-10
   27.5785408         3.81513210E-10
   27.7053337         6.05749673E-10
   27.8321266         8.25189250E-10
   27.9589195         1.02835862E-09
   28.0857124         1.20347854E-09
   28.2125034         1.33905842E-09
   28.3392963         1.42453549E-09
   28.4660892         1.45092915E-09
   28.5928822         1.41146861E-09
   28.7196751         1.30216049E-09
   28.8464680         1.12226062E-09
   28.9732609         8.74603168E-10
   29.1000538         5.65768599E-10
   29.2268448         2.06047263E-10
   29.3536377        -1.90795157E-10
   29.4804306        -6.07988604E-10
   29.6072235        -1.02642095E-09
   29.7340164        -1.42550838E-09
   29.8608093        -1.78421700E-09
   29.9876022        -2.08219220E-09
   30.1143932        -2.30095143E-09
   30.2411861        -2.42505682E-09
   30.3679790        -2.44321186E-09
   30.4947720        -2.34919373E-09
   30.6215649        -2.14256746E-09
   30.7483578        -1.82910931E-09
   30.8751507        -1.42089540E-09
   31.0019417        -9.36015931E-10
   31.1287346        -3.97921696E-10
   31.2555275         1.65622779E-10
   31.3823204         7.23891558E-10
   31.5091133         1.24486843E-09
   31.6359062         1.69708170E-09
   31.7626991         2.05156758E-09
   31.8894920         2.28380581E-09
   32.0162849         2.37554199E-09
   32.1430779         2.31634956E-09
   32.2698708         2.10483342E-09
   32.3966637         1.74937986E-09
   32.5234528         1.26835520E-09
   32.6502457         6.89722890E-10
   32.7770386         5.00538638E-11
   32.9038315        -6.07062289E-10
   33.0306244        -1.23312349E-09
   33.1574173        -1.77729143E-09
   33.2842102        -2.18928409E-09
   33.4110031        -2.42245202E-09
   33.5377960        -2.43686693E-09
   33.6645889        -2.20226393E-09
   33.7913818        -1.70065562E-09
   33.9181747        -9.28418731E-10
   34.0449677         1.02216770E-10
   34.1717606         1.36248257E-09
   34.2985535         2.80716939E-09
   34.4253426         4.37566960E-09
   34.5521355         5.99383343E-09
   34.6789284         7.57666374E-09
   34.8057213         9.03173802E-09
   34.9325142         1.02631921E-08
   35.0593071         1.11761196E-08
   35.1861000         1.16811787E-08
   35.3128929         1.16991714E-08
   35.4396858         1.11654304E-08
   35.5664787         1.00337019E-08
   35.6932716         8.27944646E-09
   35.8200645         5.90228577E-09
   35.9468575         2.92750735E-09
   36.0736504        -5.93455673E-10
   36.2004433        -4.58364680E-09
   36.3272324        -8.94227803E-09
   36.4540253        -1.35474281E-08
   36.5808182        -1.82596995E-08
   36.7076111        -2.29266490E-08
   36.8344040        -2.73877525E-08
   36.9611969        -3.14799422E-08
   37.0879898        -3.50431542E-08
   37.2147827        -3.79259717E-08
   37.3415756        -3.99909865E-08
   37.4683685        -4.11197689E-08
   37.5951614        -4.12172021E-08
   37.7219543        -4.02150313E-08
   37.8487473        -3.80746350E-08
   37.9755402        -3.47887870E-08
   38.1023293        -3.03824592E-08
   38.2291222        -2.49126426E-08
   38.3559151        -1.84672597E-08
   38.4827080        -1.11631531E-08
   38.6095009        -3.14328297E-09
   38.7362938         5.42667777E-09
   38.8630867         1.43624224E-08
   38.9898796         2.34654021E-08
   39.1166725         3.25275877E-08
   39.2434654         4.13363175E-08
   39.3702583         4.96792865E-08
   39.4970512         5.73492507E-08
   39.6238441         6.41488356E-08
   39.7506371         6.98948242E-08
   39.8774300         7.44223101E-08
   40.0042191         7.75883464E-08
   40.1310120         7.92752601E-08
   40.2578049         7.93934589E-08
   40.3845978         7.78838967E-08
   40.5113907         7.47198143E-08
   40.6381836         6.99083103E-08
   40.7649765         6.34911217E-08
   40.8917694         5.55450086E-08
   41.0185623         4.61814125E-08
   41.1453552         3.55455967E-08
   41.2721481         2.38149553E-08
   41.3989410         1.11965335E-08
   41.5257339        -2.07632622E-09
   41.6525269        -1.57483626E-08
   41.7793198        -2.95478699E-08
   41.9061089        -4.31933458E-08
   42.0329018        -5.64012979E-08
   42.1596947        -6.88955026E-08
   42.2864876        -8.04172231E-08
   42.4132805        -9.07369682E-08
   42.5400734        -9.96670977E-08
   42.6668663        -1.07075579E-07
   42.7936592        -1.12900359E-07
   42.9204521        -1.17164319E-07
   43.0472450        -1.19990446E-07
   43.1740379        -1.21616722E-07
   43.3008308        -1.22410754E-07
   43.4276237        -1.22883023E-07
   43.5544167        -1.23699024E-07
   43.6812096        -1.25689596E-07
   43.8079987        -1.29858691E-07
   43.9347916        -1.37388668E-07
   44.0615845        -1.49642318E-07
   44.1883774        -1.68161279E-07
   44.3151703        -1.94660799E-07
   44.4419632        -2.31019840E-07
   44.5687561        -2.79267169E-07
   44.6955490        -3.41563151E-07
   44.8223419        -4.20175041E-07
   44.9491348        -5.17449507E-07
   45.0759277        -6.35779543E-07
   45.2027206        -7.77566981E-07
   45.3295135        -9.45179238E-07
   45.4563065        -1.14090403E-06
   45.5830994        -1.36690005E-06
   45.7098885        -1.62514357E-06
   45.8366814        -1.91737399E-06
   45.9634743        -2.24504060E-06
   46.0902672        -2.60924207E-06
   46.2170601        -3.01067757E-06
   46.3438530        -3.44958949E-06
   46.4706459        -3.92572156E-06
   46.5974388        -4.43827321E-06
   46.7242317        -4.98586132E-06
   46.8510246        -5.56650821E-06
   46.9778175        -6.17761134E-06
   47.1046104        -6.81594975E-06
   47.2314034        -7.47768991E-06
   47.3581963        -8.15841486E-06
   47.4849892        -8.85316513E-06
   47.6117783        -9.55649466E-06
   47.7385712        -1.02625363E-05
   47.8653641        -1.09650955E-05
   47.9921570        -1.16577667E-05
   48.1189499        -1.23340196E-05
   48.2457428        -1.29873442E-05
   48.3725357        -1.36113804E-05
   48.4993286        -1.42000654E-05
   48.6261215        -1.47477667E-05
   48.7529144        -1.52494158E-05
   48.8797073        -1.57006762E-05
   49.0065002        -1.60980217E-05
   49.1332932        -1.64388821E-05
   49.2600861        -1.67217258E-05
   49.3868790        -1.69461327E-05
   49.5136681        -1.71128449E-05
   49.6404610        -1.72237924E-05
   49.7672539        -1.72820783E-05
   49.8940468        -1.72919572E-05
   50.0208397        -1.72587424E-05
   50.1476326        -1.71887532E-05
   50.2744255        -1.70891526E-05
   50.4012184        -1.69678260E-05
   50.5280113        -1.68331953E-05
   50.6548042        -1.66940390E-05
   50.7815971        -1.65593065E-05
   50.9083900        -1.64378798E-05
   51.0351830        -1.63383938E-05
   51.1619759        -1.62690121E-05
   51.2887688        -1.62372398E-05
   51.4155579        -1.62497308E-05
   51.5423508        -1.63121458E-05
   51.6691437        -1.64289904E-05
   51.7959366        -1.66035261E-05
   51.9227295        -1.68376773E-05
   52.0495224        -1.71319898E-05
   52.1763153        -1.74856232E-05
   52.3031082        -1.78963746E-05
   52.4299011        -1.83607153E-05
   52.5566940        -1.88739032E-05
   52.6834869        -1.94300719E-05
   52.8102798        -2.00223785E-05
   52.9370728        -2.06431669E-05
   53.0638657        -2.12841260E-05
   53.1906586        -2.19364883E-05
   53.3174477        -2.25912099E-05
   53.4442406        -2.32391558E-05
   53.5710335        -2.38712928E-05
   53.6978264        -2.44788698E-05
   53.8246193        -2.50535850E-05
   53.9514122        -2.55877167E-05
   54.0782051        -2.60742781E-05
   54.2049980        -2.65071321E-05
   54.3317909        -2.68810672E-05
   54.4585838        -2.71918998E-05
   54.5853767        -2.74365011E-05
   54.7121696        -2.76128521E-05
   54.8389626        -2.77200415E-05
   54.9657555        -2.77582840E-05
   55.0925484        -2.77288837E-05
   55.2193375        -2.76342089E-05
   55.3461304        -2.74776503E-05
   55.4729233        -2.72635589E-05
   55.5997162        -2.69971624E-05
   55.7265091        -2.66845182E-05
   55.8533020        -2.63324036E-05
   55.9800949        -2.59482222E-05
   56.1068878        -2.55399009E-05
   56.2336807        -2.51157799E-05
   56.3604736        -2.46844902E-05
   56.4872665        -2.42548376E-05
   56.6140594        -2.38356533E-05
   56.7408524        -2.34356758E-05
   56.8676453        -2.30634159E-05
   56.9944382        -2.27269848E-05
   57.1212273        -2.24339965E-05
   57.2480202        -2.21913979E-05
   57.3748131        -2.20053789E-05
   57.5016060        -2.18812002E-05
   57.6283989        -2.18231489E-05
   57.7551918        -2.18344067E-05
   57.8819847        -2.19170070E-05
   58.0087776        -2.20717702E-05
   58.1355705        -2.22983053E-05
   58.2623634        -2.25950080E-05
   58.3891563        -2.29590933E-05
   58.5159492        -2.33866649E-05
   58.6427422        -2.38728062E-05
   58.7695351        -2.44116818E-05
   58.8963280        -2.49966906E-05
   59.0231171        -2.56206185E-05
   59.1499100        -2.62758003E-05
   59.2767029        -2.69542961E-05
   59.4034958        -2.76480750E-05
   59.5302887        -2.83491772E-05
   59.6570816        -2.90498865E-05
   59.7838745        -2.97428614E-05
   59.9106674        -3.04212717E-05
   60.0374603        -3.10788964E-05
   60.1642532        -3.17101476E-05
   60.2910461        -3.23101631E-05
   60.4178391        -3.28747446E-05
   60.5446320        -3.34003671E-05
   60.6714249        -3.38840800E-05
   60.7982178        -3.43234424E-05
   60.9250069        -3.47163914E-05
   61.0517998        -3.50611117E-05
   61.1785927        -3.53559153E-05
   61.3053856        -3.55990887E-05
   61.4321785        -3.57888057E-05
   61.5589714        -3.59229562E-05
   61.6857643        -3.59991282E-05
   61.8125572        -3.60145277E-05
   61.9393501        -3.59659716E-05
   62.0661430        -3.58499128E-05
   62.1929359        -3.56625387E-05
   62.3197289        -3.53998657E-05
   62.4465218        -3.50579103E-05
   62.5733147        -3.46328852E-05
   62.7001076        -3.41214472E-05
   62.8268967        -3.35209297E-05
   62.9536896        -3.28296155E-05
   63.0804825        -3.20470281E-05
   63.2072754        -3.11741751E-05
   63.3340683        -3.02137887E-05
   63.4608612        -2.91705564E-05
   63.5876541        -2.80512540E-05
   63.7144470        -2.68648710E-05
   63.8412399        -2.56226540E-05
   63.9680328        -2.43381037E-05
   64.0948257        -2.30268270E-05
   64.2216187        -2.17064080E-05
   64.3484116        -2.03961536E-05
   64.4752045        -1.91167619E-05
   64.6019974        -1.78899645E-05
   64.7287903        -1.67380858E-05
   64.8555832        -1.56835722E-05
   64.9823761        -1.47484971E-05
   65.1091690        -1.39540634E-05
   65.2359619        -1.33200656E-05
   65.3627548        -1.28644388E-05
   65.4895477        -1.26027890E-05
   65.6163330        -1.25479928E-05
   65.7431259        -1.27098765E-05
   65.8699188        -1.30949402E-05
   65.9967117        -1.37061907E-05
   66.1235046        -1.45430504E-05
   66.2502975        -1.56013703E-05
   66.3770905        -1.68735205E-05
   66.5038834        -1.83485881E-05
   66.6306763        -2.00126451E-05
   66.7574692        -2.18490823E-05
   66.8842621        -2.38390312E-05
   67.0110550        -2.59617973E-05
   67.1378479        -2.81953508E-05
   67.2646408        -3.05168433E-05
   67.3914337        -3.29030590E-05
   67.5182266        -3.53309224E-05
   67.6450195        -3.77779470E-05
   67.7718124        -4.02225996E-05
   67.8986053        -4.26446568E-05
   68.0253983        -4.50254593E-05
   68.1521912        -4.73481123E-05
   68.2789841        -4.95975546E-05
   68.4057770        -5.17606532E-05
   68.5325699        -5.38260865E-05
   68.6593628        -5.57842723E-05
   68.7861557        -5.76271632E-05
   68.9129486        -5.93480327E-05
   69.0397415        -6.09412127E-05
   69.1665344        -6.24017703E-05
   69.2933273        -6.37252815E-05
   69.4201126        -6.49075228E-05
   69.5469055        -6.59441866E-05
   69.6736984        -6.68307111E-05
   69.8004913        -6.75621195E-05
   69.9272842        -6.81328893E-05
   70.0540771        -6.85369596E-05
   70.1808701        -6.87677020E-05
   70.3076630        -6.88181972E-05
   70.4344559        -6.86812564E-05
   70.5612488        -6.83497929E-05
   70.6880417        -6.78170400E-05
   70.8148346        -6.70770532E-05
   70.9416275        -6.61249796E-05
   71.0684204        -6.49575086E-05
   71.1952133        -6.35733304E-05
   71.3220062        -6.19735074E-05
   71.4487991        -6.01617758E-05
   71.5755920        -5.81449458E-05
   71.7023849        -5.59331820E-05
   71.8291779        -5.35401086E-05
   71.9559708        -5.09829260E-05
   72.0827637        -4.82824726E-05
   72.2095566        -4.54630936E-05
   72.3363495        -4.25525031E-05
   72.4631424        -3.95814932E-05
   72.5899353        -3.65835804E-05
   72.7167282        -3.35946133E-05
   72.8435211        -3.06522452E-05
   72.9703140        -2.77954041E-05
   73.0971069        -2.50637095E-05
   73.2238922        -2.24968480E-05
   73.3506851        -2.01339572E-05
   73.4774780        -1.80130191E-05
   73.6042709        -1.61702283E-05
   73.7310638        -1.46394386E-05
   73.8578568        -1.34516195E-05
   73.9846497        -1.26343657E-05
   74.1114426        -1.22114607E-05
   74.2382355        -1.22025076E-05
   74.3650284        -1.26226023E-05
   74.4918213        -1.34820948E-05
   74.6186142        -1.47863957E-05
   74.7454071        -1.65358506E-05
   74.8722000        -1.87256792E-05
   74.9989929        -2.13459643E-05
   75.1257858        -2.43817176E-05
   75.2525787        -2.78129792E-05
   75.3793716        -3.16149672E-05
   75.5061646        -3.57583122E-05
   75.6329575        -4.02093101E-05
   75.7597504        -4.49301951E-05
   75.8865433        -4.98795744E-05
   76.0133362        -5.50127224E-05
   76.1401291        -6.02821128E-05
   76.2669220        -6.56377961E-05
   76.3937149        -7.10280219E-05
   76.5205078        -7.63996795E-05
   76.6473007        -8.16988686E-05
   76.7740936        -8.68714997E-05
   76.9008865        -9.18638616E-05
   77.0276718        -9.66231601E-05
   77.1544647        -1.01098121E-04
   77.2812576        -1.05239465E-04
   77.4080505        -1.09000430E-04
   77.5348434        -1.12337249E-04
   77.6616364        -1.15209514E-04
   77.7884293        -1.17580552E-04
   77.9152222        -1.19417680E-04
   78.0420151        -1.20692428E-04
   78.1688080        -1.21380719E-04
   78.2956009        -1.21462879E-04
   78.4223938        -1.20923803E-04
   78.5491867        -1.19752818E-04
   78.6759796        -1.17943673E-04
   78.8027725        -1.15494440E-04
   78.9295654        -1.12407346E-04
   79.0563583        -1.08688779E-04
   79.1831512        -1.04349019E-04
   79.3099442        -9.94022121E-05
   79.4367371        -9.38661251E-05
   79.5635300        -8.77622806E-05
   79.6903229        -8.11157370E-05
   79.8171158        -7.39550669E-05
   79.9439087        -6.63123501E-05
   80.0707016        -5.82231551E-05
   80.1974945        -4.97265428E-05
   80.3242874        -4.08649685E-05
   80.4510803        -3.16842743E-05
   80.5778732        -2.22336148E-05
   80.7046585        -1.25652550E-05
   80.8314514        -2.73436649E-06
   80.9582443         7.20127491E-06
   81.0850372         1.71816937E-05
   81.2118301         2.71451809E-05
   81.3386230         3.70289272E-05
   81.4654160         4.67696555E-05
   81.5922089         5.63044523E-05
   81.7190018         6.55716212E-05
   81.8457947         7.45115467E-05
   81.9725876         8.30677382E-05
   82.0993805         9.11877432E-05
   82.2261734         9.88241227E-05
   82.3529663         1.05935411E-04
   82.4797592         1.12486894E-04
   82.6065521         1.18451389E-04
   82.7333450         1.23809907E-04
   82.8601379         1.28551925E-04
   82.9869308         1.32675850E-04
   83.1137238         1.36189003E-04
   83.2405167         1.39107316E-04
   83.3673096         1.41455195E-04
   83.4941025         1.43264770E-04
   83.6208954         1.44575097E-04
   83.7476883         1.45431171E-04
   83.8744812         1.45882877E-04
   84.0012741         1.45983533E-04
   84.1280670         1.45788625E-04
   84.2548599         1.45354250E-04
   84.3816528         1.44735706E-04
   84.5084381         1.43986108E-04
   84.6352310         1.43154961E-04
   84.7620239         1.42286925E-04
   84.8888168         1.41420736E-04
   85.0156097         1.40588323E-04
   85.1424026         1.39814118E-04
   85.2691956         1.39114549E-04
   85.3959885         1.38498013E-04
   85.5227814         1.37964700E-04
   85.6495743         1.37507115E-04
   85.7763672         1.37110474E-04
   85.9031601         1.36753530E-04
   86.0299530         1.36409522E-04
   86.1567459         1.36047223E-04
   86.2835388         1.35632159E-04
   86.4103317         1.35128037E-04
   86.5371246         1.34497852E-04
   86.6639175         1.33705442E-04
   86.7907104         1.32716639E-04
   86.9175034         1.31500390E-04
   87.0442963         1.30030065E-04
   87.1710892         1.28284140E-04
   87.2978821         1.26247105E-04
   87.4246750         1.23909995E-04
   87.5514679         1.21270808E-04
   87.6782608         1.18334610E-04
   87.8050537         1.15113660E-04
   87.9318466         1.11627080E-04
   88.0586395         1.07900603E-04
   88.1854324         1.03965962E-04
   88.3122177         9.98602700E-05
   88.4390106         9.56252043E-05
   88.5658035         9.13061886E-05
   88.6925964         8.69513242E-05
   88.8193893         8.26105315E-05
   88.9461823         7.83344367E-05
   89.0729752         7.41734329E-05
   89.1997681         7.01766257E-05
   89.3265610         6.63909232E-05
   89.4533539         6.28601629E-05
   89.5801468         5.96242789E-05
   89.7069397         5.67187089E-05
   89.8337326         5.41736335E-05
   89.9605255         5.20136236E-05
   90.0873184         5.02572730E-05
   90.2141113         4.89169397E-05
   90.3409042         4.79987066E-05
   90.4676971         4.75023990E-05
   90.5944901         4.74217632E-05
   90.7212830         4.77448011E-05
   90.8480759         4.84540578E-05
   90.9748688         4.95273307E-05
   91.1016617         5.09380807E-05
   91.2284546         5.26562035E-05
   91.3552475         5.46486881E-05
   91.4820404         5.68804317E-05
   91.6088333         5.93149380E-05
   91.7356262         6.19150742E-05
   91.8624191         6.46438421E-05
   91.9892120         6.74649564E-05
   92.1159973         7.03435435E-05
   92.2427902         7.32465633E-05
   92.3695831         7.61433257E-05
   92.4963760         7.90057238E-05
   92.6231689         8.18085318E-05
   92.7499619         8.45294708E-05
   92.8767548         8.71491793E-05
   93.0035477         8.96512211E-05
   93.1303406         9.20218299E-05
   93.2571335         9.42497209E-05
   93.3839264         9.63257480E-05
   93.5107193         9.82425991E-05
   93.6375122         9.99944750E-05
   93.7643051         1.01576647E-04
   93.8910980         1.02985177E-04
   94.0178909         1.04216721E-04
   94.1446838         1.05268031E-04
   94.2714767         1.06135994E-04
   94.3982697         1.06817388E-04
   94.5250626         1.07308806E-04
   94.6518555         1.07606720E-04
   94.7786484         1.07707536E-04
   94.9054413         1.07607761E-04
   95.0322342         1.07304062E-04
   95.1590271         1.06793697E-04
   95.2858200         1.06074534E-04
   95.4126129         1.05145577E-04
   95.5394058         1.04006918E-04
   95.6661987         1.02660197E-04
   95.7929916         1.01108730E-04
   95.9197769         9.93575522E-05
   96.0465698         9.74136638E-05
   96.1733627         9.52858609E-05
   96.3001556         9.29847738E-05
   96.4269485         9.05227280E-05
   96.5537415         8.79134241E-05
   96.6805344         8.51718069E-05
   96.8073273         8.23136215E-05
   96.9341202         7.93550571E-05
   97.0609131         7.63123753E-05
   97.1877060         7.32015178E-05
   97.3144989         7.00376986E-05
   97.4412918         6.68350476E-05
   97.5680847         6.36063487E-05
   97.6948776         6.03627632E-05
   97.8216705         5.71136879E-05
   97.9484634         5.38667264E-05
   98.0752563         5.06276556E-05
   98.2020493         4.74006047E-05
   98.3288422         4.41882294E-05
   98.4556351         4.09920431E-05
   98.5824280         3.78127479E-05
   98.7092209         3.46506713E-05
   98.8360138         3.15062061E-05
   98.9628067         2.83802619E-05
   99.0895996         2.52746959E-05
   99.2163925         2.21927185E-05
   99.3431854         1.91392446E-05
   99.4699783         1.61210992E-05
   99.5967712         1.31472143E-05
   99.7235565         1.02286494E-05
   99.8503494         7.37852361E-06
   99.9771423         4.61178342E-06
   100.103935         1.94491736E-06
   100.230728        -6.04497529E-07
   100.357521        -3.01830892E-06
   100.484314        -5.27839757E-06
   100.611107        -7.36732954E-06
   100.737900        -9.26903704E-06
   100.864693        -1.09694893E-05
   100.991486        -1.24573617E-05
   101.118279        -1.37245797E-05
   101.245071        -1.47668479E-05
   101.371864        -1.55840116E-05
   101.498657        -1.61803655E-05
   101.625450        -1.65646688E-05
   101.752243        -1.67501912E-05
   101.879036        -1.67544786E-05
   102.005829        -1.65989532E-05
   102.132622        -1.63085460E-05
   102.259415        -1.59109404E-05
   102.386208        -1.54359386E-05
   102.513000        -1.49145953E-05
   102.639793        -1.43783809E-05
   102.766586        -1.38582845E-05
   102.893379        -1.33838985E-05
   103.020172        -1.29826294E-05
   103.146965        -1.26788309E-05
   103.273758        -1.24931630E-05
   103.400551        -1.24419648E-05
   103.527336        -1.25367906E-05
   103.654129        -1.27841231E-05
   103.780922        -1.31851366E-05
   103.907715        -1.37357101E-05
   104.034508        -1.44265205E-05
   104.161301        -1.52433013E-05
   104.288094        -1.61672197E-05
   104.414886        -1.71753582E-05
   104.541679        -1.82413114E-05
   104.668472        -1.93358392E-05
   104.795265        -2.04275602E-05
   104.922058        -2.14837582E-05
   105.048851        -2.24711057E-05
   105.175644        -2.33564715E-05
   105.302437        -2.41077014E-05
   105.429230        -2.46943364E-05
   105.556023        -2.50883750E-05
   105.682816        -2.52649315E-05
   105.809608        -2.52029058E-05
   105.936401        -2.48855522E-05
   106.063194        -2.43010345E-05
   106.189987        -2.34429008E-05
   106.316780        -2.23105071E-05
   106.443573        -2.09093487E-05
   106.570366        -1.92513471E-05
   106.697159        -1.73549870E-05
   106.823952        -1.52454149E-05
   106.950745        -1.29543669E-05
   107.077538        -1.05200061E-05
   107.204330        -7.98660130E-06
   107.331116        -5.40405654E-06
   107.457909        -2.82728183E-06
   107.584702        -3.15394402E-07
   107.711494         2.06923823E-06
   107.838287         4.26213910E-06
   107.965080         6.19799403E-06
   108.091873         7.81206199E-06
   108.218666         9.04170702E-06
   108.345459         9.82799156E-06
   108.472252         1.01173218E-05
   108.599045         9.86307441E-06
   108.725838         9.02717511E-06
   108.852631         7.58155011E-06
   108.979424         5.50946652E-06
   109.106216         2.80659219E-06
   109.233009        -5.18153854E-07
   109.359802        -4.44207762E-06
   109.486595        -8.92852950E-06
   109.613388        -1.39270960E-05
   109.740181        -1.93741507E-05
   109.866974        -2.51938400E-05
   109.993767        -3.12993798E-05
   110.120560        -3.75947784E-05
   110.247353        -4.39768119E-05
   110.374146        -5.03372939E-05
   110.500938        -5.65655391E-05
   110.627731        -6.25509347E-05
   110.754524        -6.81856036E-05
   110.881317        -7.33669294E-05
   111.008102        -7.80001283E-05
   111.134895        -8.20003988E-05
   111.261688        -8.52950616E-05
   111.388481        -8.78250139E-05
   111.515274        -8.95461053E-05
   111.642067        -9.04298940E-05
   111.768860        -9.04639382E-05
   111.895653        -8.96516140E-05
   112.022446        -8.80115913E-05
   112.149239        -8.55766630E-05
   112.276031        -8.23923110E-05
   112.402824        -7.85149605E-05
   112.529617        -7.40098476E-05
   112.656410        -6.89488515E-05
   112.783203        -6.34081516E-05
   112.909996        -5.74658952E-05
   113.036789        -5.12000333E-05
   113.163582        -4.46862614E-05
   113.290375        -3.79962585E-05
   113.417168        -3.11962212E-05
   113.543961        -2.43458289E-05
   113.670753        -1.74975594E-05
   113.797546        -1.06964399E-05
   113.924339        -3.98022394E-06
   114.051132         2.62007029E-06
   114.177925         9.07926005E-06
   114.304718         1.53768287E-05
   114.431511         2.14955544E-05
   114.558304         2.74199847E-05
   114.685097         3.31349256E-05
   114.811882         3.86239481E-05
   114.938675         4.38680181E-05
   115.065468         4.88444275E-05
   115.192261         5.35259605E-05
   115.319054         5.78804102E-05
   115.445847         6.18705017E-05
   115.572639         6.54542746E-05
   115.699432         6.85857594E-05
   115.826225         7.12162146E-05
   115.953018         7.32955159E-05
   116.079811         7.47740196E-05
   116.206604         7.56045192E-05
   116.333397         7.57444359E-05
   116.460190         7.51579064E-05
   116.586983         7.38179588E-05
   116.713776         7.17084040E-05
   116.840569         6.88255241E-05
   116.967361         6.51793889E-05
   117.094154         6.07948023E-05
   117.220947         5.57116618E-05
   117.347740         4.99849521E-05
   117.474533         4.36841037E-05
   117.601326         3.68919027E-05
   117.728119         2.97028564E-05
   117.854912         2.22212075E-05
   117.981705         1.45585318E-05
   118.108498         6.83105281E-06
   118.235291        -8.43168948E-07
   118.362083        -8.34714956E-06
   118.488876        -1.55678608E-05
   118.615662        -2.23989555E-05
   118.742455        -2.87432267E-05
   118.869247        -3.45147928E-05
   118.996040        -3.96407959E-05
   119.122833        -4.40626864E-05
   119.249626        -4.77370268E-05
   119.376419        -5.06357173E-05
   119.503212        -5.27457887E-05
   119.630005        -5.40686560E-05
   119.756798        -5.46190458E-05
   119.883591        -5.44234790E-05
   120.010384        -5.35185281E-05
   120.137177        -5.19488967E-05
   120.263969        -4.97653964E-05
   120.390762        -4.70229497E-05
   120.517555        -4.37786475E-05
   120.644348        -4.00901008E-05
   120.771141        -3.60138765E-05
   120.897934        -3.16043988E-05
   121.024727        -2.69130906E-05
   121.151520        -2.19879003E-05
   121.278313        -1.68731931E-05
   121.405106        -1.16099582E-05
   121.531898        -6.23631786E-06
   121.658691        -7.88255306E-07
   121.785484         4.69947008E-06
   121.912277         1.01923306E-05
   122.039070         1.56550141E-05
   122.165863         2.10504713E-05
   122.292656         2.63391321E-05
   122.419441         3.14782665E-05
   122.546234         3.64216830E-05
   122.673027         4.11196379E-05
   122.799820         4.55191839E-05
   122.926613         4.95646746E-05
   123.053406         5.31988080E-05
   123.180199         5.63637404E-05
   123.306992         5.90026102E-05
   123.433784         6.10611314E-05
   123.560577         6.24893728E-05
   123.687370         6.32435258E-05
   123.814163         6.32877054E-05
   123.940956         6.25955145E-05
   124.067749         6.11515497E-05
   124.194542         5.89525516E-05
   124.321335         5.60082517E-05
   124.448128         5.23418930E-05
   124.574921         4.79903501E-05
   124.701714         4.30038017E-05
   124.828506         3.74450465E-05
   124.955299         3.13883975E-05
   125.082092         2.49182849E-05
   125.208885         1.81274572E-05
   125.335678         1.11150212E-05
   125.462471         3.98424436E-06
   125.589264        -3.15972966E-06
   125.716057        -1.02122149E-05
   125.842850        -1.70712683E-05
   125.969643        -2.36398810E-05
   126.096436        -2.98279701E-05
   126.223221        -3.55541742E-05
   126.350014        -4.07473417E-05
   126.476807        -4.53477223E-05
   126.603600        -4.93078114E-05
   126.730392        -5.25928408E-05
   126.857185        -5.51809426E-05
   126.983978        -5.70629927E-05
   127.110771        -5.82421053E-05
   127.237564        -5.87328941E-05
   127.364357        -5.85604830E-05
   127.491150        -5.77593564E-05
   127.617943        -5.63720532E-05
   127.744736        -5.44477516E-05
   127.871529        -5.20408867E-05
   127.998322        -4.92097206E-05
   128.125107        -4.60150186E-05
   128.251907        -4.25187136E-05
   128.378693        -3.87828368E-05
   128.505493        -3.48684371E-05
   128.632278        -3.08347735E-05
   128.759079        -2.67385640E-05
   128.885864        -2.26334614E-05
   129.012665        -1.85696354E-05
   129.139450        -1.45935082E-05
   129.266251        -1.07475826E-05
   129.393036        -7.07039180E-06
   129.519836        -3.59650244E-06
   129.646622        -3.56581154E-07
   129.773422         2.62250842E-06
   129.900208         5.31761543E-06
   130.027008         7.70917813E-06
   130.153793         9.78115531E-06
   130.280594         1.15209541E-05
   130.407379         1.29193995E-05
   130.534180         1.39707317E-05
   130.660965         1.46726034E-05
   130.787766         1.50261340E-05
   130.914551         1.50359328E-05
   131.041351         1.47101255E-05
   131.168137         1.40603852E-05
   131.294937         1.31019169E-05
   131.421722         1.18533890E-05
   131.548523         1.03368538E-05
   131.675308         8.57757550E-06
   131.802109         6.60381784E-06
   131.928894         4.44655916E-06
   132.055679         2.13914996E-06
   132.182480        -2.83095318E-07
   132.309265        -2.78335961E-06
   132.436066        -5.32383319E-06
   132.562851        -7.86625333E-06
   132.689651        -1.03724851E-05
   132.816437        -1.28050915E-05
   132.943237        -1.51279155E-05
   133.070023        -1.73066601E-05
   133.196823        -1.93094074E-05
   133.323608        -2.11071419E-05
   133.450409        -2.26741595E-05
   133.577194        -2.39885067E-05
   133.703995        -2.50322391E-05
   133.830780        -2.57917072E-05
   133.957581        -2.62576923E-05
   134.084366        -2.64254741E-05
   134.211166        -2.62948688E-05
   134.337952        -2.58700711E-05
   134.464752        -2.51595320E-05
   134.591537        -2.41756989E-05
   134.718338        -2.29347006E-05
   134.845123        -2.14559896E-05
   134.971924        -1.97618756E-05
   135.098709        -1.78771097E-05
   135.225510        -1.58283547E-05
   135.352295        -1.36436820E-05
   135.479095        -1.13520509E-05
   135.605881        -8.98278176E-06
   135.732666        -6.56509337E-06
   135.859467        -4.12759255E-06
   135.986252        -1.69789212E-06
   136.113052         6.97767348E-07
   136.239838         3.03482489E-06
   136.366638         5.29063482E-06
   136.493423         7.44463432E-06
   136.620224         9.47841363E-06
   136.747009         1.13757515E-05
   136.873810         1.31225452E-05
   137.000595         1.47066867E-05
   137.127396         1.61178923E-05
   137.254181         1.73474727E-05
   137.380981         1.83880875E-05
   137.507767         1.92334901E-05
   137.634567         1.98782418E-05
   137.761353         2.03174750E-05
   137.888153         2.05466931E-05
   138.014938         2.05615925E-05
   138.141739         2.03579730E-05
   138.268524         1.99317328E-05
   138.395325         1.92789030E-05
   138.522110         1.83958327E-05
   138.648911         1.72794244E-05
   138.775696         1.59274496E-05
   138.902496         1.43389934E-05
   139.029282         1.25148927E-05
   139.156082         1.04582605E-05
   139.282867         8.17504679E-06
   139.409653         5.67455663E-06
   139.536453         2.96997200E-06
   139.663239         7.88053356E-08
   139.790039        -2.97673023E-06
   139.916824        -6.16946454E-06
   140.043625        -9.46714954E-06
   140.170410        -1.28324864E-05
   140.297211        -1.62233518E-05
   140.423996        -1.95931789E-05
   140.550797        -2.28915396E-05
   140.677582        -2.60649103E-05
   140.804382        -2.90575972E-05
   140.931168        -3.18128368E-05
   141.057968        -3.42739695E-05
   141.184753        -3.63857798E-05
   141.311554        -3.80958154E-05
   141.438339        -3.93557966E-05
   141.565140        -4.01229008E-05
   141.691925        -4.03611084E-05
   141.818726        -4.00422687E-05
   141.945511        -3.91471767E-05
   142.072311        -3.76663811E-05
   142.199097        -3.56007331E-05
   142.325897        -3.29618124E-05
   142.452682        -2.97720107E-05
   142.579483        -2.60643756E-05
   142.706268        -2.18822479E-05
   142.833069        -1.72785658E-05
   142.959854        -1.23150176E-05
   143.086655        -7.06094806E-06
   143.213440        -1.59211515E-06
   143.340225         4.01071748E-06
   143.467026         9.66324478E-06
   143.593811         1.52791836E-05
   143.720612         2.07718240E-05
   143.847397         2.60555880E-05
   143.974197         3.10475116E-05
   144.100983         3.56686614E-05
   144.227783         3.98454395E-05
   144.354568         4.35107540E-05
   144.481369         4.66050587E-05
   144.608154         4.90772654E-05
   144.734955         5.08854573E-05
   144.861740         5.19975365E-05
   144.988541         5.23915769E-05
   145.115326         5.20562498E-05
   145.242126         5.09909005E-05
   145.368912         4.92055951E-05
   145.495712         4.67210484E-05
   145.622498         4.35683796E-05
   145.749298         3.97887270E-05
   145.876083         3.54328185E-05
   146.002884         3.05602625E-05
   146.129669         2.52388854E-05
   146.256470         1.95437588E-05
   146.383255         1.35562159E-05
   146.510056         7.36267339E-06
   146.636841         1.05334141E-06
   146.763641        -5.27917791E-06
   146.890427        -1.15413904E-05
   147.017212        -1.76404883E-05
   147.144012        -2.34859726E-05
   147.270798        -2.89912914E-05
   147.397598        -3.40754632E-05
   147.524384        -3.86645988E-05
   147.651184        -4.26933875E-05
   147.777969        -4.61063537E-05
   147.904770        -4.88590013E-05
   148.031555        -5.09186357E-05
   148.158356        -5.22650589E-05
   148.285141        -5.28908022E-05
   148.411942        -5.28012097E-05
   148.538727        -5.20141475E-05
   148.665527        -5.05593780E-05
   148.792313        -4.84776865E-05
   148.919113        -4.58197210E-05
   149.045898        -4.26446131E-05
   149.172699        -3.90183741E-05
   149.299484        -3.50121700E-05
   149.426285        -3.07005503E-05
   149.553070        -2.61595796E-05
   149.679871        -2.14650481E-05
   149.806656        -1.66907848E-05
   149.933456        -1.19070601E-05
   150.060242        -7.17922376E-06
   150.187042        -2.56655312E-06
   150.313828         1.87865396E-06
   150.440628         6.11170390E-06
   150.567413         1.00958705E-05
   150.694214         1.38024679E-05
   150.820999         1.72106884E-05
   150.947784         2.03072032E-05
   151.074585         2.30855603E-05
   151.201370         2.55454324E-05
   151.328171         2.76917017E-05
   151.454956         2.95335522E-05
   151.581757         3.10834221E-05
   151.708542         3.23560598E-05
   151.835342         3.33675271E-05
   151.962128         3.41343439E-05
   152.088928         3.46727320E-05
   152.215714         3.49979200E-05
   152.342514         3.51236558E-05
   152.469299         3.50618247E-05
   152.596100         3.48222093E-05
   152.722885         3.44124164E-05
   152.849686         3.38379032E-05
   152.976471         3.31021329E-05
   153.103271         3.22068336E-05
   153.230057         3.11523254E-05
   153.356857         2.99378917E-05
   153.483643         2.85622100E-05
   153.610443         2.70237670E-05
   153.737228         2.53212966E-05
   153.864029         2.34541458E-05
   153.990814         2.14226729E-05
   154.117615         1.92285261E-05
   154.244400         1.68749211E-05
   154.371201         1.43668194E-05
   154.497986         1.17110803E-05
   154.624771         8.91654872E-06
   154.751572         5.99408531E-06
   154.878357         2.95656741E-06
   155.005157        -1.81147669E-07
   155.131943        -3.40228348E-06
   155.258743        -6.68821031E-06
   155.385529        -1.00185398E-05
   155.512329        -1.33711928E-05
   155.639114        -1.67225098E-05
   155.765915        -2.00473241E-05
   155.892700        -2.33190694E-05
   156.019501        -2.65098734E-05
   156.146286        -2.95906739E-05
   156.273087        -3.25314068E-05
   156.399872        -3.53011237E-05
   156.526672        -3.78682780E-05
   156.653458        -4.02009537E-05
   156.780258        -4.22672492E-05
   156.907043        -4.40356162E-05
   157.033844        -4.54753972E-05
   157.160629        -4.65572884E-05
   157.287430        -4.72539687E-05
   157.414215        -4.75407651E-05
   157.541016        -4.73963009E-05
   157.667801        -4.68031976E-05
   157.794601        -4.57488495E-05
   157.921387        -4.42260462E-05
   158.048187        -4.22336998E-05
   158.174973        -3.97773656E-05
   158.301773        -3.68697547E-05
   158.428558        -3.35311051E-05
   158.555344        -2.97893421E-05
   158.682144        -2.56801832E-05
   158.808929        -2.12469222E-05
   158.935730        -1.65400761E-05
   159.062515        -1.16168185E-05
   159.189316        -6.54017049E-06
   159.316101        -1.37800373E-06
   159.442902         3.79814196E-06
   159.569687         8.91441869E-06
   159.696487         1.38961568E-05
   159.823273         1.86694360E-05
   159.950073         2.31627237E-05
   160.076859         2.73085061E-05
   160.203659         3.10448449E-05
