  -4.50000000         0.00000000    
  -4.37320757         0.00000000    
  -4.24641466         0.00000000    
  -4.11962223         0.00000000    
  -3.99282932         0.00000000    
  -3.86603665         0.00000000    
  -3.73924398         0.00000000    
  -3.61245155         7.16067101E-31
  -3.48565888         2.95901757E-30
  -3.35886621         3.33734439E-29
  -3.23207355         1.46847717E-28
  -3.10528088         6.37135374E-28
  -2.97848821         3.28137248E-27
  -2.85169554         1.65843553E-26
  -2.72490287         7.06270558E-26
  -2.59811020         2.46638841E-25
  -2.47131753         7.13481745E-25
  -2.34452486         1.72876619E-24
  -2.21773219         3.51331155E-24
  -2.09093952         5.88988283E-24
  -1.96414697         7.68068031E-24
  -1.83735430         6.16859448E-24
  -1.71056163        -2.59841730E-24
  -1.58376896        -2.15666825E-23
  -1.45697629        -4.78914079E-23
  -1.33018374        -6.69376814E-23
  -1.20339108        -4.97524539E-23
  -1.07659841         3.81556716E-23
 -0.949805737         2.09442419E-22
 -0.823013067         4.10080721E-22
 -0.696220458         4.76000740E-22
 -0.569427788         1.32153033E-22
 -0.442635119        -9.13597157E-22
 -0.315842479        -2.74916304E-21
 -0.189049825        -4.94378064E-21
  -6.22571707E-02    -6.28207123E-21
   6.45354837E-02    -4.79339977E-21
  0.191328138         1.65166340E-21
  0.318120778         1.40464380E-20
  0.444913447         3.04698958E-20
  0.571706116         4.45299241E-20
  0.698498726         4.51698485E-20
  0.825291395         1.90672288E-20
  0.952084064        -4.36945072E-20
   1.07887673        -1.41293150E-19
   1.20566940        -2.51596832E-19
   1.33246195        -3.27492721E-19
   1.45925462        -3.00977240E-19
   1.58604729        -9.97420522E-20
   1.71283996         3.23424001E-19
   1.83963263         9.53397931E-19
   1.96642530         1.67845317E-18
   2.09321785         2.27398361E-18
   2.22001052         2.41957898E-18
   2.34680319         1.75970185E-18
   2.47359586         7.62909810E-21
   2.60038853        -2.92171794E-18
   2.72718120        -6.77828438E-18
   2.85397387        -1.08801192E-17
   2.98076653        -1.40916686E-17
   3.10755920        -1.49070023E-17
   3.23435187        -1.16518390E-17
   3.36114454        -2.79927866E-18
   3.48793697         1.26231203E-17
   3.61472964         3.45699788E-17
   3.74152231         6.15040086E-17
   3.86831498         8.99714823E-17
   3.99510765         1.14314945E-16
   4.12190056         1.26653501E-16
   4.24869299         1.17311337E-16
   4.37548542         7.59063414E-17
   4.50227833        -6.71652377E-18
   4.62907076        -1.35650593E-16
   4.75586367        -3.08393393E-16
   4.88265610        -5.11184807E-16
   5.00944901        -7.16206115E-16
   5.13624144        -8.80953705E-16
   5.26303434        -9.51172895E-16
   5.38982677        -8.68393689E-16
   5.51661968        -5.82263471E-16
   5.64341211        -6.65783514E-17
   5.77020502         6.63601239E-16
   5.89699745         1.53774935E-15
   6.02379036         2.42334178E-15
   6.15058279         3.13147382E-15
   6.27737522         3.43755891E-15
   6.40416813         3.11728623E-15
   6.53096056         1.99443585E-15
   6.65775347        -6.41196745E-18
   6.78454590        -2.81207230E-15
   6.91133881        -6.16874487E-15
   7.03813124        -9.63570535E-15
   7.16492414        -1.26114329E-14
   7.29171658        -1.43940713E-14
   7.41850948        -1.42725018E-14
   7.54530191        -1.16390043E-14
   7.67209482        -6.11028096E-15
   7.79888725         2.35866531E-15
   7.92567968         1.33841395E-14
   8.05247211         2.61020521E-14
   8.17926502         3.91684704E-14
   8.30605793         5.08230949E-14
   8.43285084         5.90228346E-14
   8.55964279         6.16476474E-14
   8.68643570         5.67732032E-14
   8.81322861         4.29954466E-14
   8.94002151         1.97786801E-14
   9.06681347        -1.22138356E-14
   9.19360638        -5.08612859E-14
   9.32039928        -9.24601717E-14
   9.44719219        -1.31794071E-13
   9.57398415        -1.62449074E-13
   9.70077705        -1.77402675E-13
   9.82756996        -1.69883042E-13
   9.95436192        -1.34454270E-13
   10.0811548        -6.82434591E-14
   10.2079477         2.78130316E-14
   10.3347406         1.47858275E-13
   10.4615326         2.80309657E-13
   10.5883255         4.07536851E-13
   10.7151184         5.06188678E-13
   10.8419113         5.48306626E-13
   10.9687033         5.03315651E-13
   11.0954962         3.40922413E-13
   11.2222891         3.48623006E-14
   11.3490820        -4.32658087E-13
   11.4758739        -1.06609350E-12
   11.6026669        -1.85165034E-12
   11.7294598        -2.75282683E-12
   11.8562517        -3.70697830E-12
   11.9830446        -4.62352856E-12
   12.1098375        -5.38444289E-12
   12.2366304        -5.84750824E-12
   12.3634224        -5.85285379E-12
   12.4902153        -5.23292130E-12
   12.6170082        -3.82588015E-12
   12.7438011        -1.49216783E-12
   12.8705931         1.86651107E-12
   12.9973860         6.28669469E-12
   13.1241789         1.17225795E-11
   13.2509708         1.80270070E-11
   13.3777637         2.49360272E-11
   13.5045567         3.20591748E-11
   13.6313496         3.88776476E-11
   13.7581415         4.47525350E-11
   13.8849344         4.89447094E-11
   14.0117273         5.06475938E-11
   14.1385202         4.90329964E-11
   14.2653122         4.33093179E-11
   14.3921051         3.27902497E-11
   14.5188980         1.69706575E-11
   14.6456909        -4.39451817E-12
   14.7724829        -3.12138995E-11
   14.8992758        -6.29919381E-11
   15.0260687        -9.87765147E-11
   15.1528606        -1.37128475E-10
   15.2796535        -1.76119425E-10
   15.4064465        -2.13362883E-10
   15.5332394        -2.46082654E-10
   15.6600313        -2.71220324E-10
   15.7868242        -2.85580448E-10
   15.9136171        -2.86011520E-10
   16.0404091        -2.69614470E-10
   16.1672020        -2.33971037E-10
   16.2939949        -1.77379292E-10
   16.4207878        -9.90819093E-11
   16.5475807         5.27433999E-13
   16.6743736         1.19737220E-10
   16.8011646         2.55405586E-10
   16.9279575         4.02917560E-10
   17.0547504         5.56223012E-10
   17.1815434         7.07965520E-10
   17.3083363         8.49703197E-10
   17.4351292         9.72224079E-10
   17.5619221         1.06594611E-09
   17.6887150         1.12139098E-09
   17.8155060         1.12971343E-09
   17.9422989         1.08326248E-09
   18.0690918         9.76147052E-10
   18.1958847         8.04775524E-10
   18.3226776         5.68335767E-10
   18.4494705         2.69185174E-10
   18.5762634        -8.68815853E-11
   18.7030544        -4.90513019E-10
   18.8298473        -9.28850885E-10
   18.9566402        -1.38576250E-09
   19.0834332        -1.84226379E-09
   19.2102261        -2.27712449E-09
   19.3370190        -2.66764877E-09
   19.4638119        -2.99060354E-09
   19.5906048        -3.22325988E-09
   19.7173958        -3.34451777E-09
   19.8441887        -3.33605477E-09
   19.9709816        -3.18345839E-09
   20.0977745        -2.87727486E-09
   20.2245674        -2.41393172E-09
   20.3513603        -1.79647064E-09
   20.4781532        -1.03504616E-09
   20.6049442        -1.47151361E-10
   20.7317371         8.42467818E-10
   20.8585300         1.90222815E-09
   20.9853230         2.99446001E-09
   21.1121159         4.07649203E-09
   21.2389088         5.10204323E-09
   21.3657017         6.02289552E-09
   21.4924946         6.79078616E-09
   21.6192856         7.35946726E-09
   21.7460785         7.68685915E-09
   21.8728714         7.73720465E-09
   21.9996643         7.48314033E-09
   22.1264572         6.90759983E-09
   22.2532501         6.00543393E-09
   22.3800430         4.78468021E-09
   22.5068340         3.26737903E-09
   22.6336269         1.48988288E-09
   22.7604198        -4.97423880E-10
   22.8872128        -2.63099453E-09
   23.0140057        -4.83563589E-09
   23.1407986        -7.02663172E-09
   23.2675915        -9.11246989E-09
   23.3943844        -1.09980745E-08
   23.5211754        -1.25885062E-08
   23.6479683        -1.37929632E-08
   23.7747612        -1.45289958E-08
   23.9015541        -1.47267265E-08
   24.0283470        -1.43329579E-08
   24.1551399        -1.33149163E-08
   24.2819328        -1.16634835E-08
   24.4087238        -9.39575884E-09
   24.5355167        -6.55665255E-09
   24.6623096        -3.21952287E-09
   24.7891026         5.14382925E-10
   24.9158955         4.51773685E-09
   25.0426884         8.64021565E-09
   25.1694813         1.27128885E-08
   25.2962742         1.65537717E-08
   25.4230652         1.99745127E-08
   25.5498581         2.27879564E-08
   25.6766510         2.48163676E-08
   25.8034439         2.59000146E-08
   25.9302368         2.59057842E-08
   26.0570297         2.47354475E-08
   26.1838226         2.23331824E-08
   26.3106136         1.86919547E-08
   26.4374065         1.38583918E-08
   26.5641994         7.93575694E-09
   26.6909924         1.08477172E-09
   26.8177853        -6.47796439E-09
   26.9445782        -1.44841712E-08
   27.0713711        -2.26206076E-08
   27.1981640        -3.05383949E-08
   27.3249550        -3.78646945E-08
   27.4517479        -4.42164740E-08
   27.5785408        -4.92158705E-08
   27.7053337        -5.25068451E-08
   27.8321266        -5.37722542E-08
   27.9589195        -5.27508668E-08
   28.0857124        -4.92534369E-08
   28.2125034        -4.31772946E-08
   28.3392963        -3.45184326E-08
   28.4660892        -2.33806059E-08
   28.5928822        -9.98081529E-09
   28.7196751         5.34955813E-09
   28.8464680         2.21680274E-08
   28.9732609         3.99292510E-08
   29.1000538         5.79978590E-08
   29.2268448         7.56662502E-08
   29.3536377         9.21764922E-08
   29.4804306         1.06745993E-07
   29.6072235         1.18596297E-07
   29.7340164         1.26983906E-07
   29.8608093         1.31232085E-07
   29.9876022         1.30762672E-07
   30.1143932         1.25126306E-07
   30.2411861         1.14030321E-07
   30.3679790         9.73624381E-08
   30.4947720         7.52096838E-08
   30.6215649         4.78711186E-08
   30.7483578         1.58636286E-08
   30.8751507        -2.00797761E-08
   31.0019417        -5.90197047E-08
   31.1287346        -9.98281280E-08
   31.2555275        -1.41214201E-07
   31.3823204        -1.81757343E-07
   31.5091133        -2.19946983E-07
   31.6359062        -2.54228354E-07
   31.7626991        -2.83052202E-07
   31.8894920        -3.04927426E-07
   32.0162849        -3.18475315E-07
   32.1430779        -3.22482805E-07
   32.2698708        -3.15953486E-07
   32.3966637        -2.98154760E-07
   32.5234528        -2.68658283E-07
   32.6502457        -2.27374002E-07
   32.7770386        -1.74574069E-07
   32.9038315        -1.10907983E-07
   33.0306244        -3.74056768E-08
   33.1574173         4.45301644E-08
   33.2842102         1.33143658E-07
   33.4110031         2.26356789E-07
   33.5377960         3.21811683E-07
   33.6645889         4.16922461E-07
   33.7913818         5.08936807E-07
   33.9181747         5.95004735E-07
   34.0449677         6.72252440E-07
   34.1717606         7.37861001E-07
   34.2985535         7.89146441E-07
   34.4253426         8.23638459E-07
   34.5521355         8.39157849E-07
   34.6789284         8.33887896E-07
   34.8057213         8.06439743E-07
   34.9325142         7.55907536E-07
   35.0593071         6.81914344E-07
   35.1861000         5.84645079E-07
   35.3128929         4.64867071E-07
   35.4396858         3.23935126E-07
   35.5664787         1.63783682E-07
   35.6932716        -1.30965869E-08
   35.8200645        -2.03695976E-07
   35.9468575        -4.04536650E-07
   36.0736504        -6.11736198E-07
   36.2004433        -8.21081073E-07
   36.3272324        -1.02811100E-06
   36.4540253        -1.22820916E-06
   36.5808182        -1.41669807E-06
   36.7076111        -1.58893829E-06
   36.8344040        -1.74042714E-06
   36.9611969        -1.86689567E-06
   37.0879898        -1.96440169E-06
   37.2147827        -2.02941351E-06
   37.3415756        -2.05888978E-06
   37.4683685        -2.05034530E-06
   37.5951614        -2.00190743E-06
   37.7219543        -1.91235858E-06
   37.8487473        -1.78116693E-06
   37.9755402        -1.60850277E-06
   38.1023293        -1.39524434E-06
   38.2291222        -1.14297006E-06
   38.3559151        -8.53940492E-07
   38.4827080        -5.31071521E-07
   38.6095009        -1.77900318E-07
   38.7362938         2.01454895E-07
   38.8630867         6.02337593E-07
   38.9898796         1.01959677E-06
   39.1166725         1.44763158E-06
   39.2434654         1.88043134E-06
   39.3702583         2.31161198E-06
   39.4970512         2.73445016E-06
   39.6238441         3.14190834E-06
   39.7506371         3.52665529E-06
   39.8774300         3.88108265E-06
   40.0042191         4.19732169E-06
   40.1310120         4.46724243E-06
   40.2578049         4.68247299E-06
   40.3845978         4.83440499E-06
   40.5113907         4.91421270E-06
   40.6381836         4.91287392E-06
   40.7649765         4.82120413E-06
   40.8917694         4.62990147E-06
   41.0185623         4.32960860E-06
   41.1453552         3.91099047E-06
   41.2721481         3.36482685E-06
   41.3989410         2.68213307E-06
   41.5257339         1.85428496E-06
   41.6525269         8.73173860E-07
   41.7793198        -2.68631084E-07
   41.9061089        -1.57770558E-06
   42.0329018        -3.05958406E-06
   42.1596947        -4.71856856E-06
   42.2864876        -6.55753593E-06
   42.4132805        -8.57775740E-06
   42.5400734        -1.07787228E-05
   42.6668663        -1.31579736E-05
   42.7936592        -1.57109771E-05
   42.9204521        -1.84310156E-05
   43.0472450        -2.13090898E-05
   43.1740379        -2.43338891E-05
   43.3008308        -2.74917838E-05
   43.4276237        -3.07668379E-05
   43.5544167        -3.41408959E-05
   43.6812096        -3.75937016E-05
   43.8079987        -4.11030378E-05
   43.9347916        -4.46449412E-05
   44.0615845        -4.81938660E-05
   44.1883774        -5.17230619E-05
   44.3151703        -5.52047532E-05
   44.4419632        -5.86105270E-05
   44.5687561        -6.19116254E-05
   44.6955490        -6.50793154E-05
   44.8223419        -6.80852609E-05
   44.9491348        -7.09018277E-05
   45.0759277        -7.35025460E-05
   45.2027206        -7.58623282E-05
   45.3295135        -7.79578768E-05
   45.4563065        -7.97680477E-05
   45.5830994        -8.12739891E-05
   45.7098885        -8.24595554E-05
   45.8366814        -8.33114609E-05
   45.9634743        -8.38194683E-05
   46.0902672        -8.39765125E-05
   46.2170601        -8.37788612E-05
   46.3438530        -8.32261285E-05
   46.4706459        -8.23212686E-05
   46.5974388        -8.10706042E-05
   46.7242317        -7.94836888E-05
   46.8510246        -7.75731605E-05
   46.9778175        -7.53546774E-05
   47.1046104        -7.28465166E-05
   47.2314034        -7.00695236E-05
   47.3581963        -6.70467271E-05
   47.4849892        -6.38030397E-05
   47.6117783        -6.03650151E-05
   47.7385712        -5.67605020E-05
   47.8653641        -5.30181933E-05
   47.9921570        -4.91675200E-05
   48.1189499        -4.52381464E-05
   48.2457428        -4.12597838E-05
   48.3725357        -3.72618706E-05
   48.4993286        -3.32733289E-05
   48.6261215        -2.93223220E-05
   48.7529144        -2.54361803E-05
   48.8797073        -2.16410554E-05
   49.0065002        -1.79620183E-05
   49.1332932        -1.44228052E-05
   49.2600861        -1.10458341E-05
   49.3868790        -7.85210068E-06
   49.5136681        -4.86119416E-06
   49.6404610        -2.09121640E-06
   49.7672539         4.41240530E-07
   49.8940468         2.72106217E-06
   50.0208397         4.73472983E-06
   50.1476326         6.47034085E-06
   50.2744255         7.91769617E-06
   50.4012184         9.06839978E-06
   50.5280113         9.91602246E-06
   50.6548042         1.04562714E-05
   50.7815971         1.06870593E-05
   50.9083900         1.06088464E-05
   51.0351830         1.02246968E-05
   51.1619759         9.54051575E-06
   51.2887688         8.56519546E-06
   51.4155579         7.31075033E-06
   51.5423508         5.79244988E-06
   51.6691437         4.02883825E-06
   51.7959366         2.04177627E-06
   51.9227295        -1.43655299E-07
   52.0495224        -2.49931895E-06
   52.1763153        -4.99423686E-06
   52.3031082        -7.59491695E-06
   52.4299011        -1.02657259E-05
   52.5566940        -1.29694390E-05
   52.6834869        -1.56676633E-05
   52.8102798        -1.83215252E-05
   52.9370728        -2.08922556E-05
   53.0638657        -2.33418850E-05
   53.1906586        -2.56338553E-05
   53.3174477        -2.77337604E-05
   53.4442406        -2.96099570E-05
   53.5710335        -3.12341581E-05
   53.6978264        -3.25819528E-05
   53.8246193        -3.36332887E-05
   53.9514122        -3.43727370E-05
   54.0782051        -3.47898349E-05
   54.2049980        -3.48791582E-05
   54.3317909        -3.46402776E-05
   54.4585838        -3.40777879E-05
   54.5853767        -3.32010495E-05
   54.7121696        -3.20238614E-05
   54.8389626        -3.05641661E-05
   54.9657555        -2.88434749E-05
   55.0925484        -2.68865169E-05
   55.2193375        -2.47205062E-05
   55.3461304        -2.23746920E-05
   55.4729233        -1.98797461E-05
   55.5997162        -1.72672189E-05
   55.7265091        -1.45689992E-05
   55.8533020        -1.18168782E-05
   55.9800949        -9.04210810E-06
   56.1068878        -6.27507598E-06
   56.2336807        -3.54488634E-06
   56.3604736        -8.79303968E-07
   56.4872665         1.69563430E-06
   56.6140594         4.15572367E-06
   56.7408524         6.47861407E-06
   56.8676453         8.64397316E-06
   56.9944382         1.06335274E-05
   57.1212273         1.24310636E-05
   57.2480202         1.40225948E-05
   57.3748131         1.53963483E-05
   57.5016060         1.65429046E-05
   57.6283989         1.74553461E-05
   57.7551918         1.81293763E-05
   57.8819847         1.85635017E-05
   58.0087776         1.87592541E-05
   58.1355705         1.87212681E-05
   58.2623634         1.84575292E-05
   58.3891563         1.79794788E-05
   58.5159492         1.73021417E-05
   58.6427422         1.64441644E-05
   58.7695351         1.54277386E-05
   58.8963280         1.42785902E-05
   59.0231171         1.30257122E-05
   59.1499100         1.17010168E-05
   59.2767029         1.03389330E-05
   59.4034958         8.97581231E-06
   59.5302887         7.64930519E-06
   59.6570816         6.39757172E-06
   59.7838745         5.25847554E-06
   59.9106674         4.26873476E-06
   60.0374603         3.46297406E-06
   60.1642532         2.87279909E-06
   60.2910461         2.52590462E-06
   60.4178391         2.44519515E-06
   60.5446320         2.64804657E-06
   60.6714249         3.14567569E-06
   60.7982178         3.94255449E-06
   60.9250069         5.03612819E-06
   61.0517998         6.41666384E-06
   61.1785927         8.06731987E-06
   61.3053856         9.96433209E-06
   61.4321785         1.20775458E-05
   61.5589714         1.43709813E-05
   61.6857643         1.68037150E-05
   61.8125572         1.93308515E-05
   61.9393501         2.19046142E-05
   62.0661430         2.44756648E-05
   62.1929359         2.69943521E-05
   62.3197289         2.94121055E-05
   62.4465218         3.16827463E-05
   62.5733147         3.37636884E-05
   62.7001076         3.56173114E-05
   62.8268967         3.72118084E-05
   62.9536896         3.85222556E-05
   63.0804825         3.95311436E-05
   63.2072754         4.02290243E-05
   63.3340683         4.06146755E-05
   63.4608612         4.06951658E-05
   63.5876541         4.04855782E-05
   63.7144470         4.00085519E-05
   63.8412399         3.92935799E-05
   63.9680328         3.83760453E-05
   64.0948257         3.72961040E-05
   64.2216187         3.60974518E-05
   64.3484116         3.48259455E-05
   64.4752045         3.35281366E-05
   64.6019974         3.22497654E-05
   64.7287903         3.10343494E-05
   64.8555832         2.99217754E-05
   64.9823761         2.89469208E-05
   65.1091690         2.81385473E-05
   65.2359619         2.75182974E-05
   65.3627548         2.70999371E-05
   65.4895477         2.68888562E-05
   65.6163330         2.68818585E-05
   65.7431259         2.70670698E-05
   65.8699188         2.74244085E-05
   65.9967117         2.79259657E-05
   66.1235046         2.85369479E-05
   66.2502975         2.92167006E-05
   66.3770905         2.99199492E-05
   66.5038834         3.05982612E-05
   66.6306763         3.12015436E-05
   66.7574692         3.16797596E-05
   66.8842621         3.19845713E-05
   67.0110550         3.20709478E-05
   67.1378479         3.18987877E-05
   67.2646408         3.14343379E-05
   67.3914337         3.06514339E-05
   67.5182266         2.95326172E-05
   67.6450195         2.80698514E-05
   67.7718124         2.62652520E-05
   67.8986053         2.41311845E-05
   68.0253983         2.16902790E-05
   68.1521912         1.89751572E-05
   68.2789841         1.60277050E-05
   68.4057770         1.28982138E-05
   68.5325699         9.64422907E-06
   68.6593628         6.32915317E-06
   68.7861557         3.02072203E-06
   68.9129486        -2.10785672E-07
   69.0397415        -3.29406748E-06
   69.1665344        -6.15871113E-06
   69.2933273        -8.73700901E-06
   69.4201126        -1.09654902E-05
   69.5469055        -1.27866415E-05
   69.6736984        -1.41501987E-05
   69.8004913        -1.50143896E-05
   69.9272842        -1.53470282E-05
   70.0540771        -1.51259637E-05
   70.1808701        -1.43398192E-05
   70.3076630        -1.29880336E-05
   70.4344559        -1.10806332E-05
   70.5612488        -8.63805508E-06
   70.6880417        -5.69028180E-06
   70.8148346        -2.27616670E-06
   70.9416275         1.55770124E-06
   71.0684204         5.75836521E-06
   71.1952133         1.02677013E-05
   71.3220062         1.50240739E-05
   71.4487991         1.99636361E-05
   71.5755920         2.50221565E-05
   71.7023849         3.01362470E-05
   71.8291779         3.52449388E-05
   71.9559708         4.02909136E-05
   72.0827637         4.52216591E-05
   72.2095566         4.99905109E-05
   72.3363495         5.45575203E-05
   72.4631424         5.88898038E-05
   72.5899353         6.29621136E-05
   72.7167282         6.67569911E-05
   72.8435211         7.02645557E-05
   72.9703140         7.34824280E-05
   73.0971069         7.64152355E-05
   73.2238922         7.90739505E-05
   73.3506851         8.14752057E-05
   73.4774780         8.36404943E-05
   73.6042709         8.55951876E-05
   73.7310638         8.73676327E-05
   73.8578568         8.89881048E-05
   73.9846497         9.04878762E-05
   74.1114426         9.18983860E-05
   74.2382355         9.32503826E-05
   74.3650284         9.45731299E-05
   74.4918213         9.58938326E-05
   74.6186142         9.72372000E-05
   74.7454071         9.86248779E-05
   74.8722000         1.00075384E-04
   74.9989929         1.01603902E-04
   75.1257858         1.03222264E-04
   75.2525787         1.04939092E-04
   75.3793716         1.06759966E-04
   75.5061646         1.08687695E-04
   75.6329575         1.10722729E-04
   75.7597504         1.12863519E-04
   75.8865433         1.15106697E-04
   76.0133362         1.17447715E-04
   76.1401291         1.19881006E-04
   76.2669220         1.22400379E-04
   76.3937149         1.24999235E-04
   76.5205078         1.27670719E-04
   76.6473007         1.30407760E-04
   76.7740936         1.33203386E-04
   76.9008865         1.36050163E-04
   77.0276718         1.38940493E-04
   77.1544647         1.41865996E-04
   77.2812576         1.44817619E-04
   77.4080505         1.47784987E-04
   77.5348434         1.50756052E-04
   77.6616364         1.53716755E-04
   77.7884293         1.56650756E-04
   77.9152222         1.59538729E-04
   78.0420151         1.62358454E-04
   78.1688080         1.65084377E-04
   78.2956009         1.67687307E-04
   78.4223938         1.70134634E-04
   78.5491867         1.72390282E-04
   78.6759796         1.74414774E-04
   78.8027725         1.76165689E-04
   78.9295654         1.77598078E-04
   79.0563583         1.78664966E-04
   79.1831512         1.79318202E-04
   79.3099442         1.79509239E-04
   79.4367371         1.79189898E-04
   79.5635300         1.78313509E-04
   79.6903229         1.76835849E-04
   79.8171158         1.74715839E-04
   79.9439087         1.71917098E-04
   80.0707016         1.68408427E-04
   80.1974945         1.64164885E-04
   80.3242874         1.59168514E-04
   80.4510803         1.53408968E-04
   80.5778732         1.46884035E-04
   80.7046585         1.39599826E-04
   80.8314514         1.31571214E-04
   80.9582443         1.22821453E-04
   81.0850372         1.13382281E-04
   81.2118301         1.03293351E-04
   81.3386230         9.26018256E-05
   81.4654160         8.13616716E-05
   81.5922089         6.96328643E-05
   81.7190018         5.74805235E-05
   81.8457947         4.49739055E-05
   81.9725876         3.21853986E-05
   82.0993805         1.91893942E-05
   82.2261734         6.06132789E-06
   82.3529663        -7.12343899E-06
   82.4797592        -2.02906085E-05
   82.6065521        -3.33678217E-05
   82.7333450        -4.62855460E-05
   82.8601379        -5.89777555E-05
   82.9869308        -7.13827758E-05
   83.1137238        -8.34437087E-05
   83.2405167        -9.51089314E-05
   83.3673096        -1.06332474E-04
   83.4941025        -1.17074218E-04
   83.6208954        -1.27300111E-04
   83.7476883        -1.36982140E-04
   83.8744812        -1.46098319E-04
   84.0012741        -1.54632478E-04
   84.1280670        -1.62574201E-04
   84.2548599        -1.69918450E-04
   84.3816528        -1.76665315E-04
   84.5084381        -1.82819596E-04
   84.6352310        -1.88390550E-04
   84.7620239        -1.93391257E-04
   84.8888168        -1.97838308E-04
   85.0156097        -2.01751376E-04
   85.1424026        -2.05152537E-04
   85.2691956        -2.08066078E-04
   85.3959885        -2.10517770E-04
   85.5227814        -2.12534680E-04
   85.6495743        -2.14144689E-04
   85.7763672        -2.15376058E-04
   85.9031601        -2.16257264E-04
   86.0299530        -2.16816567E-04
   86.1567459        -2.17081746E-04
   86.2835388        -2.17080000E-04
   86.4103317        -2.16837623E-04
   86.5371246        -2.16380169E-04
   86.6639175        -2.15732216E-04
   86.7907104        -2.14917309E-04
   86.9175034        -2.13958207E-04
   87.0442963        -2.12876883E-04
   87.1710892        -2.11694467E-04
   87.2978821        -2.10431579E-04
   87.4246750        -2.09108315E-04
   87.5514679        -2.07744481E-04
   87.6782608        -2.06359589E-04
   87.8050537        -2.04973141E-04
   87.9318466        -2.03604548E-04
   88.0586395        -2.02273310E-04
   88.1854324        -2.00998984E-04
   88.3122177        -1.99801070E-04
   88.4390106        -1.98698966E-04
   88.5658035        -1.97711663E-04
   88.6925964        -1.96857480E-04
   88.8193893        -1.96153822E-04
   88.9461823        -1.95616594E-04
   89.0729752        -1.95259854E-04
   89.1997681        -1.95095272E-04
   89.3265610        -1.95131477E-04
   89.4533539        -1.95373621E-04
   89.5801468        -1.95822839E-04
   89.7069397        -1.96475594E-04
   89.8337326        -1.97323156E-04
   89.9605255        -1.98351525E-04
   90.0873184        -1.99540766E-04
   90.2141113        -2.00865252E-04
   90.3409042        -2.02293653E-04
   90.4676971        -2.03788950E-04
   90.5944901        -2.05309450E-04
   90.7212830        -2.06808807E-04
   90.8480759        -2.08237179E-04
   90.9748688        -2.09542151E-04
   91.1016617        -2.10670099E-04
   91.2284546        -2.11567167E-04
   91.3552475        -2.12180908E-04
   91.4820404        -2.12461891E-04
   91.6088333        -2.12365005E-04
   91.7356262        -2.11850827E-04
   91.8624191        -2.10887258E-04
   91.9892120        -2.09450242E-04
   92.1159973        -2.07525052E-04
   92.2427902        -2.05106946E-04
   92.3695831        -2.02201409E-04
   92.4963760        -1.98824389E-04
   92.6231689        -1.95002212E-04
   92.7499619        -1.90770879E-04
   92.8767548        -1.86175224E-04
   93.0035477        -1.81267926E-04
   93.1303406        -1.76107860E-04
   93.2571335        -1.70758503E-04
   93.3839264        -1.65286096E-04
   93.5107193        -1.59757721E-04
   93.6375122        -1.54239387E-04
   93.7643051        -1.48794061E-04
   93.8910980        -1.43479730E-04
   94.0178909        -1.38348012E-04
   94.1446838        -1.33442372E-04
   94.2714767        -1.28797197E-04
   94.3982697        -1.24436730E-04
   94.5250626        -1.20374585E-04
   94.6518555        -1.16613563E-04
   94.7786484        -1.13145885E-04
   94.9054413        -1.09953704E-04
   95.0322342        -1.07010084E-04
   95.1590271        -1.04280065E-04
   95.2858200        -1.01722377E-04
   95.4126129        -9.92907662E-05
   95.5394058        -9.69360408E-05
   95.6661987        -9.46078144E-05
   95.7929916        -9.22564068E-05
   95.9197769        -8.98347062E-05
   96.0465698        -8.72998498E-05
   96.1733627        -8.46148250E-05
   96.3001556        -8.17497857E-05
   96.4269485        -7.86830715E-05
   96.5537415        -7.54019347E-05
   96.6805344        -7.19029558E-05
   96.8073273        -6.81920428E-05
   96.9341202        -6.42841333E-05
   97.0609131        -6.02026048E-05
   97.1877060        -5.59783730E-05
   97.3144989        -5.16487526E-05
   97.4412918        -4.72561223E-05
   97.5680847        -4.28464009E-05
   97.6948776        -3.84674313E-05
   97.8216705        -3.41673622E-05
   97.9484634        -2.99929670E-05
   98.0752563        -2.59881090E-05
   98.2020493        -2.21923037E-05
   98.3288422        -1.86395901E-05
   98.4556351        -1.53575020E-05
   98.5824280        -1.23663631E-05
   98.7092209        -9.67893175E-06
   98.8360138        -7.30016563E-06
   98.9628067        -5.22740356E-06
   99.0895996        -3.45063700E-06
   99.2163925        -1.95322582E-06
   99.3431854        -7.12583358E-07
   99.4699783         2.98851546E-07
   99.5967712         1.11249540E-06
   99.7235565         1.76250705E-06
   99.8503494         2.28463705E-06
   99.9771423         2.71514682E-06
   100.103935         3.08979838E-06
   100.230728         3.44294062E-06
   100.357521         3.80682400E-06
   100.484314         4.21102368E-06
   100.611107         4.68195913E-06
   100.737900         5.24275356E-06
   100.864693         5.91305889E-06
   100.991486         6.70907230E-06
   101.118279         7.64376546E-06
   101.245071         8.72705550E-06
   101.371864         9.96616563E-06
   101.498657         1.13659326E-05
   101.625450         1.29291238E-05
   101.752243         1.46567318E-05
   101.879036         1.65481397E-05
   102.005829         1.86012549E-05
   102.132622         2.08125075E-05
   102.259415         2.31767426E-05
   102.386208         2.56871172E-05
   102.513000         2.83348745E-05
   102.639793         3.11090189E-05
   102.766586         3.39961043E-05
   102.893379         3.69799200E-05
   103.020172         4.00412500E-05
   103.146965         4.31576736E-05
   103.273758         4.63034630E-05
   103.400551         4.94496380E-05
   103.527336         5.25641190E-05
   103.654129         5.56121231E-05
   103.780922         5.85566377E-05
   103.907715         6.13591692E-05
   104.034508         6.39805876E-05
   104.161301         6.63820465E-05
   104.288094         6.85261330E-05
   104.414886         7.03779078E-05
   104.541679         7.19062155E-05
   104.668472         7.30847387E-05
   104.795265         7.38931340E-05
   104.922058         7.43181081E-05
   105.048851         7.43541823E-05
   105.175644         7.40044488E-05
   105.302437         7.32809567E-05
   105.429230         7.22048644E-05
   105.556023         7.08063599E-05
   105.682816         6.91241439E-05
   105.809608         6.72048045E-05
   105.936401         6.51017253E-05
   106.063194         6.28739363E-05
   106.189987         6.05844762E-05
   106.316780         5.82988578E-05
   106.443573         5.60830777E-05
   106.570366         5.40017681E-05
   106.697159         5.21161674E-05
   106.823952         5.04822419E-05
   106.950745         4.91487881E-05
   107.077538         4.81557727E-05
   107.204330         4.75329689E-05
   107.331116         4.72987740E-05
   107.457909         4.74594053E-05
   107.584702         4.80085218E-05
   107.711494         4.89271115E-05
   107.838287         5.01838549E-05
   107.965080         5.17359258E-05
   108.091873         5.35300605E-05
   108.218666         5.55040642E-05
   108.345459         5.75886697E-05
   108.472252         5.97095313E-05
   108.599045         6.17895494E-05
   108.725838         6.37511839E-05
   108.852631         6.55188487E-05
   108.979424         6.70212175E-05
   109.106216         6.81935562E-05
   109.233009         6.89795779E-05
   109.359802         6.93332986E-05
   109.486595         6.92204703E-05
   109.613388         6.86195708E-05
   109.740181         6.75225747E-05
   109.866974         6.59351645E-05
   109.993767         6.38765268E-05
   110.120560         6.13787488E-05
   110.247353         5.84859226E-05
   110.374146         5.52525380E-05
   110.500938         5.17420558E-05
   110.627731         4.80248164E-05
   110.754524         4.41760749E-05
   110.881317         4.02737714E-05
   111.008102         3.63962063E-05
   111.134895         3.26198860E-05
   111.261688         2.90174012E-05
   111.388481         2.56554158E-05
   111.515274         2.25928998E-05
   111.642067         1.98795442E-05
   111.768860         1.75546993E-05
   111.895653         1.56464557E-05
   112.022446         1.41710871E-05
   112.149239         1.31329234E-05
   112.276031         1.25245879E-05
   112.402824         1.23274149E-05
   112.529617         1.25123161E-05
   112.656410         1.30408825E-05
   112.783203         1.38666064E-05
   112.909996         1.49365087E-05
   113.036789         1.61927346E-05
   113.163582         1.75743808E-05
   113.290375         1.90192877E-05
   113.417168         2.04658081E-05
   113.543961         2.18546083E-05
   113.670753         2.31302147E-05
   113.797546         2.42425322E-05
   113.924339         2.51480160E-05
   114.051132         2.58108375E-05
   114.177925         2.62036010E-05
   114.304718         2.63079728E-05
   114.431511         2.61149180E-05
   114.558304         2.56248022E-05
   114.685097         2.48469805E-05
   114.811882         2.37994318E-05
   114.938675         2.25078584E-05
   115.065468         2.10047219E-05
   115.192261         1.93281539E-05
   115.319054         1.75205878E-05
   115.445847         1.56273927E-05
   115.572639         1.36954850E-05
   115.699432         1.17718355E-05
   115.826225         9.90213539E-06
   115.953018         8.12936923E-06
   116.079811         6.49267122E-06
   116.206604         5.02619514E-06
   116.333397         3.75823834E-06
   116.460190         2.71062640E-06
   116.586983         1.89821606E-06
   116.713776         1.32877165E-06
   116.840569         1.00300804E-06
   116.967361         9.14869759E-07
   117.094154         1.05204913E-06
   117.220947         1.39659812E-06
   117.347740         1.92578113E-06
   117.474533         2.61305854E-06
   117.601326         3.42903536E-06
   117.728119         4.34262529E-06
   117.854912         5.32211607E-06
   117.981705         6.33625132E-06
   118.108498         7.35518825E-06
   118.235291         8.35138417E-06
   118.362083         9.30029910E-06
   118.488876         1.01808864E-05
   118.615662         1.09759712E-05
   118.742455         1.16724514E-05
   118.869247         1.22612300E-05
   118.996040         1.27370913E-05
   119.122833         1.30983708E-05
   119.249626         1.33465028E-05
   119.376419         1.34854517E-05
   119.503212         1.35210648E-05
   119.630005         1.34604024E-05
   119.756798         1.33110443E-05
   119.883591         1.30804610E-05
   120.010384         1.27754556E-05
   120.137177         1.24017470E-05
   120.263969         1.19636561E-05
   120.390762         1.14639415E-05
   120.517555         1.09038037E-05
   120.644348         1.02829990E-05
   120.771141         9.60010766E-06
   120.897934         8.85294685E-06
   121.024727         8.03904368E-06
   121.151520         7.15623355E-06
   121.278313         6.20331139E-06
   121.405106         5.18066281E-06
   121.531898         4.09086351E-06
   121.658691         2.93927633E-06
   121.785484         1.73436376E-06
   121.912277         4.88025023E-07
   122.039070        -7.84369774E-07
   122.165863        -2.06407003E-06
   122.292656        -3.32921513E-06
   122.419441        -4.55534837E-06
   122.546234        -5.71601322E-06
   122.673027        -6.78358128E-06
   122.799820        -7.73018564E-06
   122.926613        -8.52878838E-06
   123.053406        -9.15423243E-06
   123.180199        -9.58436067E-06
   123.306992        -9.80105870E-06
   123.433784        -9.79117431E-06
   123.560577        -9.54730785E-06
   123.687370        -9.06830974E-06
   123.814163        -8.35967148E-06
   123.940956        -7.43355940E-06
   124.067749        -6.30872592E-06
   124.194542        -5.00996475E-06
   124.321335        -3.56750320E-06
   124.448128        -2.01606326E-06
   124.574921        -3.93771302E-07
   124.701714         1.25923157E-06
   124.828506         2.90203411E-06
   124.955299         4.49453773E-06
   125.082092         5.99886926E-06
   125.208885         7.38071685E-06
   125.335678         8.61054195E-06
   125.462471         9.66463631E-06
   125.589264         1.05259041E-05
   125.716057         1.11843492E-05
   125.842850         1.16374222E-05
   125.969643         1.18899452E-05
   126.096436         1.19538336E-05
   126.223221         1.18474391E-05
   126.350014         1.15947678E-05
   126.476807         1.12243488E-05
   126.603600         1.07679361E-05
   126.730392         1.02591566E-05
   126.857185         9.73201531E-06
   126.983978         9.21943592E-06
   127.110771         8.75190926E-06
   127.237564         8.35620631E-06
   127.364357         8.05430500E-06
   127.491150         7.86249620E-06
   127.617943         7.79073798E-06
   127.744736         7.84227086E-06
   127.871529         8.01350325E-06
   127.998322         8.29419423E-06
   128.125107         8.66791743E-06
   128.251907         9.11279130E-06
   128.378693         9.60247144E-06
   128.505493         1.01072283E-05
   128.632278         1.05952940E-05
   128.759079         1.10341452E-05
   128.885864         1.13918668E-05
   129.012665         1.16384672E-05
   129.139450         1.17470890E-05
   129.266251         1.16950969E-05
   129.393036         1.14649729E-05
   129.519836         1.10450856E-05
   129.646622         1.04301425E-05
   129.773422         9.62144986E-06
   129.900208         8.62690104E-06
   130.027008         7.46072237E-06
   130.153793         6.14298960E-06
   130.280594         4.69895986E-06
   130.407379         3.15816828E-06
   130.534180         1.55362113E-06
   130.660965        -7.93718584E-08
   130.787766        -1.70411113E-06
   130.914551        -3.28357032E-06
   131.041351        -4.78144329E-06
   131.168137        -6.16302896E-06
   131.294937        -7.39609095E-06
   131.421722        -8.45165596E-06
   131.548523        -9.30457463E-06
   131.675308        -9.93408412E-06
   131.802109        -1.03240855E-05
   131.928894        -1.04634473E-05
   132.055679        -1.03461125E-05
   132.182480        -9.97109419E-06
   132.309265        -9.34249238E-06
   132.436066        -8.46931925E-06
   132.562851        -7.36537322E-06
   132.689651        -6.04896422E-06
   132.816437        -4.54263363E-06
   132.943237        -2.87275543E-06
   133.070023        -1.06913944E-06
   133.196823         8.35502419E-07
   133.323608         2.80611039E-06
   133.450409         4.80589688E-06
   133.577194         6.79703498E-06
   133.703995         8.74139732E-06
   133.830780         1.06013540E-05
   133.957581         1.23405862E-05
   134.084366         1.39249441E-05
   134.211166         1.53232850E-05
   134.337952         1.65083056E-05
   134.464752         1.74572160E-05
   134.591537         1.81524319E-05
   134.718338         1.85819863E-05
   134.845123         1.87398709E-05
   134.971924         1.86261441E-05
   135.098709         1.82467411E-05
   135.225510         1.76133526E-05
   135.352295         1.67426697E-05
   135.479095         1.56558763E-05
   135.605881         1.43776570E-05
   135.732666         1.29352056E-05
   135.859467         1.13571514E-05
   135.986252         9.67232154E-06
   136.113052         7.90862396E-06
   136.239838         6.09200515E-06
   136.366638         4.24539985E-06
   136.493423         2.38804546E-06
   136.620224         5.34906462E-07
   136.747009        -1.30362901E-06
   136.873810        -3.12170687E-06
   137.000595        -4.91783885E-06
   137.127396        -6.69435303E-06
   137.254181        -8.45667819E-06
   137.380981        -1.02123504E-05
   137.507767        -1.19700007E-05
   137.634567        -1.37381194E-05
   137.761353        -1.55238831E-05
   137.888153        -1.73319568E-05
   138.014938        -1.91634881E-05
   138.141739        -2.10151793E-05
   138.268524        -2.28787139E-05
   138.395325        -2.47403877E-05
   138.522110        -2.65810268E-05
   138.648911        -2.83763329E-05
   138.775696        -3.00974698E-05
   138.902496        -3.17119448E-05
   139.029282        -3.31847914E-05
   139.156082        -3.44799264E-05
   139.282867        -3.55616685E-05
   139.409653        -3.63963845E-05
   139.536453        -3.69540867E-05
   139.663239        -3.72099821E-05
   139.790039        -3.71459137E-05
   139.916824        -3.67514913E-05
   140.043625        -3.60249651E-05
   140.170410        -3.49738038E-05
   140.297211        -3.36147750E-05
   140.423996        -3.19737374E-05
   140.550797        -3.00849515E-05
   140.677582        -2.79900869E-05
   140.804382        -2.57368847E-05
   140.931168        -2.33774736E-05
   141.057968        -2.09665995E-05
   141.184753        -1.85595181E-05
   141.311554        -1.62100187E-05
   141.438339        -1.39683671E-05
   141.565140        -1.18793423E-05
   141.691925        -9.98061932E-06
   141.818726        -8.30129193E-06
   141.945511        -6.86085014E-06
   142.072311        -5.66850395E-06
   142.199097        -4.72300508E-06
   142.325897        -4.01286343E-06
   142.452682        -3.51700487E-06
   142.579483        -3.20583035E-06
   142.706268        -3.04268428E-06
   142.833069        -2.98552845E-06
   142.959854        -2.98892974E-06
   143.086655        -3.00615625E-06
   143.213440        -2.99135809E-06
   143.340225        -2.90167077E-06
   143.467026        -2.69923339E-06
   143.593811        -2.35291418E-06
   143.720612        -1.83977568E-06
   143.847397        -1.14612578E-06
   143.974197        -2.68179832E-07
   144.100983         7.87734280E-07
   144.227783         2.00539694E-06
   144.354568         3.35937602E-06
   144.481369         4.81608095E-06
   144.608154         6.33520904E-06
   144.734955         7.87146018E-06
   144.861740         9.37654750E-06
   144.988541         1.08012700E-05
   145.115326         1.20977429E-05
   145.242126         1.32214782E-05
   145.368912         1.41333767E-05
   145.495712         1.48014660E-05
   145.622498         1.52022876E-05
   145.749298         1.53219589E-05
   145.876083         1.51568120E-05
   146.002884         1.47135097E-05
   146.129669         1.40089760E-05
   146.256470         1.30695371E-05
   146.383255         1.19299475E-05
   146.510056         1.06319139E-05
   146.636841         9.22234449E-06
   146.763641         7.75134140E-06
   146.890427         6.27004010E-06
   147.017212         4.82855376E-06
   147.144012         3.47377636E-06
   147.270798         2.24745327E-06
   147.397598         1.18449884E-06
   147.524384         3.11636512E-07
   147.651184        -3.53729661E-07
   147.777969        -8.04017418E-07
   147.904770        -1.04180276E-06
   148.031555        -1.07950700E-06
   148.158356        -9.38804817E-07
   148.285141        -6.49513140E-07
   148.411942        -2.48169471E-07
   148.538727         2.23644363E-07
   148.665527         7.21326899E-07
   148.792313         1.19922697E-06
   148.919113         1.61281412E-06
   149.045898         1.92064317E-06
   149.172699         2.08622919E-06
   149.299484         2.07964877E-06
   149.426285         1.87885666E-06
   149.553070         1.47067806E-06
   149.679871         8.51396749E-07
   149.806656         2.69276068E-08
   149.933456        -9.87454996E-07
   150.060242        -2.16778994E-06
   150.187042        -3.48252456E-06
   150.313828        -4.89397189E-06
   150.440628        -6.36001005E-06
   150.567413        -7.83603537E-06
   150.694214        -9.27694600E-06
   150.820999        -1.06391999E-05
   150.947784        -1.18827475E-05
   151.074585        -1.29728305E-05
   151.201370        -1.38815212E-05
   151.328171        -1.45890181E-05
   151.454956        -1.50845517E-05
   151.581757        -1.53669171E-05
   151.708542        -1.54445806E-05
   151.835342        -1.53353249E-05
   151.962128        -1.50654751E-05
   152.088928        -1.46687189E-05
   152.215714        -1.41845576E-05
   152.342514        -1.36565468E-05
   152.469299        -1.31302886E-05
   152.596100        -1.26513878E-05
   152.722885        -1.22634438E-05
   152.849686        -1.20059512E-05
   152.976471        -1.19126125E-05
   153.103271        -1.20096383E-05
   153.230057        -1.23144546E-05
   153.356857        -1.28347647E-05
   153.483643        -1.35679820E-05
   153.610443        -1.45011509E-05
   153.737228        -1.56112692E-05
   153.864029        -1.68660699E-05
   153.990814        -1.82252152E-05
   154.117615        -1.96418059E-05
   154.244400        -2.10640810E-05
   154.371201        -2.24374071E-05
   154.497986        -2.37062959E-05
   154.624771        -2.48164251E-05
   154.751572        -2.57166739E-05
   154.878357        -2.63610218E-05
   155.005157        -2.67103078E-05
   155.131943        -2.67336127E-05
   155.258743        -2.64094942E-05
   155.385529        -2.57266674E-05
   155.512329        -2.46845266E-05
   155.639114        -2.32929924E-05
   155.765915        -2.15722630E-05
   155.892700        -1.95520079E-05
   156.019501        -1.72704349E-05
   156.146286        -1.47730270E-05
   156.273087        -1.21111461E-05
   156.399872        -9.34050968E-06
   156.526672        -6.51950404E-06
   156.653458        -3.70751400E-06
   156.780258        -9.63257662E-07
   156.907043         1.65686629E-06
   157.033844         4.10019175E-06
   157.160629         6.31913463E-06
   157.287430         8.27222266E-06
   157.414215         9.92496734E-06
   157.541016         1.12504549E-05
   157.667801         1.22297197E-05
   157.794601         1.28519196E-05
   157.921387         1.31143333E-05
   158.048187         1.30221124E-05
   158.174973         1.25878951E-05
   158.301773         1.18312109E-05
   158.428558         1.07777632E-05
   158.555344         9.45853117E-06
   158.682144         7.90884405E-06
   158.808929         6.16732405E-06
   158.935730         4.27491932E-06
   159.062515         2.27387090E-06
   159.189316         2.06796031E-07
   159.316101        -1.88420665E-06
   159.442902        -3.95844063E-06
   159.569687        -5.97731787E-06
   159.696487        -7.90506419E-06
   159.823273        -9.70932069E-06
   159.950073        -1.13615770E-05
   160.076859        -1.28375332E-05
   160.203659        -1.41172613E-05
