  -4.50000000         0.00000000    
  -4.37320757         0.00000000    
  -4.24641466         0.00000000    
  -4.11962223         0.00000000    
  -3.99282932         0.00000000    
  -3.86603665         0.00000000    
  -3.73924398         0.00000000    
  -3.61245155        -7.57872476E-31
  -3.48565888        -1.69607115E-30
  -3.35886621        -1.61370706E-29
  -3.23207355        -4.53350277E-29
  -3.10528088         1.10472148E-28
  -2.97848821         1.05546719E-27
  -2.85169554         3.40932780E-27
  -2.72490287         4.84447032E-27
  -2.59811020        -7.63211678E-27
  -2.47131753        -6.73870870E-26
  -2.34452486        -2.21850933E-25
  -2.21773219        -4.68526530E-25
  -2.09093952        -5.81577990E-25
  -1.96414697         1.69425653E-25
  -1.83735430         3.23291509E-24
  -1.71056163         1.04550213E-23
  -1.58376896         2.25272027E-23
  -1.45697629         3.57342504E-23
  -1.33018374         3.77350446E-23
  -1.20339108         5.43954265E-24
  -1.07659841        -8.93404854E-23
 -0.949805737        -2.60185663E-22
 -0.823013067        -4.70639263E-22
 -0.696220458        -5.93288529E-22
 -0.569427788        -3.90597194E-22
 -0.442635119         4.42085628E-22
 -0.315842479         2.13610871E-21
 -0.189049825         4.61369963E-21
  -6.22571707E-02     7.22929764E-21
   6.45354837E-02     8.64273281E-21
  0.191328138         7.02578697E-21
  0.318120778         7.57133803E-22
  0.444913447        -1.04179989E-20
  0.571706116        -2.40815848E-20
  0.698498726        -3.43235170E-20
  0.825291395        -3.22163746E-20
  0.952084064        -8.24600681E-21
   1.07887673         4.32099603E-20
   1.20566940         1.18202145E-19
   1.33246195         1.98221982E-19
   1.45925462         2.48524166E-19
   1.58604729         2.22307142E-19
   1.71283996         7.21116736E-20
   1.83963263        -2.32460267E-19
   1.96642530        -6.84419785E-19
   2.09321785        -1.22259952E-18
   2.22001052        -1.72547187E-18
   2.34680319        -2.02123237E-18
   2.47359586        -1.91591056E-18
   2.60038853        -1.23585953E-18
   2.72718120         1.24157096E-19
   2.85397387         2.15852222E-18
   2.98076653         4.72344490E-18
   3.10755920         7.52824520E-18
   3.23435187         1.01408389E-17
   3.36114454         1.19979901E-17
   3.48793697         1.24133307E-17
   3.61472964         1.05894363E-17
   3.74152231         5.66180852E-18
   3.86831498        -3.17560510E-18
   3.99510765        -1.64067403E-17
   4.12190056        -3.37580051E-17
   4.24869299        -5.36209476E-17
   4.37548542        -7.24633907E-17
   4.50227833        -8.44721077E-17
   4.62907076        -8.17541245E-17
   4.75586367        -5.54223749E-17
   4.88265610         2.24036017E-18
   5.00944901         9.46284430E-17
   5.13624144         2.17164253E-16
   5.26303434         3.54078460E-16
   5.38982677         4.76873779E-16
   5.51661968         5.45777103E-16
   5.64341211         5.15146169E-16
   5.77020502         3.43008957E-16
   5.89699745         3.75983201E-18
   6.02379036        -4.98239920E-16
   6.15058279        -1.11748612E-15
   6.27737522        -1.76238207E-15
   6.40416813        -2.29988228E-15
   6.53096056        -2.57161532E-15
   6.65775347        -2.42097835E-15
   6.78454590        -1.72779782E-15
   6.91133881        -4.44434217E-16
   7.03813124         1.37464670E-15
   7.16492414         3.55808006E-15
   7.29171658         5.82424979E-15
   7.41850948         7.81261347E-15
   7.54530191         9.13823105E-15
   7.67209482         9.46291317E-15
   7.79888725         8.57213267E-15
   7.92567968         6.44393020E-15
   8.05247211         3.29600044E-15
   8.17926502        -4.00880497E-16
   8.30605793        -3.95043207E-15
   8.43285084        -6.50112017E-15
   8.55964279        -7.15470435E-15
   8.68643570        -5.10331803E-15
   8.81322861         2.18670065E-16
   8.94002151         8.98412526E-15
   9.06681347         2.08404884E-14
   9.19360638         3.48109840E-14
   9.32039928         4.92438223E-14
   9.44719219         6.18210723E-14
   9.57398415         6.96359474E-14
   9.70077705         6.93429892E-14
   9.82756996         5.73819692E-14
   9.95436192         3.02687359E-14
   10.0811548        -1.50588516E-14
   10.2079477        -8.08597370E-14
   10.3347406        -1.68200320E-13
   10.4615326        -2.76587889E-13
   10.5883255        -4.03662347E-13
   10.7151184        -5.44979318E-13
   10.8419113        -6.93914110E-13
   10.9687033        -8.41705232E-13
   11.0954962        -9.77647867E-13
   11.2222891        -1.08942618E-12
   11.3490820        -1.16356718E-12
   11.4758739        -1.18597612E-12
   11.6026669        -1.14251306E-12
   11.7294598        -1.01955868E-12
   11.8562517        -8.04532059E-13
   11.9830446        -4.86330594E-13
   12.1098375        -5.56878830E-14
   12.2366304         4.94525319E-13
   12.3634224         1.16899719E-12
   12.4902153         1.96959029E-12
   12.6170082         2.89476993E-12
   12.7438011         3.93874993E-12
   12.8705931         5.09025894E-12
   12.9973860         6.33089197E-12
   13.1241789         7.63304610E-12
   13.2509708         8.95749620E-12
   13.3777637         1.02507898E-11
   13.5045567         1.14426238E-11
   13.6313496         1.24435306E-11
   13.7581415         1.31431654E-11
   13.8849344         1.34096215E-11
   14.0117273         1.30901557E-11
   14.1385202         1.20137711E-11
   14.2653122         9.99620439E-12
   14.3921051         6.84763010E-12
   14.5188980         2.38363127E-12
   14.6456909        -3.56031871E-12
   14.7724829        -1.11108111E-11
   14.8992758        -2.03349334E-11
   15.0260687        -3.12157973E-11
   15.1528606        -4.36262138E-11
   15.2796535        -5.73018855E-11
   15.4064465        -7.18165458E-11
   15.5332394        -8.65613692E-11
   15.6600313        -1.00731645E-10
   15.7868242        -1.13324482E-10
   15.9136171        -1.23149990E-10
   16.0404091        -1.28859590E-10
   16.1672020        -1.28993038E-10
   16.2939949        -1.22046068E-10
   16.4207878        -1.06557735E-10
   16.5475807        -8.12170400E-11
   16.6743736        -4.49840894E-11
   16.8011646         2.77800808E-12
   16.9279575         6.21684162E-11
   17.0547504         1.32618652E-10
   17.1815434         2.12777282E-10
   17.3083363         3.00419994E-10
   17.4351292         3.92394783E-10
   17.5619221         4.84613627E-10
   17.6887150         5.72097314E-10
   17.8155060         6.49083343E-10
   17.9422989         7.09199810E-10
   18.0690918         7.45705386E-10
   18.1958847         7.51796236E-10
   18.3226776         7.20968452E-10
   18.4494705         6.47428833E-10
   18.5762634         5.26536537E-10
   18.7030544         3.55255519E-10
   18.8298473         1.32595837E-10
   18.9566402        -1.39983983E-10
   19.0834332        -4.58238475E-10
   19.2102261        -8.14891821E-10
   19.3370190        -1.19951227E-09
   19.4638119        -1.59853197E-09
   19.5906048        -1.99542671E-09
   19.7173958        -2.37107267E-09
   19.8441887        -2.70428324E-09
   19.9709816        -2.97252511E-09
   20.0977745        -3.15279847E-09
   20.2245674        -3.22266169E-09
   20.3513603        -3.16136806E-09
   20.4781532        -2.95107627E-09
   20.6049442        -2.57808530E-09
   20.7317371        -2.03403916E-09
   20.8585300        -1.31704270E-09
   20.9853230        -4.32624964E-10
   21.1121159         6.05505757E-10
   21.2389088         1.77498316E-09
   21.3657017         3.04462744E-09
   21.4924946         4.37465753E-09
   21.6192856         5.71731240E-09
   21.7460785         7.01789427E-09
   21.8728714         8.21624457E-09
   21.9996643         9.24862320E-09
   22.1264572         1.00499884E-08
   22.2532501         1.05565796E-08
   22.3800430         1.07087743E-08
   22.5068340         1.04540812E-08
   22.6336269         9.75020686E-09
   22.7604198         8.56801030E-09
   22.8872128         6.89427848E-09
   23.0140057         4.73412820E-09
   23.1407986         2.11291162E-09
   23.2675915        -9.22492860E-10
   23.3943844        -4.30315517E-09
   23.5211754        -7.93841259E-09
   23.6479683        -1.17171206E-08
   23.7747612        -1.55098725E-08
   23.9015541        -1.91722087E-08
   24.0283470        -2.25487682E-08
   24.1551399        -2.54783235E-08
   24.2819328        -2.77995316E-08
   24.4087238        -2.93573645E-08
   24.5355167        -3.00097973E-08
   24.6623096        -2.96347586E-08
   24.7891026        -2.81368795E-08
   24.9158955        -2.54538524E-08
   25.0426884        -2.15620908E-08
   25.1694813        -1.64813283E-08
   25.2962742        -1.02779509E-08
   25.4230652        -3.06677683E-09
   25.5498581         4.98894082E-09
   25.6766510         1.36794247E-08
   25.8034439         2.27522783E-08
   25.9302368         3.19184323E-08
   26.0570297         4.08599909E-08
   26.1838226         4.92398868E-08
   26.3106136         5.67130627E-08
   26.4374065         6.29388310E-08
   26.5641994         6.75940370E-08
   26.6909924         7.03865339E-08
   26.8177853         7.10684631E-08
   26.9445782         6.94487596E-08
   27.0713711         6.54043006E-08
   27.1981640         5.88893627E-08
   27.3249550         4.99425283E-08
   27.4517479         3.86909171E-08
   27.5785408         2.53512233E-08
   27.7053337         1.02273843E-08
   27.8321266        -6.29522168E-09
   27.9589195        -2.37591582E-08
   28.0857124        -4.16474890E-08
   28.2125034        -5.93994578E-08
   28.3392963        -7.64286412E-08
   28.4660892        -9.21430114E-08
   28.5928822        -1.05966379E-07
   28.7196751        -1.17360116E-07
   28.8464680        -1.25844522E-07
   28.9732609        -1.31019007E-07
   29.1000538        -1.32579771E-07
   29.2268448        -1.30335025E-07
   29.3536377        -1.24215831E-07
   29.4804306        -1.14282976E-07
   29.6072235        -1.00728911E-07
   29.7340164        -8.38744256E-08
   29.8608093        -6.41603393E-08
   29.9876022        -4.21339017E-08
   30.1143932        -1.84306010E-08
   30.2411861         6.24814911E-09
   30.3679790         3.11606776E-08
   30.4947720         5.55530093E-08
   30.6215649         7.86882097E-08
   30.7483578         9.98754430E-08
   30.8751507         1.18498136E-07
   31.0019417         1.34039269E-07
   31.1287346         1.46103076E-07
   31.2555275         1.54431902E-07
   31.3823204         1.58917317E-07
   31.5091133         1.59604653E-07
   31.6359062         1.56691215E-07
   31.7626991         1.50516840E-07
   31.8894920         1.41548469E-07
   32.0162849         1.30358103E-07
   32.1430779         1.17595810E-07
   32.2698708         1.03958236E-07
   32.3966637         9.01547068E-08
   32.5234528         7.68715225E-08
   32.6502457         6.47373497E-08
   32.7770386         5.42898917E-08
   32.9038315         4.59466918E-08
   33.0306244         3.99809501E-08
   33.1574173         3.65036037E-08
   33.2842102         3.54530627E-08
   33.4110031         3.65928869E-08
   33.5377960         3.95178361E-08
   33.6645889         4.36684147E-08
   33.7913818         4.83531615E-08
   33.9181747         5.27779918E-08
   34.0449677         5.60813938E-08
   34.1717606         5.73735193E-08
   34.2985535         5.57784041E-08
   34.4253426         5.04765687E-08
   34.5521355         4.07460803E-08
   34.6789284         2.60005866E-08
   34.8057213         5.82253801E-09
   34.9325142        -2.00106385E-08
   35.0593071        -5.15082590E-08
   35.1861000        -8.84569289E-08
   35.3128929        -1.30419735E-07
   35.4396858        -1.76746511E-07
   35.5664787        -2.26591069E-07
   35.6932716        -2.78937819E-07
   35.8200645        -3.32634642E-07
   35.9468575        -3.86430486E-07
   36.0736504        -4.39016702E-07
   36.2004433        -4.89068100E-07
   36.3272324        -5.35284016E-07
   36.4540253        -5.76424043E-07
   36.5808182        -6.11339544E-07
   36.7076111        -6.38997960E-07
   36.8344040        -6.58496504E-07
   36.9611969        -6.69070005E-07
   37.0879898        -6.70086479E-07
   37.2147827        -6.61034619E-07
   37.3415756        -6.41503846E-07
   37.4683685        -6.11158555E-07
   37.5951614        -5.69709130E-07
   37.7219543        -5.16879822E-07
   37.8487473        -4.52381784E-07
   37.9755402        -3.75888419E-07
   38.1023293        -2.87023255E-07
   38.2291222        -1.85356100E-07
   38.3559151        -7.04144725E-08
   38.4827080         5.82876609E-08
   38.6095009         2.01205097E-07
   38.7362938         3.58697946E-07
   38.8630867         5.30951183E-07
   38.9898796         7.17877526E-07
   39.1166725         9.19009096E-07
   39.2434654         1.13337842E-06
   39.3702583         1.35939274E-06
   39.4970512         1.59471313E-06
   39.6238441         1.83613531E-06
   39.7506371         2.07948256E-06
   39.8774300         2.31952163E-06
   40.0042191         2.54989754E-06
   40.1310120         2.76309765E-06
   40.2578049         2.95045561E-06
   40.3845978         3.10218547E-06
   40.5113907         3.20746199E-06
   40.6381836         3.25453834E-06
   40.7649765         3.23090853E-06
   40.8917694         3.12350357E-06
   41.0185623         2.91892479E-06
   41.1453552         2.60370643E-06
   41.2721481         2.16460262E-06
   41.3989410         1.58889134E-06
   41.5257339         8.64672018E-07
   41.6525269        -1.88187670E-08
   41.7793198        -1.07092501E-06
   41.9061089        -2.29930038E-06
   42.0329018        -3.70967587E-06
   42.1596947        -5.30566422E-06
   42.2864876        -7.08861717E-06
   42.4132805        -9.05754587E-06
   42.5400734        -1.12090856E-05
   42.6668663        -1.35375385E-05
   42.7936592        -1.60349773E-05
   42.9204521        -1.86914167E-05
   43.0472450        -2.14950178E-05
   43.1740379        -2.44324074E-05
   43.3008308        -2.74889571E-05
   43.4276237        -3.06491784E-05
   43.5544167        -3.38970931E-05
   43.6812096        -3.72166396E-05
   43.8079987        -4.05920546E-05
   43.9347916        -4.40082731E-05
   44.0615845        -4.74512162E-05
   44.1883774        -5.09082092E-05
   44.3151703        -5.43681199E-05
   44.4419632        -5.78216022E-05
   44.5687561        -6.12612057E-05
   44.6955490        -6.46813423E-05
   44.8223419        -6.80783196E-05
   44.9491348        -7.14501439E-05
   45.0759277        -7.47963131E-05
   45.2027206        -7.81175040E-05
   45.3295135        -8.14151645E-05
   45.4563065        -8.46912371E-05
   45.5830994        -8.79474828E-05
   45.7098885        -9.11851384E-05
   45.8366814        -9.44043568E-05
   45.9634743        -9.76037554E-05
   46.0902672        -1.00779871E-04
   46.2170601        -1.03926846E-04
   46.3438530        -1.07036074E-04
   46.4706459        -1.10095876E-04
   46.5974388        -1.13091468E-04
   46.7242317        -1.16004841E-04
   46.8510246        -1.18814896E-04
   46.9778175        -1.21497680E-04
   47.1046104        -1.24026701E-04
   47.2314034        -1.26373430E-04
   47.3581963        -1.28507963E-04
   47.4849892        -1.30399610E-04
   47.6117783        -1.32017813E-04
   47.7385712        -1.33332971E-04
   47.8653641        -1.34317306E-04
   47.9921570        -1.34945920E-04
   48.1189499        -1.35197552E-04
   48.2457428        -1.35055656E-04
   48.3725357        -1.34509028E-04
   48.4993286        -1.33552690E-04
   48.6261215        -1.32188332E-04
   48.7529144        -1.30424858E-04
   48.8797073        -1.28278640E-04
   49.0065002        -1.25773586E-04
   49.1332932        -1.22941012E-04
   49.2600861        -1.19819371E-04
   49.3868790        -1.16453775E-04
   49.5136681        -1.12895264E-04
   49.6404610        -1.09199900E-04
   49.7672539        -1.05427775E-04
   49.8940468        -1.01641919E-04
   50.0208397        -9.79069227E-05
   50.1476326        -9.42876941E-05
   50.2744255        -9.08480142E-05
   50.4012184        -8.76492923E-05
   50.5280113        -8.47490955E-05
   50.6548042        -8.22000584E-05
   50.7815971        -8.00486232E-05
   50.9083900        -7.83341166E-05
   51.0351830        -7.70879196E-05
   51.1619759        -7.63328353E-05
   51.2887688        -7.60826733E-05
   51.4155579        -7.63420030E-05
   51.5423508        -7.71062332E-05
   51.6691437        -7.83618307E-05
   51.7959366        -8.00866983E-05
   51.9227295        -8.22508810E-05
   52.0495224        -8.48173659E-05
   52.1763153        -8.77430284E-05
   52.3031082        -9.09796363E-05
   52.4299011        -9.44751009E-05
   52.5566940        -9.81746416E-05
   52.6834869        -1.02021942E-04
   52.8102798        -1.05960455E-04
   52.9370728        -1.09934466E-04
   53.0638657        -1.13890201E-04
   53.1906586        -1.17776719E-04
   53.3174477        -1.21546829E-04
   53.4442406        -1.25157763E-04
   53.5710335        -1.28571599E-04
   53.6978264        -1.31755762E-04
   53.8246193        -1.34683141E-04
   53.9514122        -1.37332201E-04
   54.0782051        -1.39686847E-04
   54.2049980        -1.41736236E-04
   54.3317909        -1.43474346E-04
   54.4585838        -1.44899692E-04
   54.5853767        -1.46014732E-04
   54.7121696        -1.46825318E-04
   54.8389626        -1.47340208E-04
   54.9657555        -1.47570434E-04
   55.0925484        -1.47528903E-04
   55.2193375        -1.47229614E-04
   55.3461304        -1.46687598E-04
   55.4729233        -1.45918355E-04
   55.5997162        -1.44937585E-04
   55.7265091        -1.43761048E-04
   55.8533020        -1.42404417E-04
   55.9800949        -1.40883276E-04
   56.1068878        -1.39213167E-04
   56.2336807        -1.37409574E-04
   56.3604736        -1.35488284E-04
   56.4872665        -1.33465393E-04
   56.6140594        -1.31357490E-04
   56.7408524        -1.29181935E-04
   56.8676453        -1.26956977E-04
   56.9944382        -1.24701837E-04
   57.1212273        -1.22436759E-04
   57.2480202        -1.20183126E-04
   57.3748131        -1.17963275E-04
   57.5016060        -1.15800431E-04
   57.6283989        -1.13718357E-04
   57.7551918        -1.11741268E-04
   57.8819847        -1.09893226E-04
   58.0087776        -1.08197906E-04
   58.1355705        -1.06677981E-04
   58.2623634        -1.05354688E-04
   58.3891563        -1.04247287E-04
   58.5159492        -1.03372564E-04
   58.6427422        -1.02744307E-04
   58.7695351        -1.02372891E-04
   58.8963280        -1.02264916E-04
   59.0231171        -1.02422782E-04
   59.1499100        -1.02844744E-04
   59.2767029        -1.03524493E-04
   59.4034958        -1.04451428E-04
   59.5302887        -1.05610634E-04
   59.6570816        -1.06983178E-04
   59.7838745        -1.08546439E-04
   59.9106674        -1.10274610E-04
   60.0374603        -1.12139147E-04
   60.1642532        -1.14109440E-04
   60.2910461        -1.16153424E-04
   60.4178391        -1.18238328E-04
   60.5446320        -1.20331286E-04
   60.6714249        -1.22400088E-04
   60.7982178        -1.24413869E-04
   60.9250069        -1.26343584E-04
   61.0517998        -1.28162748E-04
   61.1785927        -1.29847671E-04
   61.3053856        -1.31378052E-04
   61.4321785        -1.32737128E-04
   61.5589714        -1.33911948E-04
   61.6857643        -1.34893373E-04
   61.8125572        -1.35676091E-04
   61.9393501        -1.36258532E-04
   62.0661430        -1.36642702E-04
   62.1929359        -1.36833856E-04
   62.3197289        -1.36840274E-04
   62.4465218        -1.36672839E-04
   62.5733147        -1.36344694E-04
   62.7001076        -1.35870781E-04
   62.8268967        -1.35267503E-04
   62.9536896        -1.34552320E-04
   63.0804825        -1.33743248E-04
   63.2072754        -1.32858680E-04
   63.3340683        -1.31916997E-04
   63.4608612        -1.30936140E-04
   63.5876541        -1.29933658E-04
   63.7144470        -1.28926200E-04
   63.8412399        -1.27929612E-04
   63.9680328        -1.26958665E-04
   64.0948257        -1.26027051E-04
   64.2216187        -1.25147286E-04
   64.3484116        -1.24330720E-04
   64.4752045        -1.23587641E-04
   64.6019974        -1.22927057E-04
   64.7287903        -1.22357043E-04
   64.8555832        -1.21884601E-04
   64.9823761        -1.21515804E-04
   65.1091690        -1.21255922E-04
   65.2359619        -1.21109406E-04
   65.3627548        -1.21080076E-04
   65.4895477        -1.21171244E-04
   65.6163330        -1.21385725E-04
   65.7431259        -1.21726072E-04
   65.8699188        -1.22194600E-04
   65.9967117        -1.22793557E-04
   66.1235046        -1.23525198E-04
   66.2502975        -1.24391954E-04
   66.3770905        -1.25396429E-04
   66.5038834        -1.26541592E-04
   66.6306763        -1.27830703E-04
   66.7574692        -1.29267413E-04
   66.8842621        -1.30855769E-04
   67.0110550        -1.32600006E-04
   67.1378479        -1.34504633E-04
   67.2646408        -1.36574148E-04
   67.3914337        -1.38812844E-04
   67.5182266        -1.41224577E-04
   67.6450195        -1.43812445E-04
   67.7718124        -1.46578357E-04
   67.8986053        -1.49522748E-04
   68.0253983        -1.52644076E-04
   68.1521912        -1.55938411E-04
   68.2789841        -1.59399104E-04
   68.4057770        -1.63016273E-04
   68.5325699        -1.66776459E-04
   68.6593628        -1.70662519E-04
   68.7861557        -1.74653207E-04
   68.9129486        -1.78723232E-04
   69.0397415        -1.82843301E-04
   69.1665344        -1.86980222E-04
   69.2933273        -1.91097264E-04
   69.4201126        -1.95154600E-04
   69.5469055        -1.99110014E-04
   69.6736984        -2.02919589E-04
   69.8004913        -2.06538563E-04
   69.9272842        -2.09922349E-04
   70.0540771        -2.13027641E-04
   70.1808701        -2.15813387E-04
   70.3076630        -2.18242145E-04
   70.4344559        -2.20281145E-04
   70.5612488        -2.21903189E-04
   70.6880417        -2.23087802E-04
   70.8148346        -2.23821960E-04
   70.9416275        -2.24100950E-04
   71.0684204        -2.23928611E-04
   71.1952133        -2.23317707E-04
   71.3220062        -2.22290022E-04
   71.4487991        -2.20875983E-04
   71.5755920        -2.19114212E-04
   71.7023849        -2.17050911E-04
   71.8291779        -2.14738597E-04
   71.9559708        -2.12235260E-04
   72.0827637        -2.09602687E-04
   72.2095566        -2.06905039E-04
   72.3363495        -2.04207274E-04
   72.4631424        -2.01573304E-04
   72.5899353        -1.99064438E-04
   72.7167282        -1.96737601E-04
   72.8435211        -1.94643813E-04
   72.9703140        -1.92826905E-04
   73.0971069        -1.91322120E-04
   73.2238922        -1.90155217E-04
   73.3506851        -1.89341881E-04
   73.4774780        -1.88887163E-04
   73.6042709        -1.88785547E-04
   73.7310638        -1.89021244E-04
   73.8578568        -1.89568440E-04
   73.9846497        -1.90392588E-04
   74.1114426        -1.91451225E-04
   74.2382355        -1.92695559E-04
   74.3650284        -1.94071952E-04
   74.4918213        -1.95523593E-04
   74.6186142        -1.96992449E-04
   74.7454071        -1.98420836E-04
   74.8722000        -1.99753573E-04
   74.9989929        -2.00939263E-04
   75.1257858        -2.01932096E-04
   75.2525787        -2.02693089E-04
   75.3793716        -2.03191041E-04
   75.5061646        -2.03403484E-04
   75.6329575        -2.03316944E-04
   75.7597504        -2.02927244E-04
   75.8865433        -2.02238967E-04
   76.0133362        -2.01265182E-04
   76.1401291        -2.00026509E-04
   76.2669220        -1.98549809E-04
   76.3937149        -1.96867026E-04
   76.5205078        -1.95013505E-04
   76.6473007        -1.93026310E-04
   76.7740936        -1.90942592E-04
   76.9008865        -1.88797727E-04
   77.0276718        -1.86623816E-04
   77.1544647        -1.84448072E-04
   77.2812576        -1.82291653E-04
   77.4080505        -1.80168514E-04
   77.5348434        -1.78084825E-04
   77.6616364        -1.76038346E-04
   77.7884293        -1.74018816E-04
   77.9152222        -1.72007742E-04
   78.0420151        -1.69979714E-04
   78.1688080        -1.67902937E-04
   78.2956009        -1.65740857E-04
   78.4223938        -1.63453777E-04
   78.5491867        -1.61000644E-04
   78.6759796        -1.58340932E-04
   78.8027725        -1.55436937E-04
   78.9295654        -1.52255525E-04
   79.0563583        -1.48770298E-04
   79.1831512        -1.44963284E-04
   79.3099442        -1.40826640E-04
   79.4367371        -1.36363829E-04
   79.5635300        -1.31590525E-04
   79.6903229        -1.26535349E-04
   79.8171158        -1.21239667E-04
   79.9439087        -1.15757692E-04
   80.0707016        -1.10155423E-04
   80.1974945        -1.04509658E-04
   80.3242874        -9.89064720E-05
   80.4510803        -9.34391501E-05
   80.5778732        -8.82063541E-05
   80.7046585        -8.33093436E-05
   80.8314514        -7.88498146E-05
   80.9582443        -7.49270257E-05
   81.0850372        -7.16354116E-05
   81.2118301        -6.90619854E-05
   81.3386230        -6.72840542E-05
   81.4654160        -6.63671963E-05
   81.5922089        -6.63634637E-05
   81.7190018        -6.73100221E-05
   81.8457947        -6.92281465E-05
   81.9725876        -7.21226388E-05
   82.0993805        -7.59817485E-05
   82.2261734        -8.07775141E-05
   82.3529663        -8.64664034E-05
   82.4797592        -9.29905655E-05
   82.6065521        -1.00279263E-04
   82.7333450        -1.08250657E-04
   82.8601379        -1.16813833E-04
   82.9869308        -1.25871054E-04
   83.1137238        -1.35320006E-04
   83.2405167        -1.45056052E-04
   83.3673096        -1.54974623E-04
   83.4941025        -1.64973229E-04
   83.6208954        -1.74953573E-04
   83.7476883        -1.84823162E-04
   83.8744812        -1.94496737E-04
   84.0012741        -2.03897347E-04
   84.1280670        -2.12957326E-04
   84.2548599        -2.21618364E-04
   84.3816528        -2.29831843E-04
   84.5084381        -2.37558444E-04
   84.6352310        -2.44767551E-04
   84.7620239        -2.51436461E-04
   84.8888168        -2.57549254E-04
   85.0156097        -2.63095688E-04
   85.1424026        -2.68069736E-04
   85.2691956        -2.72468373E-04
   85.3959885        -2.76290200E-04
   85.5227814        -2.79534230E-04
   85.6495743        -2.82199006E-04
   85.7763672        -2.84281414E-04
   85.9031601        -2.85776536E-04
   86.0299530        -2.86676834E-04
   86.1567459        -2.86972529E-04
   86.2835388        -2.86651688E-04
   86.4103317        -2.85700662E-04
   86.5371246        -2.84105306E-04
   86.6639175        -2.81851651E-04
   86.7907104        -2.78927298E-04
   86.9175034        -2.75322935E-04
   87.0442963        -2.71033583E-04
   87.1710892        -2.66060175E-04
   87.2978821        -2.60410947E-04
   87.4246750        -2.54102604E-04
   87.5514679        -2.47161690E-04
   87.6782608        -2.39624933E-04
   87.8050537        -2.31540063E-04
   87.9318466        -2.22965813E-04
   88.0586395        -2.13971784E-04
   88.1854324        -2.04637632E-04
   88.3122177        -1.95052140E-04
   88.4390106        -1.85311786E-04
   88.5658035        -1.75518857E-04
   88.6925964        -1.65779304E-04
   88.8193893        -1.56200724E-04
   88.9461823        -1.46889273E-04
   89.0729752        -1.37947514E-04
   89.1997681        -1.29471344E-04
   89.3265610        -1.21547535E-04
   89.4533539        -1.14251248E-04
   89.5801468        -1.07643777E-04
   89.7069397        -1.01770587E-04
   89.8337326        -9.66598309E-05
   89.9605255        -9.23211992E-05
   90.0873184        -8.87454371E-05
   90.2141113        -8.59042848E-05
   90.3409042        -8.37508851E-05
   90.4676971        -8.22209404E-05
   90.5944901        -8.12344369E-05
   90.7212830        -8.06973549E-05
   90.8480759        -8.05045347E-05
   90.9748688        -8.05422824E-05
   91.1016617        -8.06916578E-05
   91.2284546        -8.08317200E-05
   91.3552475        -8.08428158E-05
   91.4820404        -8.06101161E-05
   91.6088333        -8.00266644E-05
   91.7356262        -7.89965197E-05
   91.8624191        -7.74372311E-05
   91.9892120        -7.52821579E-05
   92.1159973        -7.24823112E-05
   92.2427902        -6.90075758E-05
   92.3695831        -6.48472851E-05
   92.4963760        -6.00104577E-05
   92.6231689        -5.45252769E-05
   92.7499619        -4.84381271E-05
   92.8767548        -4.18120726E-05
   93.0035477        -3.47247878E-05
   93.1303406        -2.72663110E-05
   93.2571335        -1.95363409E-05
   93.3839264        -1.16412384E-05
   93.5107193        -3.69108716E-06
   93.6375122         4.20344622E-06
   93.7643051         1.19341348E-05
   93.8910980         1.93981105E-05
   94.0178909         2.65005510E-05
   94.1446838         3.31569900E-05
   94.2714767         3.92954535E-05
   94.3982697         4.48580722E-05
   94.5250626         4.98021764E-05
   94.6518555         5.41010668E-05
   94.7786484         5.77442879E-05
   94.9054413         6.07373586E-05
   95.0322342         6.31011135E-05
   95.1590271         6.48705318E-05
   95.2858200         6.60934456E-05
   95.4126129         6.68285065E-05
   95.5394058         6.71433372E-05
   95.6661987         6.71121597E-05
   95.7929916         6.68135399E-05
   95.9197769         6.63278770E-05
   96.0465698         6.57351193E-05
   96.1733627         6.51124792E-05
   96.3001556         6.45323307E-05
   96.4269485         6.40603248E-05
   96.5537415         6.37538469E-05
   96.6805344         6.36607292E-05
   96.8073273         6.38183337E-05
   96.9341202         6.42530140E-05
   97.0609131         6.49799113E-05
   97.1877060         6.60031292E-05
   97.3144989         6.73162867E-05
   97.4412918         6.89032750E-05
   97.5680847         7.07394138E-05
   97.6948776         7.27926890E-05
   97.8216705         7.50252220E-05
   97.9484634         7.73948486E-05
   98.0752563         7.98566762E-05
   98.2020493         8.23646042E-05
   98.3288422         8.48728523E-05
   98.4556351         8.73372192E-05
   98.5824280         8.97162608E-05
   98.7092209         9.19722079E-05
   98.8360138         9.40716054E-05
   98.9628067         9.59858517E-05
   99.0895996         9.76911979E-05
   99.2163925         9.91688503E-05
   99.3431854         1.00404599E-04
   99.4699783         1.01388454E-04
   99.5967712         1.02113889E-04
   99.7235565         1.02577411E-04
   99.8503494         1.02777602E-04
   99.9771423         1.02714519E-04
   100.103935         1.02389015E-04
   100.230728         1.01802179E-04
   100.357521         1.00954843E-04
   100.484314         9.98473333E-05
   100.611107         9.84793442E-05
   100.737900         9.68499953E-05
   100.864693         9.49580935E-05
   100.991486         9.28024892E-05
   101.118279         9.03826658E-05
   101.245071         8.76993217E-05
   101.371864         8.47551782E-05
   101.498657         8.15556486E-05
   101.625450         7.81095732E-05
   101.752243         7.44299468E-05
   101.879036         7.05343846E-05
   102.005829         6.64456311E-05
   102.132622         6.21916843E-05
   102.259415         5.78058898E-05
   102.386208         5.33267084E-05
   102.513000         4.87973084E-05
   102.639793         4.42648234E-05
   102.766586         3.97795120E-05
   102.893379         3.53936084E-05
   103.020172         3.11601034E-05
   103.146965         2.71312911E-05
   103.273758         2.33572955E-05
   103.400551         1.98845228E-05
   103.527336         1.67541675E-05
   103.654129         1.40007487E-05
   103.780922         1.16507954E-05
   103.907715         9.72171620E-06
   104.034508         8.22084894E-06
   104.161301         7.14486805E-06
   104.288094         6.47942625E-06
   104.414886         6.19910270E-06
   104.541679         6.26777364E-06
   104.668472         6.63925766E-06
   104.795265         7.25831887E-06
   104.922058         8.06195567E-06
   105.048851         8.98097005E-06
   105.175644         9.94174570E-06
   105.302437         1.08682634E-05
   105.429230         1.16840520E-05
   105.556023         1.23144291E-05
   105.682816         1.26884297E-05
   105.809608         1.27408493E-05
   105.936401         1.24140133E-05
   106.063194         1.16593774E-05
   106.189987         1.04387173E-05
   106.316780         8.72516193E-06
   106.443573         6.50373477E-06
   106.570366         3.77159313E-06
   106.697159         5.37866697E-07
   106.823952        -3.17686954E-06
   106.950745        -7.34146579E-06
   107.077538        -1.19153510E-05
   107.204330        -1.68499846E-05
   107.331116        -2.20904494E-05
   107.457909        -2.75772200E-05
   107.584702        -3.32479722E-05
   107.711494        -3.90394234E-05
   107.838287        -4.48890387E-05
   107.965080        -5.07366822E-05
   108.091873        -5.65260234E-05
   108.218666        -6.22057196E-05
   108.345459        -6.77303760E-05
   108.472252        -7.30611500E-05
   108.599045        -7.81661438E-05
   108.725838        -8.30203644E-05
   108.852631        -8.76055637E-05
   108.979424        -9.19097074E-05
   109.106216        -9.59262834E-05
   109.233009        -9.96534145E-05
   109.359802        -1.03092782E-04
   109.486595        -1.06248706E-04
   109.613388        -1.09126799E-04
   109.740181        -1.11733098E-04
   109.866974        -1.14073024E-04
   109.993767        -1.16150506E-04
   110.120560        -1.17967356E-04
   110.247353        -1.19522803E-04
   110.374146        -1.20813216E-04
   110.500938        -1.21832178E-04
   110.627731        -1.22570622E-04
   110.754524        -1.23017438E-04
   110.881317        -1.23159945E-04
   111.008102        -1.22984915E-04
   111.134895        -1.22479454E-04
   111.261688        -1.21632052E-04
   111.388481        -1.20433804E-04
   111.515274        -1.18879427E-04
   111.642067        -1.16968360E-04
   111.768860        -1.14705632E-04
   111.895653        -1.12102753E-04
   112.022446        -1.09178181E-04
   112.149239        -1.05957726E-04
   112.276031        -1.02474645E-04
   112.402824        -9.87693784E-05
   112.529617        -9.48891175E-05
   112.656410        -9.08871225E-05
   112.783203        -8.68215575E-05
   112.909996        -8.27544063E-05
   113.036789        -7.87499230E-05
   113.163582        -7.48730890E-05
   113.290375        -7.11878893E-05
   113.417168        -6.77555872E-05
   113.543961        -6.46330373E-05
   113.670753        -6.18709091E-05
   113.797546        -5.95122801E-05
   113.924339        -5.75912636E-05
   114.051132        -5.61318666E-05
   114.177925        -5.51471858E-05
   114.304718        -5.46389056E-05
   114.431511        -5.45970579E-05
   114.558304        -5.50002624E-05
   114.685097        -5.58161082E-05
   114.811882        -5.70020966E-05
   114.938675        -5.85067319E-05
   115.065468        -6.02709079E-05
   115.192261        -6.22295993E-05
   115.319054        -6.43136300E-05
   115.445847        -6.64515537E-05
   115.572639        -6.85716659E-05
   115.699432        -7.06039209E-05
   115.826225        -7.24817946E-05
   115.953018        -7.41440235E-05
   116.079811        -7.55360597E-05
   116.206604        -7.66114827E-05
   116.333397        -7.73329084E-05
   116.460190        -7.76727538E-05
   116.586983        -7.76136512E-05
   116.713776        -7.71484556E-05
   116.840569        -7.62801719E-05
   116.967361        -7.50213148E-05
   117.094154        -7.33933193E-05
   117.220947        -7.14254056E-05
   117.347740        -6.91536334E-05
   117.474533        -6.66195556E-05
   117.601326        -6.38689526E-05
   117.728119        -6.09504459E-05
   117.854912        -5.79142106E-05
   117.981705        -5.48107164E-05
   118.108498        -5.16895343E-05
   118.235291        -4.85983510E-05
   118.362083        -4.55820154E-05
   118.488876        -4.26818515E-05
   118.615662        -3.99350247E-05
   118.742455        -3.73741568E-05
   118.869247        -3.50270275E-05
   118.996040        -3.29164614E-05
   119.122833        -3.10603318E-05
   119.249626        -2.94716410E-05
   119.376419        -2.81587800E-05
   119.503212        -2.71257777E-05
   119.630005        -2.63726797E-05
   119.756798        -2.58959608E-05
   119.883591        -2.56889543E-05
   120.010384        -2.57423435E-05
   120.137177        -2.60446413E-05
   120.263969        -2.65826802E-05
   120.390762        -2.73421319E-05
   120.517555        -2.83079589E-05
   120.644348        -2.94649162E-05
   120.771141        -3.07979608E-05
   120.897934        -3.22926717E-05
   121.024727        -3.39355829E-05
   121.151520        -3.57144745E-05
   121.278313        -3.76186144E-05
   121.405106        -3.96388350E-05
   121.531898        -4.17676456E-05
   121.658691        -4.39991236E-05
   121.785484        -4.63288125E-05
   121.912277        -4.87534417E-05
   122.039070        -5.12705737E-05
   122.165863        -5.38782042E-05
   122.292656        -5.65742193E-05
   122.419441        -5.93558398E-05
   122.546234        -6.22190055E-05
   122.673027        -6.51577720E-05
   122.799820        -6.81636811E-05
   122.926613        -7.12252804E-05
   123.053406        -7.43275596E-05
   123.180199        -7.74516011E-05
   123.306992        -8.05743912E-05
   123.433784        -8.36686377E-05
   123.560577        -8.67029448E-05
   123.687370        -8.96420024E-05
   123.814163        -9.24470587E-05
   123.940956        -9.50765680E-05
   124.067749        -9.74870127E-05
   124.194542        -9.96338858E-05
   124.321335        -1.01472739E-04
   124.448128        -1.02960512E-04
   124.574921        -1.04056751E-04
   124.701714        -1.04724961E-04
   124.828506        -1.04933941E-04
   124.955299        -1.04658982E-04
   125.082092        -1.03883125E-04
   125.208885        -1.02598133E-04
   125.335678        -1.00805308E-04
   125.462471        -9.85162260E-05
   125.589264        -9.57529337E-05
   125.716057        -9.25482236E-05
   125.842850        -8.89453368E-05
   125.969643        -8.49974749E-05
   126.096436        -8.07670658E-05
   126.223221        -7.63246280E-05
   126.350014        -7.17474031E-05
   126.476807        -6.71178641E-05
   126.603600        -6.25217435E-05
   126.730392        -5.80462656E-05
   126.857185        -5.37778833E-05
   126.983978        -4.98002773E-05
   127.110771        -4.61921263E-05
   127.237564        -4.30250839E-05
   127.364357        -4.03617814E-05
   127.491150        -3.82540638E-05
   127.617943        -3.67414723E-05
   127.744736        -3.58499528E-05
   127.871529        -3.55909797E-05
   127.998322        -3.59609949E-05
   128.125107        -3.69412701E-05
   128.251907        -3.84981468E-05
   128.378693        -4.05837563E-05
   128.505493        -4.31370245E-05
   128.632278        -4.60852425E-05
   128.759079        -4.93457774E-05
   128.885864        -5.28282580E-05
   129.012665        -5.64369002E-05
   129.139450        -6.00730709E-05
   129.266251        -6.36378900E-05
   129.393036        -6.70349546E-05
   129.519836        -7.01729514E-05
   129.646622        -7.29681269E-05
   129.773422        -7.53466229E-05
   129.900208        -7.72464628E-05
   130.027008        -7.86192977E-05
   130.153793        -7.94316220E-05
   130.280594        -7.96657259E-05
   130.407379        -7.93200670E-05
   130.534180        -7.84092190E-05
   130.660965        -7.69634062E-05
   130.787766        -7.50274849E-05
   130.914551        -7.26596409E-05
   131.041351        -6.99296215E-05
   131.168137        -6.69167639E-05
   131.294937        -6.37076155E-05
   131.421722        -6.03936169E-05
   131.548523        -5.70685006E-05
   131.675308        -5.38257882E-05
   131.802109        -5.07562909E-05
   131.928894        -4.79457740E-05
   132.055679        -4.54729161E-05
   132.182480        -4.34073409E-05
   132.309265        -4.18081472E-05
   132.436066        -4.07226617E-05
   132.562851        -4.01856450E-05
   132.689651        -4.02187725E-05
   132.816437        -4.08305641E-05
   132.943237        -4.20166361E-05
   133.070023        -4.37602321E-05
   133.196823        -4.60330884E-05
   133.323608        -4.87965081E-05
   133.450409        -5.20026151E-05
   133.577194        -5.55957449E-05
   133.703995        -5.95139718E-05
   133.830780        -6.36906043E-05
   133.957581        -6.80557059E-05
   134.084366        -7.25376158E-05
   134.211166        -7.70643310E-05
   134.337952        -8.15648527E-05
   134.464752        -8.59703796E-05
   134.591537        -9.02154425E-05
   134.718338        -9.42388288E-05
   134.845123        -9.79843971E-05
   134.971924        -1.01401849E-04
   135.098709        -1.04447165E-04
   135.225510        -1.07083113E-04
   135.352295        -1.09279579E-04
   135.479095        -1.11013665E-04
   135.605881        -1.12269758E-04
   135.732666        -1.13039649E-04
   135.859467        -1.13322210E-04
   135.986252        -1.13123286E-04
   136.113052        -1.12455338E-04
   136.239838        -1.11337140E-04
   136.366638        -1.09793211E-04
   136.493423        -1.07853375E-04
   136.620224        -1.05552186E-04
   136.747009        -1.02928308E-04
   136.873810        -1.00023819E-04
   137.000595        -9.68836030E-05
   137.127396        -9.35546268E-05
   137.254181        -9.00851592E-05
   137.380981        -8.65241236E-05
   137.507767        -8.29203855E-05
   137.634567        -7.93219879E-05
   137.761353        -7.57755988E-05
   137.888153        -7.23257253E-05
   138.014938        -6.90142188E-05
   138.141739        -6.58796562E-05
   138.268524        -6.29567876E-05
   138.395325        -6.02761065E-05
   138.522110        -5.78633153E-05
   138.648911        -5.57390340E-05
   138.775696        -5.39183820E-05
   138.902496        -5.24107454E-05
   139.029282        -5.12195475E-05
   139.156082        -5.03421143E-05
   139.282867        -4.97696237E-05
   139.409653        -4.94872038E-05
   139.536453        -4.94740452E-05
   139.663239        -4.97036999E-05
   139.790039        -5.01445247E-05
   139.916824        -5.07602199E-05
   140.043625        -5.15104512E-05
   140.170410        -5.23517847E-05
   140.297211        -5.32385129E-05
   140.423996        -5.41237823E-05
   140.550797        -5.49606448E-05
   140.677582        -5.57032727E-05
   140.804382        -5.63081776E-05
   140.931168        -5.67353454E-05
   141.057968        -5.69494441E-05
   141.184753        -5.69207550E-05
   141.311554        -5.66261879E-05
   141.438339        -5.60500121E-05
   141.565140        -5.51843405E-05
   141.691925        -5.40295914E-05
   141.818726        -5.25945507E-05
   141.945511        -5.08963058E-05
   142.072311        -4.89599042E-05
   142.199097        -4.68178769E-05
   142.325897        -4.45094665E-05
   142.452682        -4.20797987E-05
   142.579483        -3.95788265E-05
   142.706268        -3.70602611E-05
   142.833069        -3.45803201E-05
   142.959854        -3.21965235E-05
   143.086655        -2.99664025E-05
   143.213440        -2.79463165E-05
   143.340225        -2.61901787E-05
   143.467026        -2.47483586E-05
   143.593811        -2.36665892E-05
   143.720612        -2.29850084E-05
   143.847397        -2.27372821E-05
   143.974197        -2.29498783E-05
   144.100983        -2.36414562E-05
   144.227783        -2.48223932E-05
   144.354568        -2.64944847E-05
   144.481369        -2.86507729E-05
   144.608154        -3.12755546E-05
   144.734955        -3.43445572E-05
   144.861740        -3.78252589E-05
   144.988541        -4.16773873E-05
   145.115326        -4.58535578E-05
   145.242126        -5.03000701E-05
   145.368912        -5.49578835E-05
   145.495712        -5.97635735E-05
   145.622498        -6.46505505E-05
   145.749298        -6.95502822E-05
   145.876083        -7.43935525E-05
   146.002884        -7.91116909E-05
   146.129669        -8.36380132E-05
   146.256470        -8.79089421E-05
   146.383255        -9.18651858E-05
   146.510056        -9.54528878E-05
   146.636841        -9.86245141E-05
   146.763641        -1.01339669E-04
   146.890427        -1.03565719E-04
   147.017212        -1.05278254E-04
   147.144012        -1.06461375E-04
   147.270798        -1.07107691E-04
   147.397598        -1.07218279E-04
   147.524384        -1.06802363E-04
   147.651184        -1.05876839E-04
   147.777969        -1.04465733E-04
   147.904770        -1.02599435E-04
   148.031555        -1.00313897E-04
   148.158356        -9.76498632E-05
   148.285141        -9.46518339E-05
   148.411942        -9.13672338E-05
   148.538727        -8.78455539E-05
   148.665527        -8.41374494E-05
   148.792313        -8.02939976E-05
   148.919113        -7.63659918E-05
   149.045898        -7.24033089E-05
   149.172699        -6.84543629E-05
   149.299484        -6.45656837E-05
   149.426285        -6.07815055E-05
   149.553070        -5.71434903E-05
   149.679871        -5.36904190E-05
   149.806656        -5.04580639E-05
   149.933456        -4.74789558E-05
   150.060242        -4.47822749E-05
   150.187042        -4.23936872E-05
   150.313828        -4.03352933E-05
   150.440628        -3.86254505E-05
   150.567413        -3.72787508E-05
   150.694214        -3.63058680E-05
   150.820999        -3.57135177E-05
   150.947784        -3.55043849E-05
   151.074585        -3.56770906E-05
   151.201370        -3.62261271E-05
   151.328171        -3.71418755E-05
   151.454956        -3.84106279E-05
   151.581757        -4.00146128E-05
   151.708542        -4.19320895E-05
   151.835342        -4.41374868E-05
   151.962128        -4.66015226E-05
   152.088928        -4.92914551E-05
   152.215714        -5.21713227E-05
   152.342514        -5.52023230E-05
   152.469299        -5.83431538E-05
   152.596100        -6.15504978E-05
   152.722885        -6.47796405E-05
   152.849686        -6.79849254E-05
   152.976471        -7.11206376E-05
   153.103271        -7.41415934E-05
   153.230057        -7.70039842E-05
   153.356857        -7.96662498E-05
   153.483643        -8.20898422E-05
   153.610443        -8.42401787E-05
   153.737228        -8.60873406E-05
   153.864029        -8.76068661E-05
   153.990814        -8.87803981E-05
   154.117615        -8.95962439E-05
   154.244400        -9.00497471E-05
   154.371201        -9.01434760E-05
   154.497986        -8.98874059E-05
   154.624771        -8.92985991E-05
   154.751572        -8.84009714E-05
   154.878357        -8.72246383E-05
   155.005157        -8.58052954E-05
   155.131943        -8.41831425E-05
   155.258743        -8.24019298E-05
   155.385529        -8.05076052E-05
   155.512329        -7.85471930E-05
   155.639114        -7.65672376E-05
   155.765915        -7.46126243E-05
   155.892700        -7.27251099E-05
   156.019501        -7.09421511E-05
   156.146286        -6.92957692E-05
   156.273087        -6.78115903E-05
   156.399872        -6.65081170E-05
   156.526672        -6.53961979E-05
   156.653458        -6.44788306E-05
   156.780258        -6.37511039E-05
   156.907043        -6.32005831E-05
   157.033844        -6.28078997E-05
   157.160629        -6.25475441E-05
   157.287430        -6.23890010E-05
   157.414215        -6.22980006E-05
   157.541016        -6.22379521E-05
   157.667801        -6.21714644E-05
   157.794601        -6.20619176E-05
   157.921387        -6.18750782E-05
   158.048187        -6.15804311E-05
   158.174973        -6.11527139E-05
   158.301773        -6.05729620E-05
   158.428558        -5.98295046E-05
   158.555344        -5.89186711E-05
   158.682144        -5.78451327E-05
   158.808929        -5.66220770E-05
   158.935730        -5.52709280E-05
   159.062515        -5.38208842E-05
   159.189316        -5.23080125E-05
   159.316101        -5.07742989E-05
   159.442902        -4.92662184E-05
   159.569687        -4.78332768E-05
   159.696487        -4.65263220E-05
   159.823273        -4.53957618E-05
   159.950073        -4.44898033E-05
   160.076859        -4.38526040E-05
   160.203659        -4.35225993E-05
