  -4.50000000         0.00000000    
  -4.37320757         0.00000000    
  -4.24641466         0.00000000    
  -4.11962223         0.00000000    
  -3.99282932         1.38581656E-23
  -3.86603665        -4.67306609E-22
  -3.73924398        -5.00739156E-21
  -3.61245155        -2.43512004E-20
  -3.48565888        -7.36021949E-20
  -3.35886621        -1.44653584E-19
  -3.23207355        -1.45031632E-19
  -3.10528088         1.61620817E-19
  -2.97848821         1.11967581E-18
  -2.85169554         2.95422758E-18
  -2.72490287         5.37622400E-18
  -2.59811020         7.24549005E-18
  -2.47131753         6.61232507E-18
  -2.34452486         1.23877628E-18
  -2.21773219        -1.08019572E-17
  -2.09093952        -3.12056897E-17
  -1.96414697        -6.25535883E-17
  -1.83735430        -1.09466177E-16
  -1.71056163        -1.77263098E-16
  -1.58376896        -2.65516586E-16
  -1.45697629        -3.56666675E-16
  -1.33018374        -4.05164393E-16
  -1.20339108        -3.37530718E-16
  -1.07659841        -7.38184317E-17
 -0.949805737         4.27001829E-16
 -0.823013067         1.11024928E-15
 -0.696220458         1.78557573E-15
 -0.569427788         2.13880711E-15
 -0.442635119         1.82021366E-15
 -0.315842479         6.05047440E-16
 -0.189049825        -1.41682280E-15
  -6.22571707E-02    -3.69895519E-15
   6.45354837E-02    -5.23117892E-15
  0.191328138        -4.72942371E-15
  0.318120778        -1.02438651E-15
  0.444913447         6.43016083E-15
  0.571706116         1.70833467E-14
  0.698498726         2.90381089E-14
  0.825291395         3.91910625E-14
  0.952084064         4.38294725E-14
   1.07887673         3.96067626E-14
   1.20566940         2.46656519E-14
   1.33246195        -4.24433202E-16
   1.45925462        -3.22526870E-14
   1.58604729        -6.48970556E-14
   1.71283996        -9.10121181E-14
   1.83963263        -1.03446697E-13
   1.96642530        -9.69759619E-14
   2.09321785        -6.96752904E-14
   2.22001052        -2.35680887E-14
   2.34680319         3.55801746E-14
   2.47359586         9.91609477E-14
   2.60038853         1.56935825E-13
   2.72718120         1.98138435E-13
   2.85397387         2.12204332E-13
   2.98076653         1.89189417E-13
   3.10755920         1.20279885E-13
   3.23435187        -1.01897132E-15
   3.36114454        -1.76541629E-13
   3.48793697        -3.99946894E-13
   3.61472964        -6.52697785E-13
   3.74152231        -9.00892316E-13
   3.86831498        -1.09470777E-12
   3.99510765        -1.17207101E-12
   4.12190056        -1.06735822E-12
   4.24869299        -7.24591882E-13
   4.37548542        -1.13015527E-13
   4.50227833         7.58359792E-13
   4.62907076         1.83121270E-12
   4.75586367         2.99682089E-12
   4.88265610         4.10524175E-12
   5.00944901         4.98416933E-12
   5.13624144         5.46429698E-12
   5.26303434         5.40601591E-12
   5.38982677         4.72152569E-12
   5.51661968         3.38728134E-12
   5.64341211         1.44403847E-12
   5.77020502        -1.01494225E-12
   5.89699745        -3.86375524E-12
   6.02379036        -6.96569495E-12
   6.15058279        -1.01906270E-11
   6.27737522        -1.34233596E-11
   6.40416813        -1.65621822E-11
   6.53096056        -1.95114255E-11
   6.65775347        -2.21761325E-11
   6.78454590        -2.44687760E-11
   6.91133881        -2.63368528E-11
   7.03813124        -2.78146811E-11
   7.16492414        -2.90946694E-11
   7.29171658        -3.06032699E-11
   7.41850948        -3.30580389E-11
   7.54530191        -3.74773060E-11
   7.67209482        -4.51149222E-11
   7.79888725        -5.73009661E-11
   7.92567968        -7.51844628E-11
   8.05247211        -9.93934657E-11
   8.17926502        -1.29647459E-10
   8.30605793        -1.64372016E-10
   8.43285084        -2.00371997E-10
   8.55964279        -2.32614455E-10
   8.68643570        -2.54156252E-10
   8.81322861        -2.56228289E-10
   8.94002151        -2.28465552E-10
   9.06681347        -1.59256427E-10
   9.19360638        -3.61835700E-11
   9.32039928         1.53448143E-10
   9.44719219         4.21966018E-10
   9.57398415         7.80481957E-10
   9.70077705         1.23771426E-09
   9.82756996         1.79831738E-09
   9.95436192         2.46057774E-09
   10.0811548         3.21338645E-09
   10.2079477         4.03253697E-09
   10.3347406         4.87655960E-09
   10.4615326         5.68251712E-09
   10.5883255         6.36239150E-09
   10.7151184         6.80086432E-09
   10.8419113         6.85535895E-09
   10.9687033         6.35921227E-09
   11.0954962         5.12864062E-09
   11.2222891         2.97385450E-09
   11.3490820        -2.85727025E-10
   11.4758739        -4.80281992E-09
   11.6026669        -1.06813420E-08
   11.7294598        -1.79549939E-08
   11.8562517        -2.65676388E-08
   11.9830446        -3.63581911E-08
   12.1098375        -4.70529748E-08
   12.2366304        -5.82687996E-08
   12.3634224        -6.95297118E-08
   12.4902153        -8.03006799E-08
   12.6170082        -9.00406718E-08
   12.7438011        -9.82777379E-08
   12.8705931        -1.04707560E-07
   12.9973860        -1.09316701E-07
   13.1241789        -1.12530358E-07
   13.2509708        -1.15383763E-07
   13.3777637        -1.19714514E-07
   13.5045567        -1.28371994E-07
   13.6313496        -1.45438221E-07
   13.7581415        -1.76452488E-07
   13.8849344        -2.28631691E-07
   14.0117273        -3.11075325E-07
   14.1385202        -4.34944383E-07
   14.2653122        -6.13603277E-07
   14.3921051        -8.62712284E-07
   14.5188980        -1.20026084E-06
   14.6456909        -1.64653181E-06
   14.7724829        -2.22399285E-06
   14.8992758        -2.95710197E-06
   15.0260687        -3.87203772E-06
   15.1528606        -4.99634643E-06
   15.2796535        -6.35850984E-06
   15.4064465        -7.98745896E-06
   15.5332394        -9.91201159E-06
   15.6600313        -1.21602861E-05
   15.7868242        -1.47590727E-05
   15.9136171        -1.77331985E-05
   16.0404091        -2.11048809E-05
   16.1672020        -2.48931392E-05
   16.2939949        -2.91131855E-05
   16.4207878        -3.37758865E-05
   16.5475807        -3.88872795E-05
   16.6743736        -4.44481811E-05
   16.8011646        -5.04537747E-05
   16.9279575        -5.68933719E-05
   17.0547504        -6.37502017E-05
   17.1815434        -7.10012901E-05
   17.3083363        -7.86174423E-05
   17.4351292        -8.65632610E-05
   17.5619221        -9.47974186E-05
   17.6887150        -1.03272811E-04
   17.8155060        -1.11937094E-04
   17.9422989        -1.20733057E-04
   18.0690918        -1.29599401E-04
   18.1958847        -1.38471500E-04
   18.3226776        -1.47282219E-04
   18.4494705        -1.55963062E-04
   18.5762634        -1.64445228E-04
   18.7030544        -1.72660802E-04
   18.8298473        -1.80544041E-04
   18.9566402        -1.88032587E-04
   19.0834332        -1.95068729E-04
   19.2102261        -2.01600502E-04
   19.3370190        -2.07582882E-04
   19.4638119        -2.12978543E-04
   19.5906048        -2.17758745E-04
   19.7173958        -2.21903814E-04
   19.8441887        -2.25403448E-04
   19.9709816        -2.28256657E-04
   20.0977745        -2.30471967E-04
   20.2245674        -2.32066581E-04
   20.3513603        -2.33065948E-04
   20.4781532        -2.33502869E-04
   20.6049442        -2.33416577E-04
   20.7317371        -2.32851671E-04
   20.8585300        -2.31856757E-04
   20.9853230        -2.30483594E-04
   21.1121159        -2.28785779E-04
   21.2389088        -2.26817850E-04
   21.3657017        -2.24634365E-04
   21.4924946        -2.22289236E-04
   21.6192856        -2.19835085E-04
   21.7460785        -2.17323090E-04
   21.8728714        -2.14802611E-04
   21.9996643        -2.12321393E-04
   22.1264572        -2.09925420E-04
   22.2532501        -2.07659337E-04
   22.3800430        -2.05566233E-04
   22.5068340        -2.03688382E-04
   22.6336269        -2.02066803E-04
   22.7604198        -2.00741342E-04
   22.8872128        -1.99750575E-04
   23.0140057        -1.99131391E-04
   23.1407986        -1.98918176E-04
   23.2675915        -1.99142291E-04
   23.3943844        -1.99830727E-04
   23.5211754        -2.01005489E-04
   23.6479683        -2.02681767E-04
   23.7747612        -2.04867363E-04
   23.9015541        -2.07561025E-04
   24.0283470        -2.10751881E-04
   24.1551399        -2.14418164E-04
   24.2819328        -2.18527231E-04
   24.4087238        -2.23034993E-04
   24.5355167        -2.27886616E-04
   24.6623096        -2.33016865E-04
   24.7891026        -2.38351597E-04
   24.9158955        -2.43809205E-04
   25.0426884        -2.49302771E-04
   25.1694813        -2.54742306E-04
   25.2962742        -2.60037574E-04
   25.4230652        -2.65100971E-04
   25.5498581        -2.69850192E-04
   25.6766510        -2.74211139E-04
   25.8034439        -2.78121181E-04
   25.9302368        -2.81530927E-04
   26.0570297        -2.84406589E-04
   26.1838226        -2.86732044E-04
   26.3106136        -2.88509211E-04
   26.4374065        -2.89759337E-04
   26.5641994        -2.90522352E-04
   26.6909924        -2.90856609E-04
   26.8177853        -2.90837284E-04
   26.9445782        -2.90554832E-04
   27.0713711        -2.90112395E-04
   27.1981640        -2.89623131E-04
   27.3249550        -2.89207150E-04
   27.4517479        -2.88988231E-04
   27.5785408        -2.89090473E-04
   27.7053337        -2.89634918E-04
   27.8321266        -2.90736789E-04
   27.9589195        -2.92501674E-04
   28.0857124        -2.95024016E-04
   28.2125034        -2.98384344E-04
   28.3392963        -3.02647473E-04
   28.4660892        -3.07861774E-04
   28.5928822        -3.14058037E-04
   28.7196751        -3.21249739E-04
   28.8464680        -3.29432311E-04
   28.9732609        -3.38585174E-04
   29.1000538        -3.48672009E-04
   29.2268448        -3.59641825E-04
   29.3536377        -3.71431262E-04
   29.4804306        -3.83966137E-04
   29.6072235        -3.97163065E-04
   29.7340164        -4.10932204E-04
   29.8608093        -4.25178499E-04
   29.9876022        -4.39804222E-04
   30.1143932        -4.54710564E-04
   30.2411861        -4.69800056E-04
   30.3679790        -4.84977412E-04
   30.4947720        -5.00151771E-04
   30.6215649        -5.15237509E-04
   30.7483578        -5.30155958E-04
   30.8751507        -5.44835813E-04
   31.0019417        -5.59213629E-04
   31.1287346        -5.73235389E-04
   31.2555275        -5.86855575E-04
   31.3823204        -6.00037631E-04
   31.5091133        -6.12754025E-04
   31.6359062        -6.24985085E-04
   31.7626991        -6.36719051E-04
   31.8894920        -6.47950859E-04
   32.0162849        -6.58680627E-04
   32.1430779        -6.68913068E-04
   32.2698708        -6.78655459E-04
   32.3966637        -6.87916297E-04
   32.5234528        -6.96703501E-04
   32.6502457        -7.05021899E-04
   32.7770386        -7.12873007E-04
   32.9038315        -7.20251293E-04
   33.0306244        -7.27143721E-04
   33.1574173        -7.33528170E-04
   33.2842102        -7.39371695E-04
   33.4110031        -7.44629710E-04
   33.5377960        -7.49245868E-04
   33.6645889        -7.53150904E-04
   33.7913818        -7.56264373E-04
   33.9181747        -7.58494018E-04
   34.0449677        -7.59738556E-04
   34.1717606        -7.59888091E-04
   34.2985535        -7.58827955E-04
   34.4253426        -7.56440568E-04
   34.5521355        -7.52609107E-04
   34.6789284        -7.47220649E-04
   34.8057213        -7.40170304E-04
   34.9325142        -7.31364707E-04
   35.0593071        -7.20725453E-04
   35.1861000        -7.08193169E-04
   35.3128929        -6.93730253E-04
   35.4396858        -6.77324075E-04
   35.5664787        -6.58988953E-04
   35.6932716        -6.38767902E-04
   35.8200645        -6.16733800E-04
   35.9468575        -5.92989614E-04
   36.0736504        -5.67667943E-04
   36.2004433        -5.40929730E-04
   36.3272324        -5.12962928E-04
   36.4540253        -4.83979413E-04
   36.5808182        -4.54212044E-04
   36.7076111        -4.23910707E-04
   36.8344040        -3.93338734E-04
   36.9611969        -3.62767460E-04
   37.0879898        -3.32472060E-04
   37.2147827        -3.02726286E-04
   37.3415756        -2.73797399E-04
   37.4683685        -2.45941395E-04
   37.5951614        -2.19398120E-04
   37.7219543        -1.94387088E-04
   37.8487473        -1.71103282E-04
   37.9755402        -1.49713756E-04
   38.1023293        -1.30355053E-04
   38.2291222        -1.13130605E-04
   38.3559151        -9.81097546E-05
   38.4827080        -8.53267193E-05
   38.6095009        -7.47806916E-05
   38.7362938        -6.64365871E-05
   38.8630867        -6.02264045E-05
   38.9898796        -5.60512708E-05
   39.1166725        -5.37838969E-05
   39.2434654        -5.32716913E-05
   39.3702583        -5.43401475E-05
   39.4970512        -5.67966126E-05
   39.6238441        -6.04342058E-05
   39.7506371        -6.50359798E-05
   39.8774300        -7.03791447E-05
   40.0042191        -7.62391428E-05
   40.1310120        -8.23940136E-05
   40.2578049        -8.86281050E-05
   40.3845978        -9.47359586E-05
   40.5113907        -1.00525955E-04
   40.6381836        -1.05823296E-04
   40.7649765        -1.10472829E-04
   40.8917694        -1.14341608E-04
   41.0185623        -1.17320487E-04
   41.1453552        -1.19325581E-04
   41.2721481        -1.20299082E-04
   41.3989410        -1.20209392E-04
   41.5257339        -1.19050856E-04
   41.6525269        -1.16842682E-04
   41.7793198        -1.13627553E-04
   41.9061089        -1.09469707E-04
   42.0329018        -1.04452454E-04
   42.1596947        -9.86756349E-05
   42.2864876        -9.22523177E-05
   42.4132805        -8.53060192E-05
   42.5400734        -7.79673574E-05
   42.6668663        -7.03708865E-05
   42.7936592        -6.26522451E-05
   42.9204521        -5.49453653E-05
   43.0472450        -4.73800756E-05
   43.1740379        -4.00800272E-05
   43.3008308        -3.31611591E-05
   43.4276237        -2.67303330E-05
   43.5544167        -2.08845795E-05
   43.6812096        -1.57105078E-05
   43.8079987        -1.12841499E-05
   43.9347916        -7.67096844E-06
   44.0615845        -4.92603340E-06
   44.1883774        -3.09424900E-06
   44.3151703        -2.21066148E-06
   44.4419632        -2.30061255E-06
   44.5687561        -3.37985080E-06
   44.6955490        -5.45448665E-06
   44.8223419        -8.52083576E-06
   44.9491348        -1.25651068E-05
   45.0759277        -1.75629630E-05
   45.2027206        -2.34790623E-05
   45.3295135        -3.02665558E-05
   45.4563065        -3.78667137E-05
   45.5830994        -4.62085482E-05
   45.7098885        -5.52088168E-05
   45.8366814        -6.47721536E-05
   45.9634743        -7.47916492E-05
   46.0902672        -8.51496297E-05
   46.2170601        -9.57190277E-05
   46.3438530        -1.06365056E-04
   46.4706459        -1.16947318E-04
   46.5974388        -1.27322186E-04
   46.7242317        -1.37345574E-04
   46.8510246        -1.46875871E-04
   46.9778175        -1.55777030E-04
   47.1046104        -1.63921490E-04
   47.2314034        -1.71193315E-04
   47.3581963        -1.77490889E-04
   47.4849892        -1.82729214E-04
   47.6117783        -1.86842241E-04
   47.7385712        -1.89784114E-04
   47.8653641        -1.91530562E-04
   47.9921570        -1.92079155E-04
   48.1189499        -1.91449522E-04
   48.2457428        -1.89682658E-04
   48.3725357        -1.86839752E-04
   48.4993286        -1.83000957E-04
   48.6261215        -1.78263042E-04
   48.7529144        -1.72737622E-04
   48.8797073        -1.66548125E-04
   49.0065002        -1.59827483E-04
   49.1332932        -1.52715089E-04
   49.2600861        -1.45354061E-04
   49.3868790        -1.37888375E-04
   49.5136681        -1.30460438E-04
   49.6404610        -1.23208447E-04
   49.7672539        -1.16264222E-04
   49.8940468        -1.09751199E-04
   50.0208397        -1.03782950E-04
   50.1476326        -9.84616636E-05
   50.2744255        -9.38770463E-05
   50.4012184        -9.01057647E-05
   50.5280113        -8.72105957E-05
   50.6548042        -8.52402591E-05
   50.7815971        -8.42291411E-05
   50.9083900        -8.41973015E-05
   51.0351830        -8.51504519E-05
   51.1619759        -8.70801887E-05
   51.2887688        -8.99640436E-05
   51.4155579        -9.37657678E-05
   51.5423508        -9.84357030E-05
   51.6691437        -1.03911167E-04
   51.7959366        -1.10116802E-04
   51.9227295        -1.16965464E-04
   52.0495224        -1.24358878E-04
   52.1763153        -1.32188768E-04
   52.3031082        -1.40338117E-04
   52.4299011        -1.48682739E-04
   52.5566940        -1.57093105E-04
   52.6834869        -1.65436490E-04
   52.8102798        -1.73579421E-04
   52.9370728        -1.81390220E-04
   53.0638657        -1.88741848E-04
   53.1906586        -1.95514585E-04
   53.3174477        -2.01599134E-04
   53.4442406        -2.06899102E-04
   53.5710335        -2.11333550E-04
   53.6978264        -2.14839223E-04
   53.8246193        -2.17371940E-04
   53.9514122        -2.18908099E-04
   54.0782051        -2.19444933E-04
   54.2049980        -2.19000533E-04
   54.3317909        -2.17613007E-04
   54.4585838        -2.15339140E-04
   54.5853767        -2.12252358E-04
   54.7121696        -2.08440222E-04
   54.8389626        -2.04001510E-04
   54.9657555        -1.99042988E-04
   55.0925484        -1.93676184E-04
   55.2193375        -1.88013699E-04
   55.3461304        -1.82166244E-04
   55.4729233        -1.76239351E-04
   55.5997162        -1.70330881E-04
   55.7265091        -1.64528828E-04
   55.8533020        -1.58909490E-04
   55.9800949        -1.53536559E-04
   56.1068878        -1.48460516E-04
   56.2336807        -1.43718862E-04
   56.3604736        -1.39336727E-04
   56.4872665        -1.35328111E-04
   56.6140594        -1.31697510E-04
   56.7408524        -1.28441898E-04
   56.8676453        -1.25552848E-04
   56.9944382        -1.23018719E-04
   57.1212273        -1.20826982E-04
   57.2480202        -1.18966062E-04
   57.3748131        -1.17427204E-04
   57.5016060        -1.16205636E-04
   57.6283989        -1.15301569E-04
   57.7551918        -1.14720366E-04
   57.8819847        -1.14472619E-04
   58.0087776        -1.14573158E-04
   58.1355705        -1.15040108E-04
   58.2623634        -1.15893177E-04
   58.3891563        -1.17151780E-04
   58.5159492        -1.18833006E-04
   58.6427422        -1.20949473E-04
   58.7695351        -1.23507081E-04
   58.8963280        -1.26503146E-04
   59.0231171        -1.29924796E-04
   59.1499100        -1.33747671E-04
   59.2767029        -1.37935058E-04
   59.4034958        -1.42437901E-04
   59.5302887        -1.47195024E-04
   59.6570816        -1.52134147E-04
   59.7838745        -1.57173374E-04
   59.9106674        -1.62223383E-04
   60.0374603        -1.67189995E-04
   60.1642532        -1.71976964E-04
   60.2910461        -1.76489208E-04
   60.4178391        -1.80636154E-04
   60.5446320        -1.84334902E-04
   60.6714249        -1.87513302E-04
   60.7982178        -1.90112754E-04
   60.9250069        -1.92090578E-04
   61.0517998        -1.93421860E-04
   61.1785927        -1.94100401E-04
   61.3053856        -1.94139371E-04
   61.4321785        -1.93571337E-04
   61.5589714        -1.92446780E-04
   61.6857643        -1.90833001E-04
   61.8125572        -1.88811697E-04
   61.9393501        -1.86476027E-04
   62.0661430        -1.83927768E-04
   62.1929359        -1.81273528E-04
   62.3197289        -1.78621180E-04
   62.4465218        -1.76076108E-04
   62.5733147        -1.73737702E-04
   62.7001076        -1.71696040E-04
   62.8268967        -1.70028783E-04
   62.9536896        -1.68799059E-04
   63.0804825        -1.68053448E-04
   63.2072754        -1.67820748E-04
   63.3340683        -1.68111859E-04
   63.4608612        -1.68919738E-04
   63.5876541        -1.70220548E-04
   63.7144470        -1.71975247E-04
   63.8412399        -1.74131579E-04
   63.9680328        -1.76626927E-04
   64.0948257        -1.79390889E-04
   64.2216187        -1.82348638E-04
   64.3484116        -1.85423734E-04
   64.4752045        -1.88541235E-04
   64.6019974        -1.91630432E-04
   64.7287903        -1.94627064E-04
   64.8555832        -1.97475252E-04
   64.9823761        -2.00128954E-04
   65.1091690        -2.02552532E-04
   65.2359619        -2.04721116E-04
   65.3627548        -2.06620010E-04
   65.4895477        -2.08243917E-04
   65.6163330        -2.09595353E-04
   65.7431259        -2.10682905E-04
   65.8699188        -2.11519087E-04
   65.9967117        -2.12118131E-04
   66.1235046        -2.12493673E-04
   66.2502975        -2.12656669E-04
   66.3770905        -2.12613319E-04
   66.5038834        -2.12363651E-04
   66.6306763        -2.11900246E-04
   66.7574692        -2.11207866E-04
   66.8842621        -2.10263257E-04
   67.0110550        -2.09035832E-04
   67.1378479        -2.07488847E-04
   67.2646408        -2.05581135E-04
   67.3914337        -2.03269345E-04
   67.5182266        -2.00510185E-04
   67.6450195        -1.97263595E-04
   67.7718124        -1.93495332E-04
   67.8986053        -1.89179729E-04
   68.0253983        -1.84302568E-04
   68.1521912        -1.78863018E-04
   68.2789841        -1.72875720E-04
   68.4057770        -1.66372105E-04
   68.5325699        -1.59401054E-04
   68.6593628        -1.52029039E-04
   68.7861557        -1.44339472E-04
   68.9129486        -1.36431539E-04
   69.0397415        -1.28418324E-04
   69.1665344        -1.20424498E-04
   69.2933273        -1.12583242E-04
   69.4201126        -1.05033148E-04
   69.5469055        -9.79146353E-05
   69.6736984        -9.13662807E-05
   69.8004913        -8.55210383E-05
   69.9272842        -8.05028612E-05
   70.0540771        -7.64232245E-05
   70.1808701        -7.33781199E-05
   70.3076630        -7.14456692E-05
   70.4344559        -7.06838764E-05
   70.5612488        -7.11294269E-05
   70.6880417        -7.27966471E-05
   70.8148346        -7.56774607E-05
   70.9416275        -7.97416214E-05
   71.0684204        -8.49378921E-05
   71.1952133        -9.11953466E-05
   71.3220062        -9.84254439E-05
   71.4487991        -1.06524407E-04
   71.5755920        -1.15375755E-04
   71.7023849        -1.24853352E-04
   71.8291779        -1.34824091E-04
   71.9559708        -1.45151193E-04
   72.0827637        -1.55696805E-04
   72.2095566        -1.66324797E-04
   72.3363495        -1.76903355E-04
   72.4631424        -1.87306869E-04
   72.5899353        -1.97417947E-04
   72.7167282        -2.07128673E-04
   72.8435211        -2.16341621E-04
   72.9703140        -2.24970427E-04
   73.0971069        -2.32940045E-04
   73.2238922        -2.40186608E-04
   73.3506851        -2.46657059E-04
   73.4774780        -2.52308615E-04
   73.6042709        -2.57107808E-04
   73.7310638        -2.61029840E-04
   73.8578568        -2.64057802E-04
   73.9846497        -2.66181451E-04
   74.1114426        -2.67396856E-04
   74.2382355        -2.67705473E-04
   74.3650284        -2.67113908E-04
   74.4918213        -2.65633716E-04
   74.6186142        -2.63281021E-04
   74.7454071        -2.60077097E-04
   74.8722000        -2.56048515E-04
   74.9989929        -2.51227757E-04
   75.1257858        -2.45653850E-04
   75.2525787        -2.39372879E-04
   75.3793716        -2.32438950E-04
   75.5061646        -2.24914635E-04
   75.6329575        -2.16871296E-04
   75.7597504        -2.08389451E-04
   75.8865433        -1.99558504E-04
   76.0133362        -1.90476378E-04
   76.1401291        -1.81248572E-04
   76.2669220        -1.71987020E-04
   76.3937149        -1.62808370E-04
   76.5205078        -1.53832108E-04
   76.6473007        -1.45178201E-04
   76.7740936        -1.36964649E-04
   76.9008865        -1.29304783E-04
   77.0276718        -1.22304613E-04
   77.1544647        -1.16060226E-04
   77.2812576        -1.10655252E-04
   77.4080505        -1.06158630E-04
   77.5348434        -1.02622747E-04
   77.6616364        -1.00081976E-04
   77.7884293        -9.85517327E-05
   77.9152222        -9.80280165E-05
   78.0420151        -9.84876096E-05
   78.1688080        -9.98888281E-05
   78.2956009        -1.02172686E-04
   78.4223938        -1.05264786E-04
   78.5491867        -1.09077540E-04
   78.6759796        -1.13512826E-04
   78.8027725        -1.18464806E-04
   78.9295654        -1.23823091E-04
   79.0563583        -1.29476015E-04
   79.1831512        -1.35313574E-04
   79.3099442        -1.41230586E-04
   79.4367371        -1.47129453E-04
   79.5635300        -1.52922468E-04
   79.6903229        -1.58533701E-04
   79.8171158        -1.63900680E-04
   79.9439087        -1.68975050E-04
   80.0707016        -1.73722830E-04
   80.1974945        -1.78124290E-04
   80.3242874        -1.82172909E-04
   80.4510803        -1.85874029E-04
   80.5778732        -1.89242899E-04
   80.7046585        -1.92302497E-04
   80.8314514        -1.95081011E-04
   80.9582443        -1.97609232E-04
   81.0850372        -1.99917777E-04
   81.2118301        -2.02034644E-04
   81.3386230        -2.03982810E-04
   81.4654160        -2.05778415E-04
   81.5922089        -2.07428922E-04
   81.7190018        -2.08932470E-04
   81.8457947        -2.10277271E-04
   81.9725876        -2.11441729E-04
   82.0993805        -2.12395258E-04
   82.2261734        -2.13099775E-04
   82.3529663        -2.13511215E-04
   82.4797592        -2.13582156E-04
   82.6065521        -2.13264095E-04
   82.7333450        -2.12510451E-04
   82.8601379        -2.11279301E-04
   82.9869308        -2.09536287E-04
   83.1137238        -2.07257021E-04
   83.2405167        -2.04429496E-04
   83.3673096        -2.01055809E-04
   83.4941025        -1.97153320E-04
   83.6208954        -1.92755557E-04
   83.7476883        -1.87911981E-04
   83.8744812        -1.82687480E-04
   84.0012741        -1.77161055E-04
   84.1280670        -1.71424006E-04
   84.2548599        -1.65577410E-04
   84.3816528        -1.59729447E-04
   84.5084381        -1.53992165E-04
   84.6352310        -1.48478255E-04
   84.7620239        -1.43297788E-04
   84.8888168        -1.38554780E-04
   85.0156097        -1.34344416E-04
   85.1424026        -1.30750195E-04
   85.2691956        -1.27841864E-04
   85.3959885        -1.25673687E-04
   85.5227814        -1.24283251E-04
   85.6495743        -1.23691076E-04
   85.7763672        -1.23900347E-04
   85.9031601        -1.24897793E-04
   86.0299530        -1.26654530E-04
   86.1567459        -1.29127598E-04
   86.2835388        -1.32261688E-04
   86.4103317        -1.35991213E-04
   86.5371246        -1.40242511E-04
   86.6639175        -1.44936042E-04
   86.7907104        -1.49988482E-04
   86.9175034        -1.55315007E-04
   87.0442963        -1.60831216E-04
   87.1710892        -1.66454804E-04
   87.2978821        -1.72107131E-04
   87.4246750        -1.77714479E-04
   87.5514679        -1.83209020E-04
   87.6782608        -1.88529346E-04
   87.8050537        -1.93621090E-04
   87.9318466        -1.98436843E-04
   88.0586395        -2.02936033E-04
   88.1854324        -2.07084726E-04
   88.3122177        -2.10855025E-04
   88.4390106        -2.14224274E-04
   88.5658035        -2.17174602E-04
   88.6925964        -2.19691894E-04
   88.8193893        -2.21765396E-04
   88.9461823        -2.23386684E-04
   89.0729752        -2.24549425E-04
   89.1997681        -2.25248747E-04
   89.3265610        -2.25481097E-04
   89.4533539        -2.25244192E-04
   89.5801468        -2.24536794E-04
   89.7069397        -2.23359501E-04
   89.8337326        -2.21714756E-04
   89.9605255        -2.19607711E-04
   90.0873184        -2.17046661E-04
   90.2141113        -2.14043917E-04
   90.3409042        -2.10616723E-04
   90.4676971        -2.06787721E-04
   90.5944901        -2.02585754E-04
   90.7212830        -1.98046575E-04
   90.8480759        -1.93212836E-04
   90.9748688        -1.88134392E-04
   91.1016617        -1.82868054E-04
   91.2284546        -1.77477050E-04
   91.3552475        -1.72030530E-04
   91.4820404        -1.66602127E-04
   91.6088333        -1.61268923E-04
   91.7356262        -1.56109716E-04
   91.8624191        -1.51203421E-04
   91.9892120        -1.46627208E-04
   92.1159973        -1.42454548E-04
   92.2427902        -1.38753472E-04
   92.3695831        -1.35584807E-04
   92.4963760        -1.33000460E-04
   92.6231689        -1.31042310E-04
   92.7499619        -1.29740904E-04
   92.8767548        -1.29114749E-04
   93.0035477        -1.29169799E-04
   93.1303406        -1.29899548E-04
   93.2571335        -1.31285095E-04
   93.3839264        -1.33295849E-04
   93.5107193        -1.35890295E-04
   93.6375122        -1.39017284E-04
   93.7643051        -1.42617369E-04
   93.8910980        -1.46624181E-04
   94.0178909        -1.50966065E-04
   94.1446838        -1.55567817E-04
   94.2714767        -1.60351978E-04
   94.3982697        -1.65240519E-04
   94.5250626        -1.70155952E-04
   94.6518555        -1.75022826E-04
   94.7786484        -1.79768424E-04
   94.9054413        -1.84323726E-04
   95.0322342        -1.88624108E-04
   95.1590271        -1.92610052E-04
   95.2858200        -1.96227134E-04
   95.4126129        -1.99426941E-04
   95.5394058        -2.02166906E-04
   95.6661987        -2.04411030E-04
   95.7929916        -2.06129625E-04
   95.9197769        -2.07299890E-04
   96.0465698        -2.07906080E-04
   96.1733627        -2.07939622E-04
   96.3001556        -2.07399265E-04
   96.4269485        -2.06291399E-04
   96.5537415        -2.04629963E-04
   96.6805344        -2.02436378E-04
   96.8073273        -1.99739647E-04
   96.9341202        -1.96575988E-04
   97.0609131        -1.92988533E-04
   97.1877060        -1.89027051E-04
   97.3144989        -1.84747070E-04
   97.4412918        -1.80209507E-04
   97.5680847        -1.75479712E-04
   97.6948776        -1.70626619E-04
   97.8216705        -1.65721867E-04
   97.9484634        -1.60838739E-04
   98.0752563        -1.56051101E-04
   98.2020493        -1.51432396E-04
   98.3288422        -1.47054641E-04
   98.4556351        -1.42987323E-04
   98.5824280        -1.39296346E-04
   98.7092209        -1.36043207E-04
   98.8360138        -1.33283887E-04
   98.9628067        -1.31068111E-04
   99.0895996        -1.29438398E-04
   99.2163925        -1.28429208E-04
   99.3431854        -1.28066356E-04
   99.4699783        -1.28366199E-04
   99.5967712        -1.29335051E-04
   99.7235565        -1.30968780E-04
   99.8503494        -1.33252368E-04
   99.9771423        -1.36159812E-04
   100.103935        -1.39654032E-04
   100.230728        -1.43687153E-04
   100.357521        -1.48201158E-04
   100.484314        -1.53128552E-04
   100.611107        -1.58393479E-04
   100.737900        -1.63913181E-04
   100.864693        -1.69599618E-04
   100.991486        -1.75361478E-04
   101.118279        -1.81106196E-04
   101.245071        -1.86742196E-04
   101.371864        -1.92181324E-04
   101.498657        -1.97340749E-04
   101.625450        -2.02145398E-04
   101.752243        -2.06529570E-04
   101.879036        -2.10438462E-04
   102.005829        -2.13829335E-04
   102.132622        -2.16672270E-04
   102.259415        -2.18950270E-04
   102.386208        -2.20658985E-04
   102.513000        -2.21806025E-04
   102.639793        -2.22409653E-04
   102.766586        -2.22497314E-04
   102.893379        -2.22103787E-04
   103.020172        -2.21268914E-04
   103.146965        -2.20035727E-04
   103.273758        -2.18448069E-04
   103.400551        -2.16548709E-04
   103.527336        -2.14377564E-04
   103.654129        -2.11970182E-04
   103.780922        -2.09356920E-04
   103.907715        -2.06562108E-04
   104.034508        -2.03604097E-04
   104.161301        -2.00495590E-04
   104.288094        -1.97244211E-04
   104.414886        -1.93853892E-04
   104.541679        -1.90326056E-04
   104.668472        -1.86661287E-04
   104.795265        -1.82860837E-04
   104.922058        -1.78928516E-04
   105.048851        -1.74872155E-04
   105.175644        -1.70705025E-04
   105.302437        -1.66446887E-04
   105.429230        -1.62125027E-04
   105.556023        -1.57774601E-04
   105.682816        -1.53438872E-04
   105.809608        -1.49168889E-04
   105.936401        -1.45022961E-04
   106.063194        -1.41065582E-04
   106.189987        -1.37366107E-04
   106.316780        -1.33997120E-04
   106.443573        -1.31032648E-04
   106.570366        -1.28545886E-04
   106.697159        -1.26607192E-04
   106.823952        -1.25281760E-04
   106.950745        -1.24627390E-04
   107.077538        -1.24692291E-04
   107.204330        -1.25513354E-04
   107.331116        -1.27114108E-04
   107.457909        -1.29503722E-04
   107.584702        -1.32675646E-04
   107.711494        -1.36607268E-04
   107.838287        -1.41259778E-04
   107.965080        -1.46578299E-04
   108.091873        -1.52492939E-04
   108.218666        -1.58920011E-04
   108.345459        -1.65763704E-04
   108.472252        -1.72918182E-04
   108.599045        -1.80270115E-04
   108.725838        -1.87701109E-04
   108.852631        -1.95090688E-04
   108.979424        -2.02319119E-04
   109.106216        -2.09270089E-04
   109.233009        -2.15833425E-04
   109.359802        -2.21907583E-04
   109.486595        -2.27401542E-04
   109.613388        -2.32236634E-04
   109.740181        -2.36347725E-04
   109.866974        -2.39684014E-04
   109.993767        -2.42209353E-04
   110.120560        -2.43902148E-04
   110.247353        -2.44754745E-04
   110.374146        -2.44772615E-04
   110.500938        -2.43973191E-04
   110.627731        -2.42384485E-04
   110.754524        -2.40043548E-04
   110.881317        -2.36994834E-04
   111.008102        -2.33288927E-04
   111.134895        -2.28980600E-04
   111.261688        -2.24127914E-04
   111.388481        -2.18790839E-04
   111.515274        -2.13030085E-04
   111.642067        -2.06906567E-04
   111.768860        -2.00480717E-04
   111.895653        -1.93811924E-04
   112.022446        -1.86958539E-04
   112.149239        -1.79977680E-04
   112.276031        -1.72925400E-04
   112.402824        -1.65856822E-04
   112.529617        -1.58826369E-04
   112.656410        -1.51887914E-04
   112.783203        -1.45095313E-04
   112.909996        -1.38502364E-04
   113.036789        -1.32162953E-04
   113.163582        -1.26131112E-04
   113.290375        -1.20460805E-04
   113.417168        -1.15205687E-04
   113.543961        -1.10418492E-04
   113.670753        -1.06150415E-04
   113.797546        -1.02450300E-04
   113.924339        -9.93635840E-05
   114.051132        -9.69313987E-05
   114.177925        -9.51892944E-05
   114.304718        -9.41663020E-05
   114.431511        -9.38837766E-05
   114.558304        -9.43546693E-05
   114.685097        -9.55826763E-05
   114.811882        -9.75619259E-05
   114.938675        -1.00276629E-04
   115.065468        -1.03701255E-04
   115.192261        -1.07800901E-04
   115.319054        -1.12531874E-04
   115.445847        -1.17842625E-04
   115.572639        -1.23674778E-04
   115.699432        -1.29964421E-04
   115.826225        -1.36643328E-04
   115.953018        -1.43640384E-04
   116.079811        -1.50882814E-04
   116.206604        -1.58297436E-04
   116.333397        -1.65811798E-04
   116.460190        -1.73355103E-04
   116.586983        -1.80858915E-04
   116.713776        -1.88257822E-04
   116.840569        -1.95489774E-04
   116.967361        -2.02496449E-04
   117.094154        -2.09223246E-04
   117.220947        -2.15619380E-04
   117.347740        -2.21637834E-04
   117.474533        -2.27235418E-04
   117.601326        -2.32372520E-04
   117.728119        -2.37013286E-04
   117.854912        -2.41125643E-04
   117.981705        -2.44681258E-04
   118.108498        -2.47656018E-04
   118.235291        -2.50029785E-04
   118.362083        -2.51787249E-04
   118.488876        -2.52917409E-04
   118.615662        -2.53414648E-04
   118.742455        -2.53278500E-04
   118.869247        -2.52513913E-04
   118.996040        -2.51131743E-04
   119.122833        -2.49148405E-04
   119.249626        -2.46586394E-04
   119.376419        -2.43474075E-04
   119.503212        -2.39845613E-04
   119.630005        -2.35740634E-04
   119.756798        -2.31204540E-04
   119.883591        -2.26287375E-04
   120.010384        -2.21043971E-04
   120.137177        -2.15532971E-04
   120.263969        -2.09816295E-04
   120.390762        -2.03958334E-04
   120.517555        -1.98024951E-04
   120.644348        -1.92082443E-04
   120.771141        -1.86196703E-04
   120.897934        -1.80431874E-04
   121.024727        -1.74849527E-04
   121.151520        -1.69507402E-04
   121.278313        -1.64458470E-04
   121.405106        -1.59750081E-04
   121.531898        -1.55423055E-04
   121.658691        -1.51511122E-04
   121.785484        -1.48040170E-04
   121.912277        -1.45028127E-04
   122.039070        -1.42484510E-04
   122.165863        -1.40410470E-04
   122.292656        -1.38798976E-04
   122.419441        -1.37635099E-04
   122.546234        -1.36896560E-04
   122.673027        -1.36554474E-04
   122.799820        -1.36574192E-04
   122.926613        -1.36916380E-04
   123.053406        -1.37538183E-04
   123.180199        -1.38394666E-04
   123.306992        -1.39439857E-04
   123.433784        -1.40628414E-04
   123.560577        -1.41916811E-04
   123.687370        -1.43264682E-04
   123.814163        -1.44635909E-04
   123.940956        -1.45999584E-04
   124.067749        -1.47330851E-04
   124.194542        -1.48611434E-04
   124.321335        -1.49829735E-04
   124.448128        -1.50980952E-04
   124.574921        -1.52066597E-04
   124.701714        -1.53093933E-04
   124.828506        -1.54075067E-04
   124.955299        -1.55025686E-04
   125.082092        -1.55963848E-04
   125.208885        -1.56908514E-04
   125.335678        -1.57877919E-04
   125.462471        -1.58888288E-04
   125.589264        -1.59952149E-04
   125.716057        -1.61077623E-04
   125.842850        -1.62267039E-04
   125.969643        -1.63516583E-04
   126.096436        -1.64815909E-04
   126.223221        -1.66148209E-04
   126.350014        -1.67490769E-04
   126.476807        -1.68815677E-04
   126.603600        -1.70090920E-04
   126.730392        -1.71281761E-04
   126.857185        -1.72352273E-04
   126.983978        -1.73267064E-04
   127.110771        -1.73992972E-04
   127.237564        -1.74500732E-04
   127.364357        -1.74766697E-04
   127.491150        -1.74774192E-04
   127.617943        -1.74514760E-04
   127.744736        -1.73989145E-04
   127.871529        -1.73207765E-04
   127.998322        -1.72191023E-04
   128.125107        -1.70969084E-04
   128.251907        -1.69581399E-04
   128.378693        -1.68075523E-04
   128.505493        -1.66506070E-04
   128.632278        -1.64932877E-04
   128.759079        -1.63419070E-04
   128.885864        -1.62029057E-04
   129.012665        -1.60826195E-04
   129.139450        -1.59870673E-04
   129.266251        -1.59217263E-04
   129.393036        -1.58913273E-04
   129.519836        -1.58996801E-04
   129.646622        -1.59495350E-04
   129.773422        -1.60424432E-04
   129.900208        -1.61787189E-04
   130.027008        -1.63573975E-04
   130.153793        -1.65762365E-04
   130.280594        -1.68318045E-04
   130.407379        -1.71195643E-04
   130.534180        -1.74340094E-04
   130.660965        -1.77688446E-04
   130.787766        -1.81171636E-04
   130.914551        -1.84716788E-04
   131.041351        -1.88249294E-04
   131.168137        -1.91695028E-04
   131.294937        -1.94982698E-04
   131.421722        -1.98045629E-04
   131.548523        -2.00823721E-04
   131.675308        -2.03264979E-04
   131.802109        -2.05326811E-04
   131.928894        -2.06976882E-04
   132.055679        -2.08193640E-04
   132.182480        -2.08966696E-04
   132.309265        -2.09296399E-04
   132.436066        -2.09193546E-04
   132.562851        -2.08678408E-04
   132.689651        -2.07779696E-04
   132.816437        -2.06533165E-04
   132.943237        -2.04980257E-04
   133.070023        -2.03166361E-04
   133.196823        -2.01139119E-04
   133.323608        -1.98946931E-04
   133.450409        -1.96637280E-04
   133.577194        -1.94255306E-04
   133.703995        -1.91842468E-04
   133.830780        -1.89435596E-04
   133.957581        -1.87066064E-04
   134.084366        -1.84759119E-04
   134.211166        -1.82533593E-04
   134.337952        -1.80402101E-04
   134.464752        -1.78370945E-04
   134.591537        -1.76440852E-04
   134.718338        -1.74607470E-04
   134.845123        -1.72862303E-04
   134.971924        -1.71193795E-04
   135.098709        -1.69588326E-04
   135.225510        -1.68031445E-04
   135.352295        -1.66509068E-04
   135.479095        -1.65008547E-04
   135.605881        -1.63519799E-04
   135.732666        -1.62036100E-04
   135.859467        -1.60555035E-04
   135.986252        -1.59078802E-04
   136.113052        -1.57614733E-04
   136.239838        -1.56175141E-04
   136.366638        -1.54777284E-04
   136.493423        -1.53442903E-04
   136.620224        -1.52197594E-04
   136.747009        -1.51069937E-04
   136.873810        -1.50090520E-04
   137.000595        -1.49290776E-04
   137.127396        -1.48701700E-04
   137.254181        -1.48352497E-04
   137.380981        -1.48269421E-04
   137.507767        -1.48474428E-04
   137.634567        -1.48983920E-04
   137.761353        -1.49807864E-04
   137.888153        -1.50948865E-04
   138.014938        -1.52401612E-04
   138.141739        -1.54152644E-04
   138.268524        -1.56180206E-04
   138.395325        -1.58454714E-04
   138.522110        -1.60939162E-04
   138.648911        -1.63590230E-04
   138.775696        -1.66359212E-04
   138.902496        -1.69193474E-04
   139.029282        -1.72037922E-04
   139.156082        -1.74836619E-04
   139.282867        -1.77534312E-04
   139.409653        -1.80078147E-04
   139.536453        -1.82418982E-04
   139.663239        -1.84512930E-04
   139.790039        -1.86322359E-04
   139.916824        -1.87816913E-04
   140.043625        -1.88974227E-04
   140.170410        -1.89780316E-04
   140.297211        -1.90229795E-04
   140.423996        -1.90325765E-04
   140.550797        -1.90079489E-04
   140.677582        -1.89509810E-04
   140.804382        -1.88642516E-04
   140.931168        -1.87509228E-04
   141.057968        -1.86146586E-04
   141.184753        -1.84595163E-04
   141.311554        -1.82898191E-04
   141.438339        -1.81100622E-04
   141.565140        -1.79248047E-04
   141.691925        -1.77385518E-04
   141.818726        -1.75556765E-04
   141.945511        -1.73803113E-04
   142.072311        -1.72162763E-04
   142.199097        -1.70669926E-04
   142.325897        -1.69354098E-04
   142.452682        -1.68239669E-04
   142.579483        -1.67345032E-04
   142.706268        -1.66682425E-04
   142.833069        -1.66257698E-04
   142.959854        -1.66069905E-04
   143.086655        -1.66111611E-04
   143.213440        -1.66369093E-04
   143.340225        -1.66822545E-04
   143.467026        -1.67447040E-04
   143.593811        -1.68212980E-04
   143.720612        -1.69087434E-04
   143.847397        -1.70035084E-04
   143.974197        -1.71019536E-04
   144.100983        -1.72004671E-04
   144.227783        -1.72955988E-04
   144.354568        -1.73841967E-04
   144.481369        -1.74635294E-04
   144.608154        -1.75314184E-04
   144.734955        -1.75863112E-04
   144.861740        -1.76273883E-04
   144.988541        -1.76546004E-04
   145.115326        -1.76686910E-04
   145.242126        -1.76711968E-04
   145.368912        -1.76644127E-04
   145.495712        -1.76513058E-04
   145.622498        -1.76354195E-04
   145.749298        -1.76207381E-04
   145.876083        -1.76115384E-04
   146.002884        -1.76121903E-04
   146.129669        -1.76269867E-04
   146.256470        -1.76599264E-04
   146.383255        -1.77145281E-04
   146.510056        -1.77936294E-04
   146.636841        -1.78991992E-04
   146.763641        -1.80321978E-04
   146.890427        -1.81924319E-04
   147.017212        -1.83784679E-04
   147.144012        -1.85875731E-04
   147.270798        -1.88157355E-04
   147.397598        -1.90576728E-04
   147.524384        -1.93069776E-04
   147.651184        -1.95562374E-04
   147.777969        -1.97972549E-04
   147.904770        -2.00213108E-04
   148.031555        -2.02194409E-04
   148.158356        -2.03827600E-04
   148.285141        -2.05028118E-04
   148.411942        -2.05718912E-04
   148.538727        -2.05833916E-04
   148.665527        -2.05320772E-04
   148.792313        -2.04143827E-04
   148.919113        -2.02285824E-04
   149.045898        -1.99749367E-04
   149.172699        -1.96557885E-04
   149.299484        -1.92755091E-04
   149.426285        -1.88404476E-04
   149.553070        -1.83587617E-04
   149.679871        -1.78401664E-04
   149.806656        -1.72956570E-04
   149.933456        -1.67371589E-04
   150.060242        -1.61771430E-04
   150.187042        -1.56282171E-04
   150.313828        -1.51027038E-04
   150.440628        -1.46122489E-04
   150.567413        -1.41674274E-04
   150.694214        -1.37773983E-04
   150.820999        -1.34496280E-04
   150.947784        -1.31896668E-04
   151.074585        -1.30009881E-04
   151.201370        -1.28849249E-04
   151.328171        -1.28406900E-04
   151.454956        -1.28654516E-04
   151.581757        -1.29544991E-04
   151.708542        -1.31014895E-04
   151.835342        -1.32987072E-04
   151.962128        -1.35374212E-04
   152.088928        -1.38082294E-04
   152.215714        -1.41014345E-04
   152.342514        -1.44074264E-04
   152.469299        -1.47170402E-04
   152.596100        -1.50218853E-04
   152.722885        -1.53146349E-04
   152.849686        -1.55892689E-04
   152.976471        -1.58412702E-04
   153.103271        -1.60677111E-04
   153.230057        -1.62673154E-04
   153.356857        -1.64404337E-04
   153.483643        -1.65889374E-04
   153.610443        -1.67160833E-04
   153.737228        -1.68262777E-04
   153.864029        -1.69248306E-04
   153.990814        -1.70176500E-04
   154.117615        -1.71109496E-04
   154.244400        -1.72109052E-04
   154.371201        -1.73233449E-04
   154.497986        -1.74534609E-04
   154.624771        -1.76055517E-04
   154.751572        -1.77827751E-04
   154.878357        -1.79870098E-04
   155.005157        -1.82187287E-04
   155.131943        -1.84769538E-04
   155.258743        -1.87592581E-04
   155.385529        -1.90618550E-04
   155.512329        -1.93797154E-04
   155.639114        -1.97067580E-04
   155.765915        -2.00360737E-04
   155.892700        -2.03601841E-04
   156.019501        -2.06713201E-04
   156.146286        -2.09617006E-04
   156.273087        -2.12238287E-04
   156.399872        -2.14507614E-04
   156.526672        -2.16363303E-04
   156.653458        -2.17753812E-04
   156.780258        -2.18639048E-04
   156.907043        -2.18991801E-04
   157.033844        -2.18798217E-04
   157.160629        -2.18057932E-04
   157.287430        -2.16783810E-04
   157.414215        -2.15001026E-04
   157.541016        -2.12745828E-04
   157.667801        -2.10064143E-04
   157.794601        -2.07009638E-04
   157.921387        -2.03641830E-04
   158.048187        -2.00024049E-04
   158.174973        -1.96221547E-04
   158.301773        -1.92299471E-04
   158.428558        -1.88320992E-04
   158.555344        -1.84345976E-04
   158.682144        -1.80429517E-04
   158.808929        -1.76620946E-04
   158.935730        -1.72963162E-04
   159.062515        -1.69492152E-04
   159.189316        -1.66236947E-04
   159.316101        -1.63219869E-04
   159.442902        -1.60456912E-04
   159.569687        -1.57958348E-04
   159.696487        -1.55729722E-04
   159.823273        -1.53772533E-04
   159.950073        -1.52085369E-04
   160.076859        -1.50664811E-04
   160.203659        -1.49506290E-04
