  -4.50000000         0.00000000    
  -4.37320757         0.00000000    
  -4.24641466         0.00000000    
  -4.11962223         0.00000000    
  -3.99282932         0.00000000    
  -3.86603665         0.00000000    
  -3.73924398         0.00000000    
  -3.61245155         0.00000000    
  -3.48565888         0.00000000    
  -3.35886621         0.00000000    
  -3.23207355         0.00000000    
  -3.10528088         0.00000000    
  -2.97848821         0.00000000    
  -2.85169554         0.00000000    
  -2.72490287         0.00000000    
  -2.59811020         0.00000000    
  -2.47131753         0.00000000    
  -2.34452486         0.00000000    
  -2.21773219         0.00000000    
  -2.09093952         0.00000000    
  -1.96414697         0.00000000    
  -1.83735430         0.00000000    
  -1.71056163         0.00000000    
  -1.58376896         0.00000000    
  -1.45697629         0.00000000    
  -1.33018374         0.00000000    
  -1.20339108         0.00000000    
  -1.07659841         0.00000000    
 -0.949805737         0.00000000    
 -0.823013067         0.00000000    
 -0.696220458         0.00000000    
 -0.569427788         0.00000000    
 -0.442635119         0.00000000    
 -0.315842479         0.00000000    
 -0.189049825         0.00000000    
  -6.22571707E-02     0.00000000    
   6.45354837E-02     0.00000000    
  0.191328138         0.00000000    
  0.318120778         0.00000000    
  0.444913447         0.00000000    
  0.571706116         0.00000000    
  0.698498726         0.00000000    
  0.825291395         0.00000000    
  0.952084064         0.00000000    
   1.07887673         0.00000000    
   1.20566940         0.00000000    
   1.33246195         0.00000000    
   1.45925462         0.00000000    
   1.58604729         0.00000000    
   1.71283996         0.00000000    
   1.83963263         0.00000000    
   1.96642530         0.00000000    
   2.09321785         0.00000000    
   2.22001052         0.00000000    
   2.34680319         0.00000000    
   2.47359586         0.00000000    
   2.60038853         0.00000000    
   2.72718120         0.00000000    
   2.85397387         0.00000000    
   2.98076653         0.00000000    
   3.10755920         0.00000000    
   3.23435187         0.00000000    
   3.36114454         0.00000000    
   3.48793697         0.00000000    
   3.61472964         0.00000000    
   3.74152231         0.00000000    
   3.86831498         0.00000000    
   3.99510765         0.00000000    
   4.12190056         0.00000000    
   4.24869299         0.00000000    
   4.37548542         0.00000000    
   4.50227833         0.00000000    
   4.62907076         0.00000000    
   4.75586367         0.00000000    
   4.88265610         0.00000000    
   5.00944901         0.00000000    
   5.13624144         0.00000000    
   5.26303434         0.00000000    
   5.38982677         0.00000000    
   5.51661968         0.00000000    
   5.64341211         0.00000000    
   5.77020502         0.00000000    
   5.89699745         0.00000000    
   6.02379036         0.00000000    
   6.15058279         0.00000000    
   6.27737522         0.00000000    
   6.40416813         0.00000000    
   6.53096056         0.00000000    
   6.65775347         0.00000000    
   6.78454590         0.00000000    
   6.91133881         0.00000000    
   7.03813124         0.00000000    
   7.16492414         0.00000000    
   7.29171658         0.00000000    
   7.41850948         0.00000000    
   7.54530191         0.00000000    
   7.67209482         0.00000000    
   7.79888725         0.00000000    
   7.92567968         0.00000000    
   8.05247211         0.00000000    
   8.17926502         0.00000000    
   8.30605793         0.00000000    
   8.43285084         0.00000000    
   8.55964279         0.00000000    
   8.68643570         0.00000000    
   8.81322861         0.00000000    
   8.94002151         0.00000000    
   9.06681347         0.00000000    
   9.19360638         0.00000000    
   9.32039928         0.00000000    
   9.44719219         0.00000000    
   9.57398415         0.00000000    
   9.70077705         0.00000000    
   9.82756996         0.00000000    
   9.95436192         0.00000000    
   10.0811548         0.00000000    
   10.2079477         0.00000000    
   10.3347406         0.00000000    
   10.4615326         0.00000000    
   10.5883255         0.00000000    
   10.7151184         0.00000000    
   10.8419113         0.00000000    
   10.9687033         0.00000000    
   11.0954962         0.00000000    
   11.2222891         0.00000000    
   11.3490820         0.00000000    
   11.4758739         0.00000000    
   11.6026669         0.00000000    
   11.7294598         0.00000000    
   11.8562517         0.00000000    
   11.9830446         0.00000000    
   12.1098375         0.00000000    
   12.2366304         0.00000000    
   12.3634224         0.00000000    
   12.4902153         0.00000000    
   12.6170082         0.00000000    
   12.7438011         0.00000000    
   12.8705931         0.00000000    
   12.9973860         0.00000000    
   13.1241789         0.00000000    
   13.2509708         0.00000000    
   13.3777637         0.00000000    
   13.5045567         0.00000000    
   13.6313496         0.00000000    
   13.7581415         0.00000000    
   13.8849344         0.00000000    
   14.0117273         0.00000000    
   14.1385202         0.00000000    
   14.2653122         0.00000000    
   14.3921051         0.00000000    
   14.5188980         0.00000000    
   14.6456909         0.00000000    
   14.7724829         0.00000000    
   14.8992758         0.00000000    
   15.0260687         0.00000000    
   15.1528606         0.00000000    
   15.2796535         0.00000000    
   15.4064465         0.00000000    
   15.5332394         0.00000000    
   15.6600313         0.00000000    
   15.7868242         0.00000000    
   15.9136171         0.00000000    
   16.0404091         0.00000000    
   16.1672020         0.00000000    
   16.2939949         0.00000000    
   16.4207878         0.00000000    
   16.5475807         0.00000000    
   16.6743736         0.00000000    
   16.8011646         0.00000000    
   16.9279575         0.00000000    
   17.0547504         0.00000000    
   17.1815434         0.00000000    
   17.3083363         0.00000000    
   17.4351292         0.00000000    
   17.5619221         0.00000000    
   17.6887150         0.00000000    
   17.8155060         0.00000000    
   17.9422989         0.00000000    
   18.0690918         0.00000000    
   18.1958847         0.00000000    
   18.3226776         0.00000000    
   18.4494705         0.00000000    
   18.5762634         0.00000000    
   18.7030544         0.00000000    
   18.8298473         0.00000000    
   18.9566402         0.00000000    
   19.0834332         0.00000000    
   19.2102261         0.00000000    
   19.3370190         0.00000000    
   19.4638119         0.00000000    
   19.5906048         0.00000000    
   19.7173958        -6.15116621E-35
   19.8441887        -4.67051181E-34
   19.9709816        -1.39932335E-33
   20.0977745        -2.77699722E-33
   20.2245674        -3.63471449E-33
   20.3513603        -3.45428603E-33
   20.4781532        -2.02357312E-33
   20.6049442         8.36022970E-34
   20.7317371         4.72727404E-33
   20.8585300         9.49362445E-33
   20.9853230         1.13165392E-32
   21.1121159         1.19476092E-32
   21.2389088         8.38711105E-33
   21.3657017        -1.24970450E-33
   21.4924946        -1.37702566E-32
   21.6192856        -2.29823736E-32
   21.7460785        -2.43210604E-32
   21.8728714        -1.19819719E-32
   21.9996643         2.97295966E-33
   22.1264572         1.23920644E-32
   22.2532501         8.16241898E-33
   22.3800430        -1.05060050E-32
   22.5068340         7.00113621E-32
   22.6336269         7.79104349E-31
   22.7604198         2.11668710E-30
   22.8872128         4.32200685E-30
   23.0140057         7.25272266E-30
   23.1407986         1.07915189E-29
   23.2675915         1.36693284E-29
   23.3943844         1.58586804E-29
   23.5211754         1.59021748E-29
   23.6479683         1.38067646E-29
   23.7747612         9.79447923E-30
   23.9015541         4.64199559E-30
   24.0283470        -1.01578163E-30
   24.1551399        -6.75870959E-30
   24.2819328        -1.81884011E-29
   24.4087238        -3.60889901E-29
   24.5355167        -6.16921222E-29
   24.6623096        -8.42912430E-29
   24.7891026        -9.81355737E-29
   24.9158955        -1.09982504E-28
   25.0426884        -1.17609223E-28
   25.1694813        -1.15446247E-28
   25.2962742        -1.04655250E-28
   25.4230652        -9.02646832E-29
   25.5498581        -8.05547523E-29
   25.6766510        -7.98907639E-29
   25.8034439        -9.16324125E-29
   25.9302368        -1.17268719E-28
   26.0570297        -1.58323346E-28
   26.1838226        -2.06711626E-28
   26.3106136        -2.59453867E-28
   26.4374065        -3.09201071E-28
   26.5641994        -3.38455080E-28
   26.6909924        -3.40221134E-28
   26.8177853        -3.04000025E-28
   26.9445782        -2.22508272E-28
   27.0713711        -8.83171227E-29
   27.1981640         1.03920375E-28
   27.3249550         3.61768631E-28
   27.4517479         6.97024525E-28
   27.5785408         1.12143819E-27
   27.7053337         1.64844234E-27
   27.8321266         2.28726175E-27
   27.9589195         3.04364859E-27
   28.0857124         3.90887704E-27
   28.2125034         4.85240207E-27
   28.3392963         5.82191058E-27
   28.4660892         6.72590743E-27
   28.5928822         7.44403740E-27
   28.7196751         7.81243852E-27
   28.8464680         7.63625214E-27
   28.9732609         6.69401942E-27
   29.1000538         4.75139166E-27
   29.2268448         1.58031074E-27
   29.3536377        -3.02024161E-27
   29.4804306        -9.19778227E-27
   29.6072235        -1.70139579E-26
   29.7340164        -2.64079262E-26
   29.8608093        -3.71608892E-26
   29.9876022        -4.88572651E-26
   30.1143932        -6.08514052E-26
   30.2411861        -7.22414781E-26
   30.3679790        -8.18562011E-26
   30.4947720        -8.82610429E-26
   30.6215649        -8.97889371E-26
   30.7483578        -8.46018747E-26
   30.8751507        -7.07862516E-26
   31.0019417        -4.64874037E-26
   31.1287346        -1.00809868E-26
   31.2555275         3.96188318E-26
   31.3823204         1.03121278E-25
   31.5091133         1.80000395E-25
   31.6359062         2.68632998E-25
   31.7626991         3.65951489E-25
   31.8894920         4.67236102E-25
   32.0162849         5.65974321E-25
   32.1430779         6.53818765E-25
   32.2698708         7.20673396E-25
   32.3966637         7.54940133E-25
   32.5234528         7.43951941E-25
   32.6502457         6.74612991E-25
   32.7770386         5.34255949E-25
   32.9038315         3.11711386E-25
   33.0306244        -1.42749128E-27
   33.1574173        -4.09387946E-25
   33.2842102        -9.10709544E-25
   33.4110031        -1.49673212E-24
   33.5377960        -2.15019008E-24
   33.6645889        -2.84404610E-24
   33.7913818        -3.54070869E-24
   33.9181747        -4.19180254E-24
   34.0449677        -4.73864368E-24
   34.1717606        -5.11357309E-24
   34.2985535        -5.24229389E-24
   34.4253426        -5.04727919E-24
   34.5521355        -4.45231320E-24
   34.6789284        -3.38812722E-24
   34.8057213        -1.79901623E-24
   34.9325142         3.49770646E-25
   35.0593071         3.06417399E-24
   35.1861000         6.31344000E-24
   35.3128929         1.00227216E-23
   35.4396858         1.40667973E-23
   35.5664787         1.82656104E-23
   35.6932716         2.23823536E-23
   35.8200645         2.61248928E-23
   35.9468575         2.91511683E-23
   36.0736504         3.10792674E-23
   36.2004433         3.15025292E-23
   36.3272324         3.00099633E-23
   36.4540253         2.62118852E-23
   36.5808182         1.97703137E-23
   36.7076111         1.04333308E-23
   36.8344040        -1.92801234E-24
   36.9611969        -1.72818141E-23
   37.0879898        -3.53988489E-23
   37.2147827        -5.58200564E-23
   37.3415756        -7.78309859E-23
   37.4683685        -1.00446429E-22
   37.5951614        -1.22408317E-22
   37.7219543        -1.42200471E-22
   37.8487473        -1.58082285E-22
   37.9755402        -1.68144654E-22
   38.1023293        -1.70388238E-22
   38.2291222        -1.62825372E-22
   38.3559151        -1.43604416E-22
   38.4827080        -1.11152938E-22
   38.6095009        -6.43367123E-23
   38.7362938        -2.62706340E-24
   38.8630867         7.37310360E-23
   38.9898796         1.63560199E-22
   39.1166725         2.64612700E-22
   39.2434654         3.73466442E-22
   39.3702583         4.85467374E-22
   39.4970512         5.94732864E-22
   39.6238441         6.94228141E-22
   39.7506371         7.75926363E-22
   39.8774300         8.31062767E-22
   40.0042191         8.50483841E-22
   40.1310120         8.25097767E-22
   40.2578049         7.46412414E-22
   40.3845978         6.07158698E-22
   40.5113907         4.01970044E-22
   40.6381836         1.28101166E-22
   40.7649765        -2.13855521E-22
   40.8917694        -6.19291202E-22
   41.0185623        -1.07898925E-21
   41.1453552        -1.57867289E-21
   41.2721481        -2.09874321E-21
   41.3989410        -2.61426555E-21
   41.5257339        -3.09525472E-21
   41.6525269        -3.50729709E-21
   41.7793198        -3.81256026E-21
   41.9061089        -3.97119799E-21
   42.0329018        -3.94314857E-21
   42.1596947        -3.69033342E-21
   42.2864876        -3.17917983E-21
   42.4132805        -2.38341976E-21
   42.5400734        -1.28705274E-21
   42.6668663         1.12653679E-22
   42.7936592         1.80228782E-21
   42.9204521         3.74971513E-21
   43.0472450         5.90201930E-21
   43.1740379         8.18415245E-21
   43.3008308         1.04985464E-20
   43.4276237         1.27258538E-20
   43.5544167         1.47270542E-20
   43.6812096         1.63470325E-20
   43.8079987         1.74197726E-20
   43.9347916         1.77751792E-20
   44.0615845         1.72474654E-20
   44.1883774         1.56850020E-20
   44.3151703         1.29613531E-20
   44.4419632         8.98713722E-21
   44.5687561         3.72223400E-21
   44.6955490        -2.81224909E-21
   44.8223419        -1.05229515E-20
   44.9491348        -1.92349510E-20
   45.0759277        -2.86850081E-20
   45.2027206        -3.85182759E-20
   45.3295135        -4.82891724E-20
   45.4563065        -5.74674619E-20
   45.5830994        -6.54498840E-20
   45.7098885        -7.15780645E-20
   45.8366814        -7.51627357E-20
   45.9634743        -7.55145007E-20
   46.0902672        -7.19802229E-20
   46.2170601        -6.39847727E-20
   46.3438530        -5.10765481E-20
   46.4706459        -3.29750026E-20
   46.5974388        -9.61837377E-21
   46.7242317         1.87912041E-20
   46.8510246         5.17480314E-20
   46.9778175         8.84117199E-20
   47.1046104         1.27587814E-19
   47.2314034         1.67723510E-19
   47.3581963         2.06921531E-19
   47.4849892         2.42974637E-19
   47.6117783         2.73423026E-19
   47.7385712         2.95635385E-19
   47.8653641         3.06914458E-19
   47.9921570         3.04624925E-19
   48.1189499         2.86342269E-19
   48.2457428         2.50017382E-19
   48.3725357         1.94151904E-19
   48.4993286         1.17976751E-19
   48.6261215         2.16251895E-20
   48.7529144        -9.37100379E-20
   48.8797073        -2.25645979E-19
   49.0065002        -3.70516970E-19
   49.1332932        -5.23332513E-19
   49.2600861        -6.77795671E-19
   49.3868790        -8.26392878E-19
   49.5136681        -9.60560798E-19
   49.6404610        -1.07093937E-18
   49.7672539        -1.14770793E-18
   49.8940468        -1.18100495E-18
   50.0208397        -1.16142258E-18
   50.1476326        -1.08056465E-18
   50.2744255        -9.31649181E-19
   50.4012184        -7.10130627E-19
   50.5280113        -4.14316907E-19
   50.6548042        -4.59462221E-20
   50.7815971         3.89313253E-19
   50.9083900         8.81477058E-19
   51.0351830         1.41601285E-18
   51.1619759         1.97379997E-18
   51.2887688         2.53131330E-18
   51.4155579         3.06105920E-18
   51.5423508         3.53228455E-18
   51.6691437         3.91196873E-18
   51.7959366         4.16608978E-18
   51.9227295         4.26114565E-18
   52.0495224         4.16590697E-18
   52.1763153         3.85333196E-18
   52.3031082         3.30258208E-18
   52.4299011         2.50106495E-18
   52.5566940         1.44637969E-18
   52.6834869         1.48078435E-19
   52.8102798        -1.37089077E-18
   52.9370728        -3.07316892E-18
   53.0638657        -4.90652810E-18
   53.1906586        -6.80406843E-18
   53.3174477        -8.68517806E-18
   53.4442406        -1.04572934E-17
   53.5710335        -1.20185364E-17
   53.6978264        -1.32612206E-17
   53.8246193        -1.40761374E-17
   53.9514122        -1.43576237E-17
   54.0782051        -1.40091755E-17
   54.2049980        -1.29495067E-17
   54.3317909        -1.11187542E-17
   54.4585838        -8.48456856E-18
   54.5853767        -5.04781633E-18
   54.7121696        -8.47485829E-19
   54.8389626         4.03549492E-18
   54.9657555         9.47590565E-18
   55.0925484         1.53036635E-17
   55.2193375         2.13052973E-17
   55.3461304         2.72277583E-17
   55.4729233         3.27846121E-17
   55.5997162         3.76647394E-17
   55.7265091         4.15434522E-17
   55.8533020         4.40958040E-17
   55.9800949         4.50118271E-17
   56.1068878         4.40131290E-17
   56.2336807         4.08704382E-17
   56.3604736         3.54211311E-17
   56.4872665         2.75861260E-17
   56.6140594         1.73851345E-17
   56.7408524         4.94941038E-18
   56.8676453        -9.46904087E-18
   56.9944382        -2.54926477E-17
   57.1212273        -4.26186513E-17
   57.2480202        -6.02253263E-17
   57.3748131        -7.75847107E-17
   57.5016060        -9.38818232E-17
   57.6283989        -1.08240415E-16
   57.7551918        -1.19755159E-16
   57.8819847        -1.27529042E-16
   58.0087776        -1.30715580E-16
   58.1355705        -1.28563786E-16
   58.2623634        -1.20464986E-16
   58.3891563        -1.05998404E-16
   58.5159492        -8.49746828E-17
   58.6427422        -5.74735810E-17
   58.7695351        -2.38746791E-17
   58.8963280         1.51221735E-17
   59.0231171         5.84882206E-17
   59.1499100         1.04871262E-16
   59.2767029         1.52616239E-16
   59.4034958         1.99802380E-16
   59.5302887         2.44296769E-16
   59.6570816         2.83823456E-16
   59.7838745         3.16048560E-16
   59.9106674         3.38676568E-16
   60.0374603         3.49557659E-16
   60.1642532         3.46800329E-16
   60.2910461         3.28885847E-16
   60.4178391         2.94779509E-16
   60.5446320         2.44032442E-16
   60.6714249         1.76869731E-16
   60.7982178         9.42578330E-17
   60.9250069        -2.05291546E-18
   61.0517998        -1.09516483E-16
   61.1785927        -2.24812709E-16
   61.3053856        -3.43906653E-16
   61.4321785        -4.62145252E-16
   61.5589714        -5.74392788E-16
   61.6857643        -6.75202202E-16
   61.8125572        -7.59019289E-16
   61.9393501        -8.20413190E-16
   62.0661430        -8.54326113E-16
   62.1929359        -8.56334428E-16
   62.3197289        -8.22907808E-16
   62.4465218        -7.51658573E-16
   62.5733147        -6.41563824E-16
   62.7001076        -4.93154282E-16
   62.8268967        -3.08652056E-16
   62.9536896        -9.20487512E-17
   63.0804825         1.50885023E-16
   63.2072754         4.12668523E-16
   63.3340683         6.84260320E-16
   63.4608612         9.55290958E-16
   63.5876541         1.21437917E-15
   63.7144470         1.44951954E-15
   63.8412399         1.64853978E-15
   63.9680328         1.79960641E-15
   64.0948257         1.89176698E-15
   64.2216187         1.91550720E-15
   64.3484116         1.86329397E-15
   64.4752045         1.73009010E-15
   64.6019974         1.51380479E-15
   64.7287903         1.21565946E-15
   64.8555832         8.40446366E-16
   64.9823761         3.96649065E-16
   65.1091690        -1.03577181E-16
   65.2359619        -6.44594085E-16
   65.3627548        -1.20763383E-15
   65.4895477        -1.77132123E-15
   65.6163330        -2.31235611E-15
   65.7431259        -2.80634213E-15
   65.8699188        -3.22873332E-15
   65.9967117        -3.55587481E-15
   66.1235046        -3.76609441E-15
   66.2502975        -3.84080314E-15
   66.3770905        -3.76555908E-15
   66.5038834        -3.53104213E-15
   66.6306763        -3.13388807E-15
   66.7574692        -2.57733745E-15
   66.8842621        -1.87165419E-15
   67.0110550        -1.03426651E-15
   67.1378479        -8.96153447E-17
   67.2646408         9.31321090E-16
   67.3914337         1.99182317E-15
   67.5182266         3.05054469E-15
   67.6450195         4.06292779E-15
   67.7718124         4.98285851E-15
   67.8986053         5.76455387E-15
   68.0253983         6.36455009E-15
   68.1521912         6.74380104E-15
   68.2789841         6.86970656E-15
   68.4057770         6.71805929E-15
   68.5325699         6.27475528E-15
   68.6593628         5.53722124E-15
   68.7861557         4.51542676E-15
   68.9129486         3.23245327E-15
   69.0397415         1.72450625E-15
   69.1665344         4.03706259E-17
   69.2933273        -1.75974451E-15
   69.4201126        -3.60595521E-15
   69.5469055        -5.42101086E-15
   69.6736984        -7.12312781E-15
   69.8004913        -8.62923455E-15
   69.9272842        -9.85855379E-15
   70.0540771        -1.07363501E-14
   70.1808701        -1.11977180E-14
   70.3076630        -1.11912509E-14
   70.4344559        -1.06824060E-14
   70.5612488        -9.65636618E-15
   70.6880417        -8.12031174E-15
   70.8148346        -6.10484597E-15
   70.9416275        -3.66454829E-15
   71.0684204        -8.77475682E-16
   71.1952133         2.15639278E-15
   71.3220062         5.31781938E-15
   71.4487991         8.47203963E-15
   71.5755920         1.14734763E-14
   71.7023849         1.41713330E-14
   71.8291779         1.64158780E-14
   71.9559708         1.80651816E-14
   72.0827637         1.89921050E-14
   72.2095566         1.90911841E-14
   72.3363495         1.82851713E-14
   72.4631424         1.65308678E-14
   72.5899353         1.38239631E-14
   72.7167282         1.02026076E-14
   72.8435211         5.74938351E-15
   72.9703140         5.91595868E-16
   73.0971069        -5.10042499E-15
   73.2238922        -1.11169720E-14
   73.3506851        -1.72146402E-14
   73.4774780        -2.31239283E-14
   73.6042709        -2.85585967E-14
   73.7310638        -3.32265275E-14
   73.8578568        -3.68418200E-14
   73.9846497        -3.91375673E-14
   74.1114426        -3.98789685E-14
   74.2382355        -3.88762237E-14
   74.3650284        -3.59965997E-14
   74.4918213        -3.11751357E-14
   74.6186142        -2.44235682E-14
   74.7454071        -1.58365905E-14
   74.8722000        -5.59551236E-15
   74.9989929         6.03158482E-15
   75.1257858         1.86930668E-14
   75.2525787         3.19606775E-14
   75.3793716         4.53402134E-14
   75.5061646         5.82857059E-14
   75.6329575         7.02168765E-14
   75.7597504         8.05394569E-14
   75.8865433         8.86677342E-14
   76.0133362         9.40486634E-14
   76.1401291         9.61866288E-14
   76.2669220         9.46680952E-14
   76.3937149         8.91849935E-14
   76.5205078         7.95559094E-14
   76.6473007         6.57442715E-14
   76.7740936         4.78721541E-14
   76.9008865         2.62294933E-14
   77.0276718         1.27721610E-15
   77.1544647        -2.63555250E-14
   77.2812576        -5.58807930E-14
   77.4080505        -8.63681210E-14
   77.5348434        -1.16767151E-13
   77.6616364        -1.45936851E-13
   77.7884293        -1.72679877E-13
   77.9152222        -1.95782260E-13
   78.0420151        -2.14056312E-13
   78.1688080        -2.26385954E-13
   78.2956009        -2.31773178E-13
   78.4223938        -2.29383298E-13
   78.5491867        -2.18588426E-13
   78.6759796        -1.99005878E-13
   78.8027725        -1.70531774E-13
   78.9295654        -1.33366408E-13
   79.0563583        -8.80312194E-14
   79.1831512        -3.53756704E-14
   79.3099442         2.34268171E-14
   79.4367371         8.68946028E-14
   79.5635300         1.53265055E-13
   79.6903229         2.20533634E-13
   79.8171158         2.86503812E-13
   79.9439087         3.48847362E-13
   80.0707016         4.05172776E-13
   80.1974945         4.53101288E-13
   80.3242874         4.90346804E-13
   80.4510803         5.14799087E-13
   80.5778732         5.24606834E-13
   80.7046585         5.18256065E-13
   80.8314514         4.94645232E-13
   80.9582443         4.53150267E-13
   81.0850372         3.93678200E-13
   81.2118301         3.16708004E-13
   81.3386230         2.23314802E-13
   81.4654160         1.15176884E-13
   81.5922089        -5.43621214E-15
   81.7190018        -1.35695518E-13
   81.8457947        -2.72264145E-13
   81.9725876        -4.11368151E-13
   82.0993805        -5.48885319E-13
   82.2261734        -6.80451680E-13
   82.3529663        -8.01580102E-13
   82.4797592        -9.07792504E-13
   82.6065521        -9.94757662E-13
   82.7333450        -1.05843535E-12
   82.8601379        -1.09521691E-12
   82.9869308        -1.10206516E-12
   83.1137238        -1.07664127E-12
   83.2405167        -1.01742172E-12
   83.3673096        -9.23793052E-13
   83.4941025        -7.96129222E-13
   83.6208954        -6.35840447E-13
   83.7476883        -4.45395240E-13
   83.8744812        -2.28311266E-13
   84.0012741         1.08848519E-14
   84.1280670         2.66730946E-13
   84.2548599         5.32933452E-13
   84.3816528         8.02503571E-13
   84.5084381         1.06792038E-12
   84.6352310         1.32131838E-12
   84.7620239         1.55469691E-12
   84.8888168         1.76014205E-12
   85.0156097         1.93006288E-12
   85.1424026         2.05742584E-12
   85.2691956         2.13598822E-12
   85.3959885         2.16051959E-12
   85.5227814         2.12700886E-12
   85.6495743         2.03284156E-12
   85.7763672         1.87695107E-12
   85.9031601         1.65993098E-12
   86.0299530         1.38410659E-12
   86.1567459         1.05355904E-12
   86.2835388         6.74102755E-13
   86.4103317         2.53211623E-13
   86.5371246        -2.00104148E-13
   86.6639175        -6.75472699E-13
   86.7907104        -1.16137731E-12
   86.9175034        -1.64542024E-12
   87.0442963        -2.11461946E-12
   87.1710892        -2.55573557E-12
   87.2978821        -2.95562121E-12
   87.4246750        -3.30158015E-12
   87.5514679        -3.58173343E-12
   87.6782608        -3.78537609E-12
   87.8050537        -3.90330953E-12
   87.9318466        -3.92815945E-12
   88.0586395        -3.85464187E-12
   88.1854324        -3.67979171E-12
   88.3122177        -3.40313173E-12
   88.4390106        -3.02678347E-12
   88.5658035        -2.55550897E-12
   88.6925964        -1.99668450E-12
   88.8193893        -1.36020546E-12
   88.9461823        -6.58314928E-13
   89.0729752         9.46257300E-14
   89.1997681         8.82438491E-13
   89.3265610         1.68747741E-12
   89.4533539         2.49103190E-12
   89.5801468         3.27376017E-12
   89.7069397         4.01615460E-12
   89.8337326         4.69902069E-12
   89.9605255         5.30394825E-12
   90.0873184         5.81378565E-12
   90.2141113         6.21307563E-12
   90.3409042         6.48846385E-12
   90.4676971         6.62905928E-12
   90.5944901         6.62672738E-12
   90.7212830         6.47633292E-12
   90.8480759         6.17591004E-12
   90.9748688         5.72674200E-12
   91.1016617         5.13338243E-12
   91.2284546         4.40359771E-12
   91.3552475         3.54822682E-12
   91.4820404         2.58098209E-12
   91.6088333         1.51818727E-12
   91.7356262         3.78460663E-13
   91.8624191        -8.17647978E-13
   91.9892120        -2.04804576E-12
   92.1159973        -3.28951883E-12
   92.2427902        -4.51815625E-12
   92.3695831        -5.70978334E-12
   92.4963760        -6.84038590E-12
   92.6231689        -7.88651436E-12
   92.7499619        -8.82566849E-12
   92.8767548        -9.63666126E-12
   93.0035477        -1.02999328E-11
   93.1303406        -1.07978557E-11
   93.2571335        -1.11149874E-11
   93.3839264        -1.12382968E-11
   93.5107193        -1.11573632E-11
   93.6375122        -1.08645558E-11
   93.7643051        -1.03551811E-11
   93.8910980        -9.62760687E-12
   94.0178909        -8.68339862E-12
   94.1446838        -7.52741619E-12
   94.2714767        -6.16791470E-12
   94.3982697        -4.61662913E-12
   94.5250626        -2.88885300E-12
   94.6518555        -1.00349264E-12
   94.7786484         1.01690097E-12
   94.9054413         3.14612832E-12
   95.0322342         5.35438317E-12
   95.1590271         7.60835405E-12
   95.2858200         9.87138149E-12
   95.4126129         1.21037104E-11
   95.5394058         1.42628201E-11
   95.6661987         1.63038680E-11
   95.7929916         1.81802524E-11
   95.9197769         1.98442825E-11
   96.0465698         2.12479756E-11
   96.1733627         2.23439722E-11
   96.3001556         2.30865743E-11
   96.4269485         2.34328616E-11
   96.5537415         2.33439414E-11
   96.6805344         2.27861445E-11
   96.8073273         2.17323971E-11
   96.9341202         2.01634525E-11
   97.0609131         1.80691625E-11
   97.1877060         1.54496034E-11
   97.3144989         1.23160952E-11
   97.4412918         8.69204535E-12
   97.5680847         4.61354089E-12
   97.6948776         1.29710871E-13
   97.8216705        -4.69724606E-12
   97.9484634        -9.79233361E-12
   98.0752563        -1.50684257E-11
   98.2020493        -2.04272502E-11
   98.3288422        -2.57607928E-11
   98.4556351        -3.09530457E-11
   98.5824280        -3.58820924E-11
   98.7092209        -4.04225299E-11
   98.8360138        -4.44481153E-11
   98.9628067        -4.78347154E-11
   99.0895996        -5.04633245E-11
   99.2163925        -5.22231494E-11
   99.3431854        -5.30148737E-11
   99.4699783        -5.27535932E-11
   99.5967712        -5.13717610E-11
   99.7235565        -4.88218493E-11
   99.8503494        -4.50786665E-11
   99.9771423        -4.01412618E-11
   100.103935        -3.40344246E-11
   100.230728        -2.68095927E-11
   100.357521        -1.85452157E-11
   100.484314        -9.34656259E-12
   100.611107         6.55139517E-13
   100.737900         1.13041399E-11
   100.864693         2.24222151E-11
   100.991486         3.38112489E-11
   101.118279         4.52563889E-11
   101.245071         5.65295900E-11
   101.371864         6.73936323E-11
   101.498657         7.76063866E-11
   101.625450         8.69253836E-11
   101.752243         9.51123902E-11
   101.879036         1.01938263E-10
   102.005829         1.07187599E-10
   102.132622         1.10663388E-10
   102.259415         1.12191256E-10
   102.386208         1.11623842E-10
   102.513000         1.08844482E-10
   102.639793         1.03770673E-10
   102.766586         9.63570890E-11
   102.893379         8.65981731E-11
   103.020172         7.45301459E-11
   103.146965         6.02325620E-11
   103.273758         4.38292215E-11
   103.400551         2.54886806E-11
   103.527336         5.42402885E-12
   103.654129        -1.61078945E-11
   103.780922        -3.88078354E-11
   103.907715        -6.23362265E-11
   104.034508        -8.63158642E-11
   104.161301        -1.10335303E-10
   104.288094        -1.33953001E-10
   104.414886        -1.56702304E-10
   104.541679        -1.78096940E-10
   104.668472        -1.97637698E-10
   104.795265        -2.14819731E-10
   104.922058        -2.29140637E-10
   105.048851        -2.40109294E-10
   105.175644        -2.47255993E-10
   105.302437        -2.50142296E-10
   105.429230        -2.48372573E-10
   105.556023        -2.41604875E-10
   105.682816        -2.29563188E-10
   105.809608        -2.12048906E-10
   105.936401        -1.88952479E-10
   106.063194        -1.60264677E-10
   106.189987        -1.26086475E-10
   106.316780        -8.66386546E-11
   106.443573        -4.22689939E-11
   106.570366         6.54194017E-12
   106.697159         5.91775240E-11
   106.823952         1.14884567E-10
   106.950745         1.72775766E-10
   107.077538         2.31835537E-10
   107.204330         2.90929697E-10
   107.331116         3.48818585E-10
   107.457909         4.04174610E-10
   107.584702         4.55603222E-10
   107.711494         5.01668207E-10
   107.838287         5.40920253E-10
   107.965080         5.71928893E-10
   108.091873         5.93317395E-10
   108.218666         6.03799233E-10
   108.345459         6.02217165E-10
   108.472252         5.87581428E-10
   108.599045         5.59108981E-10
   108.725838         5.16260090E-10
   108.852631         4.58773741E-10
   108.979424         3.86698285E-10
   109.106216         3.00418052E-10
   109.233009         2.00673922E-10
   109.359802         8.85767640E-11
   109.486595        -3.43864277E-11
   109.613388        -1.66355929E-10
   109.740181        -3.05111131E-10
   109.866974        -4.48093257E-10
   109.993767        -5.92437266E-10
   110.120560        -7.35014438E-10
   110.247353        -8.72485084E-10
   110.374146        -1.00135933E-09
   110.500938        -1.11806897E-09
   110.627731        -1.21904320E-09
   110.754524        -1.30079403E-09
   110.881317        -1.36000411E-09
   111.008102        -1.39361711E-09
   111.134895        -1.39892975E-09
   111.261688        -1.37368028E-09
   111.388481        -1.31613620E-09
   111.515274        -1.22517141E-09
   111.642067        -1.10033860E-09
   111.768860        -9.41926648E-10
   111.895653        -7.51008311E-10
   112.022446        -5.29471134E-10
   112.149239        -2.80029860E-10
   112.276031        -6.22305723E-12
   112.402824         2.87611268E-10
   112.529617         5.96380167E-10
   112.656410         9.14299858E-10
   112.783203         1.23498134E-09
   112.909996         1.55153346E-09
   113.036789         1.85668603E-09
   113.163582         2.14292628E-09
   113.290375         2.40265341E-09
   113.417168         2.62834088E-09
   113.543961         2.81270895E-09
   113.670753         2.94889957E-09
   113.797546         3.03065750E-09
   113.924339         3.05250047E-09
   114.051132         3.00989011E-09
   114.177925         2.89938873E-09
   114.304718         2.71880052E-09
   114.431511         2.46729237E-09
   114.558304         2.14549800E-09
   114.685097         1.75558879E-09
   114.811882         1.30132205E-09
   114.938675         7.88053789E-10
   115.065468         2.22721550E-10
   115.192261        -3.86209287E-10
   115.319054        -1.02883191E-09
   115.445847        -1.69392056E-09
   115.572639        -2.36908648E-09
   115.699432        -3.04096259E-09
   115.826225        -3.69542752E-09
   115.953018        -4.31784031E-09
   116.079811        -4.89331553E-09
   116.206604        -5.40700595E-09
   116.333397        -5.84440185E-09
   116.460190        -6.19163742E-09
   116.586983        -6.43581011E-09
   116.713776        -6.56528032E-09
   116.840569        -6.56997834E-09
   116.967361        -6.44168763E-09
   117.094154        -6.17430373E-09
   117.220947        -5.76407722E-09
   117.347740        -5.20981702E-09
   117.474533        -4.51305571E-09
   117.601326        -3.67817199E-09
   117.728119        -2.71246958E-09
   117.854912        -1.62620239E-09
   117.981705        -4.32548247E-10
   118.108498         8.52472481E-10
   118.235291         2.21013297E-09
   118.362083         3.61919961E-09
   118.488876         5.05617148E-09
   118.615662         6.49559162E-09
   118.742455         7.91039856E-09
   118.869247         9.27231625E-09
   118.996040         1.05523146E-08
   119.122833         1.17210623E-08
   119.249626         1.27494619E-08
   119.376419         1.36091547E-08
   119.503212         1.42730814E-08
   119.630005         1.47160284E-08
   119.756798         1.49151713E-08
   119.883591         1.48506203E-08
   120.010384         1.45059174E-08
   120.137177         1.38685463E-08
   120.263969         1.29303412E-08
   120.390762         1.16879040E-08
   120.517555         1.01429256E-08
   120.644348         8.30245561E-09
   120.771141         6.17909501E-09
   120.897934         3.79109455E-09
   121.024727         1.16239018E-09
   121.151520        -1.67748215E-09
   121.278313        -4.69354555E-09
   121.405106        -7.84565746E-09
   121.531898        -1.10888694E-08
   121.658691        -1.43738950E-08
   121.785484        -1.76476735E-08
   121.912277        -2.08540243E-08
   122.039070        -2.39343994E-08
   122.165863        -2.68286673E-08
   122.292656        -2.94760731E-08
   122.419441        -3.18161142E-08
   122.546234        -3.37896111E-08
   122.673027        -3.53396779E-08
   122.799820        -3.64128354E-08
   122.926613        -3.69600208E-08
   123.053406        -3.69376565E-08
   123.180199        -3.63086485E-08
   123.306992        -3.50433460E-08
   123.433784        -3.31204433E-08
   123.560577        -3.05277652E-08
   123.687370        -2.72629688E-08
   123.814163        -2.33341151E-08
   123.940956        -1.87601223E-08
   124.067749        -1.35710456E-08
   124.194542        -7.80817988E-09
   124.321335        -1.52403601E-09
   124.448128         5.21791188E-09
   124.574921         1.23436301E-08
   124.701714         1.97691445E-08
   124.828506         2.74013097E-08
   124.955299         3.51387861E-08
   125.082092         4.28731717E-08
   125.208885         5.04902999E-08
   125.335678         5.78716808E-08
   125.462471         6.48960636E-08
   125.589264         7.14410575E-08
   125.716057         7.73849607E-08
   125.842850         8.26084730E-08
   125.969643         8.69965433E-08
   126.096436         9.04402384E-08
   126.223221         9.28383983E-08
   126.350014         9.40996117E-08
   126.476807         9.41435943E-08
   126.603600         9.29028801E-08
   126.730392         9.03241784E-08
   126.857185         8.63696101E-08
   126.983978         8.10177809E-08
   127.110771         7.42646122E-08
   127.237564         6.61240591E-08
   127.364357         5.66284690E-08
   127.491150         4.58289300E-08
   127.617943         3.37952351E-08
   127.744736         2.06156177E-08
   127.871529         6.39645492E-09
   127.998322        -8.73836026E-09
   128.125107        -2.46482124E-08
   128.251907        -4.11766976E-08
   128.378693        -5.81526152E-08
   128.505493        -7.53912914E-08
   128.632278        -9.26957711E-08
   128.759079        -1.09858192E-07
   128.885864        -1.26661220E-07
   129.012665        -1.42879443E-07
   129.139450        -1.58280884E-07
   129.266251        -1.72628404E-07
   129.393036        -1.85681074E-07
   129.519836        -1.97195575E-07
   129.646622        -2.06927368E-07
   129.773422        -2.14632237E-07
   129.900208        -2.20067079E-07
   130.027008        -2.22991218E-07
   130.153793        -2.23167490E-07
   130.280594        -2.20362921E-07
   130.407379        -2.14349598E-07
   130.534180        -2.04905803E-07
   130.660965        -1.91816426E-07
   130.787766        -1.74873563E-07
   130.914551        -1.53877338E-07
   131.041351        -1.28636287E-07
   131.168137        -9.89678668E-08
   131.294937        -6.46989164E-08
   131.421722        -2.56659085E-08
   131.548523         1.82845810E-08
   131.675308         6.72958222E-08
   131.802109         1.21500435E-07
   131.928894         1.81020667E-07
   132.055679         2.45968010E-07
   132.182480         3.16443817E-07
   132.309265         3.92538766E-07
   132.436066         4.74333831E-07
   132.562851         5.61900151E-07
   132.689651         6.55300425E-07
   132.816437         7.54587916E-07
   132.943237         8.59810029E-07
   133.070023         9.71006216E-07
   133.196823         1.08821075E-06
   133.323608         1.21145456E-06
   133.450409         1.34076458E-06
   133.577194         1.47616583E-06
   133.703995         1.61768412E-06
   133.830780         1.76534445E-06
   133.957581         1.91917479E-06
   134.084366         2.07920561E-06
   134.211166         2.24547193E-06
   134.337952         2.41801240E-06
   134.464752         2.59687204E-06
   134.591537         2.78209950E-06
   134.718338         2.97374822E-06
   134.845123         3.17187528E-06
   134.971924         3.37654046E-06
   135.098709         3.58780198E-06
   135.225510         3.80571987E-06
   135.352295         4.03034483E-06
   135.479095         4.26172210E-06
   135.605881         4.49988192E-06
   135.732666         4.74483977E-06
   135.859467         4.99658563E-06
   135.986252         5.25508676E-06
   136.113052         5.52027313E-06
   136.239838         5.79203697E-06
   136.366638         6.07022548E-06
   136.493423         6.35463493E-06
   136.620224         6.64500431E-06
   136.747009         6.94101527E-06
   136.873810         7.24227357E-06
   137.000595         7.54832490E-06
   137.127396         7.85863267E-06
   137.254181         8.17258933E-06
   137.380981         8.48950276E-06
   137.507767         8.80860807E-06
   137.634567         9.12905762E-06
   137.761353         9.44993644E-06
   137.888153         9.77024956E-06
   138.014938         1.00889374E-05
   138.141739         1.04048822E-05
   138.268524         1.07169135E-05
   138.395325         1.10238134E-05
   138.522110         1.13243341E-05
   138.648911         1.16172005E-05
   138.775696         1.19011311E-05
   138.902496         1.21748471E-05
   139.029282         1.24370827E-05
   139.156082         1.26865943E-05
   139.282867         1.29221935E-05
   139.409653         1.31427360E-05
   139.536453         1.33471440E-05
   139.663239         1.35344299E-05
   139.790039         1.37036841E-05
   139.916824         1.38541063E-05
   140.043625         1.39850072E-05
   140.170410         1.40958000E-05
   140.297211         1.41860401E-05
   140.423996         1.42553990E-05
   140.550797         1.43036750E-05
   140.677582         1.43308007E-05
   140.804382         1.43368425E-05
   140.931168         1.43219813E-05
   141.057968         1.42865365E-05
   141.184753         1.42309182E-05
   141.311554         1.41556766E-05
   141.438339         1.40614347E-05
   141.565140         1.39489221E-05
   141.691925         1.38189516E-05
   141.818726         1.36723975E-05
   141.945511         1.35102055E-05
   142.072311         1.33333606E-05
   142.199097         1.31428960E-05
   142.325897         1.29398777E-05
   142.452682         1.27253816E-05
   142.579483         1.25004999E-05
   142.706268         1.22663296E-05
   142.833069         1.20239592E-05
   142.959854         1.17744694E-05
   143.086655         1.15189232E-05
   143.213440         1.12583575E-05
   143.340225         1.09937982E-05
   143.467026         1.07262322E-05
   143.593811         1.04566216E-05
   143.720612         1.01858959E-05
   143.847397         9.91495563E-06
   143.974197         9.64466926E-06
   144.100983         9.37587174E-06
   144.227783         9.10936342E-06
   144.354568         8.84591827E-06
   144.481369         8.58626572E-06
   144.608154         8.33111426E-06
   144.734955         8.08112691E-06
   144.861740         7.83693395E-06
   144.988541         7.59912928E-06
   145.115326         7.36825905E-06
   145.242126         7.14483303E-06
   145.368912         6.92930917E-06
   145.495712         6.72210354E-06
   145.622498         6.52357312E-06
   145.749298         6.33402306E-06
   145.876083         6.15370209E-06
   146.002884         5.98279757E-06
   146.129669         5.82143684E-06
   146.256470         5.66968265E-06
   146.383255         5.52753409E-06
   146.510056         5.39493112E-06
   146.636841         5.27175052E-06
   146.763641         5.15781221E-06
   146.890427         5.05288199E-06
   147.017212         4.95667564E-06
   147.144012         4.86886665E-06
   147.270798         4.78908760E-06
   147.397598         4.71694375E-06
   147.524384         4.65201629E-06
   147.651184         4.59387047E-06
   147.777969         4.54206429E-06
   147.904770         4.49615436E-06
   148.031555         4.45570686E-06
   148.158356         4.42029705E-06
   148.285141         4.38952156E-06
   148.411942         4.36299979E-06
   148.538727         4.34037565E-06
   148.665527         4.32132219E-06
   148.792313         4.30553837E-06
   148.919113         4.29275087E-06
   149.045898         4.28270960E-06
   149.172699         4.27518216E-06
   149.299484         4.26995166E-06
   149.426285         4.26680390E-06
   149.553070         4.26552651E-06
   149.679871         4.26589486E-06
   149.806656         4.26766792E-06
   149.933456         4.27057557E-06
   150.060242         4.27431587E-06
   150.187042         4.27854047E-06
   150.313828         4.28285603E-06
   150.440628         4.28681551E-06
   150.567413         4.28991416E-06
   150.694214         4.29159036E-06
   150.820999         4.29122565E-06
   150.947784         4.28814838E-06
   151.074585         4.28164049E-06
   151.201370         4.27094074E-06
   151.328171         4.25526059E-06
   151.454956         4.23378879E-06
   151.581757         4.20571359E-06
   151.708542         4.17022829E-06
   151.835342         4.12655572E-06
   151.962128         4.07395737E-06
   152.088928         4.01175384E-06
   152.215714         3.93934215E-06
   152.342514         3.85620569E-06
   152.469299         3.76193248E-06
   152.596100         3.65622554E-06
   152.722885         3.53891187E-06
   152.849686         3.40995030E-06
   152.976471         3.26943632E-06
   153.103271         3.11760209E-06
   153.230057         2.95481482E-06
   153.356857         2.78157290E-06
   153.483643         2.59849662E-06
   153.610443         2.40631789E-06
   153.737228         2.20586571E-06
   153.864029         1.99805208E-06
   153.990814         1.78385278E-06
   154.117615         1.56428700E-06
   154.244400         1.34039954E-06
   154.371201         1.11323823E-06
   154.497986         8.83834502E-07
   154.624771         6.53183804E-07
   154.751572         4.22227203E-07
   154.878357         1.91834260E-07
   155.005157        -3.72088813E-08
   155.131943        -2.64213270E-07
   155.258743        -4.88594821E-07
   155.385529        -7.09879089E-07
   155.512329        -9.27704832E-07
   155.639114        -1.14182114E-06
   155.765915        -1.35208666E-06
   155.892700        -1.55846033E-06
   156.019501        -1.76099286E-06
   156.146286        -1.95981397E-06
   156.273087        -2.15512455E-06
   156.399872        -2.34717413E-06
   156.526672        -2.53625376E-06
   156.653458        -2.72267653E-06
   156.780258        -2.90676212E-06
   156.907043        -3.08882841E-06
   157.033844        -3.26917211E-06
   157.160629        -3.44806153E-06
   157.287430        -3.62572814E-06
   157.414215        -3.80235997E-06
   157.541016        -3.97809708E-06
   157.667801        -4.15302839E-06
   157.794601        -4.32719844E-06
   157.921387        -4.50060770E-06
   158.048187        -4.67321479E-06
   158.174973        -4.84494922E-06
   158.301773        -5.01571594E-06
   158.428558        -5.18540855E-06
   158.555344        -5.35391609E-06
   158.682144        -5.52113215E-06
   158.808929        -5.68696669E-06
   158.935730        -5.85135604E-06
   159.062515        -6.01425972E-06
   159.189316        -6.17567503E-06
   159.316101        -6.33563650E-06
   159.442902        -6.49421372E-06
   159.569687        -6.65151174E-06
   159.696487        -6.80766016E-06
   159.823273        -6.96281586E-06
   159.950073        -7.11714210E-06
   160.076859        -7.27080533E-06
   160.203659        -7.42395696E-06
