  -4.50000000         0.00000000    
  -4.37320757         0.00000000    
  -4.24641466         0.00000000    
  -4.11962223         0.00000000    
  -3.99282932         0.00000000    
  -3.86603665         0.00000000    
  -3.73924398        -2.43647708E-33
  -3.61245155        -6.86406122E-32
  -3.48565888         4.26674944E-32
  -3.35886621         1.17684062E-30
  -3.23207355         1.27073450E-30
  -3.10528088         1.20469521E-29
  -2.97848821         7.53028377E-29
  -2.85169554         2.25934934E-28
  -2.72490287         3.94109256E-28
  -2.59811020         2.55320990E-28
  -2.47131753        -9.09111734E-28
  -2.34452486        -3.96898031E-27
  -2.21773219        -8.80973435E-27
  -2.09093952        -1.20393802E-26
  -1.96414697        -4.29877848E-27
  -1.83735430         3.01782776E-26
  -1.71056163         1.07133536E-25
  -1.58376896         2.24237361E-25
  -1.45697629         3.31121530E-25
  -1.33018374         2.98090124E-25
  -1.20339108        -9.01333365E-26
  -1.07659841        -1.07652712E-24
 -0.949805737        -2.77567908E-24
 -0.823013067        -4.92548696E-24
 -0.696220458        -6.63708280E-24
 -0.569427788        -6.34816920E-24
 -0.442635119        -2.27941753E-24
 -0.315842479         6.31996940E-24
 -0.189049825         1.70740975E-23
  -6.22571707E-02     2.19595778E-23
   6.45354837E-02     5.50568587E-24
  0.191328138        -5.44358706E-23
  0.318120778        -1.81225811E-22
  0.444913447        -3.87831107E-22
  0.571706116        -6.59693704E-22
  0.698498726        -9.36163577E-22
  0.825291395        -1.09877293E-21
  0.952084064        -9.77960734E-22
   1.07887673        -3.90068670E-22
   1.20566940         7.88852928E-22
   1.33246195         2.51800544E-21
   1.45925462         4.47919311E-21
   1.58604729         6.00003051E-21
   1.71283996         6.07053029E-21
   1.83963263         3.50933516E-21
   1.96642530        -2.68932008E-21
   2.09321785        -1.28494664E-20
   2.22001052        -2.60439108E-20
   2.34680319        -3.96353898E-20
   2.47359586        -4.91560900E-20
   2.60038853        -4.87495114E-20
   2.72718120        -3.23102725E-20
   2.85397387         4.72276994E-21
   2.98076653         6.32135431E-20
   3.10755920         1.38366973E-19
   3.23435187         2.18687425E-19
   3.36114454         2.86588536E-19
   3.48793697         3.21140232E-19
   3.61472964         3.02936107E-19
   3.74152231         2.20381078E-19
   3.86831498         7.60068735E-20
   3.99510765        -1.09046173E-19
   4.12190056        -2.94257638E-19
   4.24869299        -4.23954724E-19
   4.37548542        -4.36665026E-19
   4.50227833        -2.78217288E-19
   4.62907076         8.42019393E-20
   4.75586367         6.50643261E-19
   4.88265610         1.38303782E-18
   5.00944901         2.20790284E-18
   5.13624144         3.02684639E-18
   5.26303434         3.73210244E-18
   5.38982677         4.22256471E-18
   5.51661968         4.41560922E-18
   5.64341211         4.25182291E-18
   5.77020502         3.69320344E-18
   5.89699745         2.71926010E-18
   6.02379036         1.32794118E-18
   6.15058279        -4.52260018E-19
   6.27737522        -2.53718235E-18
   6.40416813        -4.75476113E-18
   6.53096056        -6.82015089E-18
   6.65775347        -8.33833213E-18
   6.78454590        -8.85331244E-18
   6.91133881        -7.95303222E-18
   7.03813124        -5.42079993E-18
   7.16492414        -1.40193300E-18
   7.29171658         3.46445885E-18
   7.41850948         8.00542502E-18
   7.54530191         1.06113864E-17
   7.67209482         9.48526519E-18
   7.79888725         3.01332467E-18
   7.92567968        -9.81887458E-18
   8.05247211        -2.90745052E-17
   8.17926502        -5.36900536E-17
   8.30605793        -8.15563423E-17
   8.43285084        -1.09869861E-16
   8.55964279        -1.35684739E-16
   8.68643570        -1.56519208E-16
   8.81322861        -1.70827567E-16
   8.94002151        -1.78159696E-16
   9.06681347        -1.78901882E-16
   9.19360638        -1.73611340E-16
   9.32039928        -1.62094895E-16
   9.44719219        -1.42498656E-16
   9.57398415        -1.10735648E-16
   9.70077705        -6.05524862E-17
   9.82756996         1.55743501E-17
   9.95436192         1.24704134E-16
   10.0811548         2.71062269E-16
   10.2079477         4.53438124E-16
   10.3347406         6.62891108E-16
   10.4615326         8.81357793E-16
   10.5883255         1.08169919E-15
   10.7151184         1.22957463E-15
   10.8419113         1.28728891E-15
   10.9687033         1.21946158E-15
   11.0954962         1.00002838E-15
   11.2222891         6.19752673E-16
   11.3490820         9.31215515E-17
   11.4758739        -5.36706757E-16
   11.6026669        -1.19629470E-15
   11.7294598        -1.78489154E-15
   11.8562517        -2.18279247E-15
   11.9830446        -2.26521936E-15
   12.1098375        -1.92094007E-15
   12.2366304        -1.07383587E-15
   12.3634224         2.95332066E-16
   12.4902153         2.13037871E-15
   12.6170082         4.28800011E-15
   12.7438011         6.53615388E-15
   12.8705931         8.56471520E-15
   12.9973860         1.00090546E-14
   13.1241789         1.04852836E-14
   13.2509708         9.63407566E-15
   13.3777637         7.16842543E-15
   13.5045567         2.91979923E-15
   13.6313496        -3.12293297E-15
   13.7581415        -1.07866275E-14
   13.8849344        -1.97024607E-14
   14.0117273        -2.93114972E-14
   14.1385202        -3.88868422E-14
   14.2653122        -4.75703088E-14
   14.3921051        -5.44205319E-14
   14.5188980        -5.84691394E-14
   14.6456909        -5.87817758E-14
   14.7724829        -5.45214610E-14
   14.8992758        -4.50125844E-14
   15.0260687        -2.98040130E-14
   15.1528606        -8.72973585E-15
   15.2796535         1.80355913E-14
   15.4064465         4.99304340E-14
   15.5332394         8.59752536E-14
   15.6600313         1.24763779E-13
   15.7868242         1.64484257E-13
   15.9136171         2.02977189E-13
   16.0404091         2.37833109E-13
   16.1672020         2.66529095E-13
   16.2939949         2.86596566E-13
   16.4207878         2.95807107E-13
   16.5475807         2.92355495E-13
   16.6743736         2.75017097E-13
   16.8011646         2.43253768E-13
   16.9279575         1.97245987E-13
   17.0547504         1.37833877E-13
   17.1815434         6.63615416E-14
   17.3083363        -1.55703053E-14
   17.4351292        -1.06422839E-13
   17.5619221        -2.05075106E-13
   17.6887150        -3.11170930E-13
   17.8155060        -4.25401576E-13
   17.9422989        -5.49664697E-13
   18.0690918        -6.87040431E-13
   18.1958847        -8.41533061E-13
   18.3226776        -1.01753979E-12
   18.4494705        -1.21902662E-12
   18.5762634        -1.44841637E-12
   18.7030544        -1.70522483E-12
   18.8298473        -1.98451216E-12
   18.9566402        -2.27525919E-12
   19.0834332        -2.55881167E-12
   19.2102261        -2.80757839E-12
   19.3370190        -2.98419883E-12
   19.4638119        -3.04141608E-12
   19.5906048        -2.92290627E-12
   19.7173958        -2.56528089E-12
   19.8441887        -1.90145512E-12
   19.9709816        -8.65476690E-13
   20.0977745         6.01187719E-13
   20.2245674         2.54206031E-12
   20.3513603         4.97706997E-12
   20.4781532         7.89346453E-12
   20.6049442         1.12368821E-11
   20.7317371         1.49033754E-11
   20.8585300         1.87333014E-11
   20.9853230         2.25080163E-11
   21.1121159         2.59503131E-11
   21.2389088         2.87294060E-11
   21.3657017         3.04711291E-11
   21.4924946         3.07736996E-11
   21.6192856         2.92291538E-11
   21.7460785         2.54500986E-11
   21.8728714         1.91010593E-11
   21.9996643         9.93328510E-12
   22.1264572        -2.17867911E-12
   22.2532501        -1.72006333E-11
   22.3800430        -3.49050615E-11
   22.5068340        -5.48428490E-11
   22.6336269        -7.63233504E-11
   22.7604198        -9.84056794E-11
   22.8872128        -1.19904101E-10
   23.0140057        -1.39409956E-10
   23.1407986        -1.55331886E-10
   23.2675915        -1.65955541E-10
   23.3943844        -1.69522466E-10
   23.5211754        -1.64327232E-10
   23.6479683        -1.48829851E-10
   23.7747612        -1.21779448E-10
   23.9015541        -8.23438262E-11
   24.0283470        -3.02378435E-11
   24.1551399         3.41573471E-11
   24.2819328         1.09692672E-10
   24.4087238         1.94376529E-10
   24.5355167         2.85335838E-10
   24.6623096         3.78821224E-10
   24.7891026         4.70263106E-10
   24.9158955         5.54383595E-10
   25.0426884         6.25367036E-10
   25.1694813         6.77087886E-10
   25.2962742         7.03393233E-10
   25.4230652         6.98430813E-10
   25.5498581         6.57012389E-10
   25.6766510         5.74996828E-10
   25.8034439         4.49675408E-10
   25.9302368         2.80137635E-10
   26.0570297         6.75960191E-11
   26.1838226        -1.84353685E-10
   26.3106136        -4.69559780E-10
   26.4374065        -7.79249998E-10
   26.5641994        -1.10209319E-09
   26.6909924        -1.42440004E-09
   26.8177853        -1.73047188E-09
   26.9445782        -2.00309591E-09
   27.0713711        -2.22418484E-09
   27.1981640        -2.37554132E-09
   27.3249550        -2.43972975E-09
   27.4517479        -2.40102027E-09
   27.5785408        -2.24637087E-09
   27.7053337        -1.96640282E-09
   27.8321266        -1.55631918E-09
   27.9589195        -1.01671893E-09
   28.0857124        -3.54250018E-10
   28.2125034         4.17943791E-10
   28.3392963         1.28003097E-09
   28.4660892         2.20559149E-09
   28.5928822         3.16203641E-09
   28.7196751         4.11136325E-09
   28.8464680         5.01124608E-09
   28.9732609         5.81645088E-09
   29.1000538         6.48053478E-09
   29.2268448         6.95779212E-09
   29.3536377         7.20536963E-09
   29.4804306         7.18547621E-09
   29.6072235         6.86758828E-09
   29.7340164         6.23055696E-09
   29.8608093         5.26450128E-09
   29.9876022         3.97237709E-09
   30.1143932         2.37113240E-09
   30.2411861         4.92341667E-10
   30.3679790        -1.61774449E-09
   30.4947720        -3.89879506E-09
   30.6215649        -6.27766195E-09
   30.7483578        -8.67031513E-09
   30.8751507        -1.09844098E-08
   31.0019417        -1.31224187E-08
   31.1287346        -1.49852397E-08
   31.2555275        -1.64761360E-08
   31.3823204        -1.75048740E-08
   31.5091133        -1.79918604E-08
   31.6359062        -1.78721198E-08
   31.7626991        -1.70989249E-08
   31.8894920        -1.56468545E-08
   32.0162849        -1.35141889E-08
   32.1430779        -1.07244231E-08
   32.2698708        -7.32684313E-09
   32.3966637        -3.39607742E-09
   32.5234528         9.69403890E-10
   32.6502457         5.64980462E-09
   32.7770386         1.05074660E-08
   32.9038315         1.53911586E-08
   33.0306244         2.01410391E-08
   33.1574173         2.45940690E-08
   33.2842102         2.85896853E-08
   33.4110031         3.19754996E-08
   33.5377960         3.46127464E-08
   33.6645889         3.63813086E-08
   33.7913818         3.71840798E-08
   33.9181747         3.69504995E-08
   34.0449677         3.56391574E-08
   34.1717606         3.32393526E-08
   34.2985535         2.97715808E-08
   34.4253426         2.52869921E-08
   34.5521355         1.98658761E-08
   34.6789284         1.36152787E-08
   34.8057213         6.66591582E-09
   34.9325142        -8.31472557E-10
   35.0593071        -8.71012062E-09
   35.1861000        -1.67914180E-08
   35.3128929        -2.48891183E-08
   35.4396858        -3.28134107E-08
   35.5664787        -4.03747862E-08
   35.6932716        -4.73875481E-08
   35.8200645        -5.36730518E-08
   35.9468575        -5.90625859E-08
   36.0736504        -6.33999946E-08
   36.2004433        -6.65441249E-08
   36.3272324        -6.83711363E-08
   36.4540253        -6.87768846E-08
   36.5808182        -6.76793377E-08
   36.7076111        -6.50211831E-08
   36.8344040        -6.07726136E-08
   36.9611969        -5.49343078E-08
   37.0879898        -4.75404711E-08
   37.2147827        -3.86618950E-08
   37.3415756        -2.84087438E-08
   37.4683685        -1.69328711E-08
   37.5951614        -4.42937420E-09
   37.7219543         8.86291573E-09
   37.8487473         2.26623449E-08
   37.9755402         3.66470267E-08
   38.1023293         5.04593771E-08
   38.2291222         6.37127613E-08
   38.3559151         7.60003402E-08
   38.4827080         8.69061338E-08
   38.6095009         9.60180770E-08
   38.7362938         1.02942863E-07
   38.8630867         1.07322059E-07
   38.9898796         1.08849058E-07
   39.1166725         1.07286077E-07
   39.2434654         1.02480470E-07
   39.3702583         9.43796081E-08
   39.4970512         8.30433322E-08
   39.6238441         6.86532431E-08
   39.7506371         5.15180325E-08
   39.8774300         3.20740909E-08
   40.0042191         1.08810019E-08
   40.1310120        -1.13885168E-08
   40.2578049        -3.39642838E-08
   40.3845978        -5.59998519E-08
   40.5113907        -7.65988020E-08
   40.6381836        -9.48454755E-08
   40.7649765        -1.09839306E-07
   40.8917694        -1.20731471E-07
   41.0185623        -1.26762757E-07
   41.1453552        -1.27300964E-07
   41.2721481        -1.21876411E-07
   41.3989410        -1.10213961E-07
   41.5257339        -9.22600520E-08
   41.6525269        -6.82033132E-08
   41.7793198        -3.84876770E-08
   41.9061089        -3.81686194E-09
   42.0329018         3.48501956E-08
   42.1596947         7.63133841E-08
   42.2864876         1.19154656E-07
   42.4132805         1.61770174E-07
   42.5400734         2.02410135E-07
   42.6668663         2.39225415E-07
   42.7936592         2.70318907E-07
   42.9204521         2.93800127E-07
   43.0472450         3.07840764E-07
   43.1740379         3.10728893E-07
   43.3008308         3.00919993E-07
   43.4276237         2.77082222E-07
   43.5544167         2.38134291E-07
   43.6812096         1.83273812E-07
   43.8079987         1.11995305E-07
   43.9347916         2.40964653E-08
   44.0615845        -8.03275881E-08
   44.1883774        -2.00902022E-07
   44.3151703        -3.37001410E-07
   44.4419632        -4.87789350E-07
   44.5687561        -6.52266408E-07
   44.6955490        -8.29325131E-07
   44.8223419        -1.01780904E-06
   44.9491348        -1.21657320E-06
   45.0759277        -1.42454371E-06
   45.2027206        -1.64077233E-06
   45.3295135        -1.86448483E-06
   45.4563065        -2.09511882E-06
   45.5830994        -2.33234937E-06
   45.7098885        -2.57610145E-06
   45.8366814        -2.82654582E-06
   45.9634743        -3.08407857E-06
   46.0902672        -3.34928586E-06
   46.2170601        -3.62289143E-06
   46.3438530        -3.90568994E-06
   46.4706459        -4.19846856E-06
   46.5974388        -4.50192101E-06
   46.7242317        -4.81655115E-06
   46.8510246        -5.14257954E-06
   46.9778175        -5.47984973E-06
   47.1046104        -5.82774010E-06
   47.2314034        -6.18508966E-06
   47.3581963        -6.55013673E-06
   47.4849892        -6.92047706E-06
   47.6117783        -7.29304884E-06
   47.7385712        -7.66413541E-06
   47.8653641        -8.02940031E-06
   47.9921570        -8.38395135E-06
   48.1189499        -8.72242708E-06
   48.2457428        -9.03911405E-06
   48.3725357        -9.32808689E-06
   48.4993286        -9.58336841E-06
   48.6261215        -9.79910055E-06
   48.7529144        -9.96973358E-06
   48.8797073        -1.00902107E-05
   49.0065002        -1.01561518E-05
   49.1332932        -1.01640308E-05
   49.2600861        -1.01113301E-05
   49.3868790        -9.99667645E-06
   49.5136681        -9.81994071E-06
   49.6404610        -9.58231067E-06
   49.7672539        -9.28631562E-06
   49.8940468        -8.93582001E-06
   50.0208397        -8.53596430E-06
   50.1476326        -8.09306857E-06
   50.2744255        -7.61449610E-06
   50.4012184        -7.10847416E-06
   50.5280113        -6.58389172E-06
   50.6548042        -6.05006380E-06
   50.7815971        -5.51648145E-06
   50.9083900        -4.99255293E-06
   51.0351830        -4.48734090E-06
   51.1619759        -4.00931094E-06
   51.2887688        -3.56609485E-06
   51.4155579        -3.16428236E-06
   51.5423508        -2.80923996E-06
   51.6691437        -2.50497374E-06
   51.7959366        -2.25403551E-06
   51.9227295        -2.05747324E-06
   52.0495224        -1.91483468E-06
   52.1763153        -1.82421525E-06
   52.3031082        -1.78235200E-06
   52.4299011        -1.78476444E-06
   52.5566940        -1.82592464E-06
   52.6834869        -1.89946422E-06
   52.8102798        -1.99839974E-06
   52.9370728        -2.11537099E-06
   53.0638657        -2.24288601E-06
   53.1906586        -2.37356312E-06
   53.3174477        -2.50036101E-06
   53.4442406        -2.61678429E-06
   53.5710335        -2.71706995E-06
   53.6978264        -2.79633991E-06
   53.8246193        -2.85071656E-06
   53.9514122        -2.87740409E-06
   54.0782051        -2.87472449E-06
   54.2049980        -2.84212683E-06
   54.3317909        -2.78015091E-06
   54.4585838        -2.69036514E-06
   54.5853767        -2.57527381E-06
   54.7121696        -2.43820205E-06
   54.8389626        -2.28316617E-06
   54.9657555        -2.11473230E-06
   55.0925484        -1.93786923E-06
   55.2193375        -1.75780099E-06
   55.3461304        -1.57986199E-06
   55.4729233        -1.40936675E-06
   55.5997162        -1.25148324E-06
   55.7265091        -1.11112604E-06
   55.8533020        -9.92848641E-07
   55.9800949        -9.00774069E-07
   56.1068878        -8.38514154E-07
   56.2336807        -8.09112578E-07
   56.3604736        -8.15001158E-07
   56.4872665        -8.57952898E-07
   56.6140594        -9.39044810E-07
   56.7408524        -1.05862694E-06
   56.8676453        -1.21629239E-06
   56.9944382        -1.41084888E-06
   57.1212273        -1.64029336E-06
   57.2480202        -1.90179003E-06
   57.3748131        -2.19165213E-06
   57.5016060        -2.50533230E-06
   57.6283989        -2.83742816E-06
   57.7551918        -3.18169236E-06
   57.8819847        -3.53106952E-06
   58.0087776        -3.87775117E-06
   58.1355705        -4.21325649E-06
   58.2623634        -4.52854465E-06
   58.3891563        -4.81415191E-06
   58.5159492        -5.06035803E-06
   58.6427422        -5.25738869E-06
   58.7695351        -5.39563734E-06
   58.8963280        -5.46591355E-06
   59.0231171        -5.45971079E-06
   59.1499100        -5.36947937E-06
   59.2767029        -5.18890783E-06
   59.4034958        -4.91319588E-06
   59.5302887        -4.53930397E-06
   59.6570816        -4.06618892E-06
   59.7838745        -3.49498532E-06
   59.9106674        -2.82915562E-06
   60.0374603        -2.07457038E-06
   60.1642532        -1.23953419E-06
   60.2910461        -3.34733386E-07
   60.4178391         6.26879341E-07
   60.5446320         1.63028790E-06
   60.6714249         2.65868698E-06
   60.7982178         3.69380518E-06
   60.9250069         4.71632666E-06
   61.0517998         5.70633938E-06
   61.1785927         6.64384015E-06
   61.3053856         7.50926029E-06
   61.4321785         8.28400152E-06
   61.5589714         8.95098674E-06
   61.6857643         9.49516107E-06
   61.8125572         9.90398712E-06
   61.9393501         1.01678570E-05
   62.0661430         1.02804461E-05
   62.1929359         1.02389740E-05
   62.3197289         1.00443813E-05
   62.4465218         9.70137989E-06
   62.5733147         9.21841456E-06
   62.7001076         8.60749242E-06
   62.8268967         7.88390753E-06
   62.9536896         7.06585888E-06
   63.0804825         6.17396790E-06
   63.2072754         5.23071549E-06
   63.3340683         4.25981125E-06
   63.4608612         3.28551050E-06
   63.5876541         2.33191190E-06
   63.7144470         1.42223951E-06
   63.8412399         5.78149979E-07
   63.9680328        -1.80914924E-07
   64.0948257        -8.38316510E-07
   64.2216187        -1.38072210E-06
   64.3484116        -1.79850372E-06
   64.4752045        -2.08602137E-06
   64.6019974        -2.24177325E-06
   64.7287903        -2.26841689E-06
   64.8555832        -2.17265460E-06
   64.9823761        -1.96498581E-06
   65.1091690        -1.65933045E-06
   65.2359619        -1.27254714E-06
   65.3627548        -8.23854350E-07
   65.4895477        -3.34175979E-07
   65.6163330         1.74561720E-07
   65.7431259         6.80161577E-07
   65.8699188         1.16088370E-06
   65.9967117         1.59614945E-06
   66.1235046         1.96719157E-06
   66.2502975         2.25763119E-06
   66.3770905         2.45395563E-06
   66.5038834         2.54589236E-06
   66.6306763         2.52665086E-06
   66.7574692         2.39304495E-06
   66.8842621         2.14546617E-06
   67.0110550         1.78774985E-06
   67.1378479         1.32689763E-06
   67.2646408         7.72719147E-07
   67.3914337         1.37360928E-07
   67.5182266        -5.65224354E-07
   67.6450195        -1.31985098E-06
   67.7718124        -2.11068664E-06
   67.8986053        -2.92184063E-06
   68.0253983        -3.73793728E-06
   68.1521912        -4.54459951E-06
   68.2789841        -5.32889362E-06
   68.4057770        -6.07967422E-06
   68.5325699        -6.78782044E-06
   68.6593628        -7.44638328E-06
   68.7861557        -8.05061154E-06
   68.9129486        -8.59786451E-06
   69.0397415        -9.08744005E-06
   69.1665344        -9.52030314E-06
   69.2933273        -9.89877208E-06
   69.4201126        -1.02261129E-05
   69.5469055        -1.05061308E-05
   69.6736984        -1.07427622E-05
   69.8004913        -1.09396460E-05
   69.9272842        -1.10997635E-05
   70.0540771        -1.12251118E-05
   70.1808701        -1.13164506E-05
   70.3076630        -1.13731430E-05
   70.4344559        -1.13930500E-05
   70.5612488        -1.13725682E-05
   70.6880417        -1.13067235E-05
   70.8148346        -1.11893787E-05
   70.9416275        -1.10134843E-05
   71.0684204        -1.07714377E-05
   71.1952133        -1.04554665E-05
   71.3220062        -1.00580546E-05
   71.4487991        -9.57238353E-06
   71.5755920        -8.99276256E-06
   71.7023849        -8.31504258E-06
   71.8291779        -7.53699260E-06
   71.9559708        -6.65860125E-06
   72.0827637        -5.68233554E-06
   72.2095566        -4.61330092E-06
   72.3363495        -3.45931903E-06
   72.4631424        -2.23091547E-06
   72.5899353        -9.41221401E-07
   72.7167282         3.94220791E-07
   72.8435211         1.75772459E-06
   72.9703140         3.12980183E-06
   73.0971069         4.48956916E-06
   73.2238922         5.81519271E-06
   73.3506851         7.08436437E-06
   73.4774780         8.27480926E-06
   73.6042709         9.36477954E-06
   73.7310638         1.03335433E-05
   73.8578568         1.11618565E-05
   73.9846497         1.18323878E-05
   74.1114426         1.23301124E-05
   74.2382355         1.26426421E-05
   74.3650284         1.27605063E-05
   74.4918213         1.26773630E-05
   74.6186142         1.23901591E-05
   74.7454071         1.18992120E-05
   74.8722000         1.12082425E-05
   74.9989929         1.03243456E-05
   75.1257858         9.25790846E-06
   75.2525787         8.02247268E-06
   75.3793716         6.63457058E-06
   75.5061646         5.11350345E-06
   75.6329575         3.48110575E-06
   75.7597504         1.76146023E-06
   75.8865433        -1.93896827E-08
   76.0133362        -1.83378029E-06
   76.1401291        -3.65276264E-06
   76.2669220        -5.44646809E-06
   76.3937149        -7.18448746E-06
   76.5205078        -8.83626944E-06
   76.6473007        -1.03715547E-05
   76.7740936        -1.17607678E-05
   76.9008865        -1.29754562E-05
   77.0276718        -1.39887434E-05
   77.1544647        -1.47757610E-05
   77.2812576        -1.53140754E-05
   77.4080505        -1.55841135E-05
   77.5348434        -1.55695780E-05
   77.6616364        -1.52578104E-05
   77.7884293        -1.46401489E-05
   77.9152222        -1.37121815E-05
   78.0420151        -1.24740109E-05
   78.1688080        -1.09303983E-05
   78.2956009        -9.09083155E-06
   78.4223938        -6.96952657E-06
   78.5491867        -4.58532759E-06
   78.6759796        -1.96147130E-06
   78.8027725         8.74658781E-07
   78.9295654         3.89193929E-06
   79.0563583         7.05600132E-06
   79.1831512         1.03297252E-05
   79.3099442         1.36738981E-05
   79.4367371         1.70478852E-05
   79.5635300         2.04103089E-05
   79.6903229         2.37197928E-05
   79.8171158         2.69357097E-05
   79.9439087         3.00188694E-05
   80.0707016         3.29322174E-05
   80.1974945         3.56414275E-05
   80.3242874         3.81154714E-05
   80.4510803         4.03270678E-05
   80.5778732         4.22530538E-05
   80.7046585         4.38746683E-05
   80.8314514         4.51777196E-05
   80.9582443         4.61526542E-05
   81.0850372         4.67945429E-05
   81.2118301         4.71029562E-05
   81.3386230         4.70817795E-05
   81.4654160         4.67389291E-05
   81.5922089         4.60860465E-05
   81.7190018         4.51381020E-05
   81.8457947         4.39130054E-05
   81.9725876         4.24311729E-05
   82.0993805         4.07151201E-05
   82.2261734         3.87890104E-05
   82.3529663         3.66782988E-05
   82.4797592         3.44093096E-05
   82.6065521         3.20089239E-05
   82.7333450         2.95042209E-05
   82.8601379         2.69222146E-05
   82.9869308         2.42895640E-05
   83.1137238         2.16323097E-05
   83.2405167         1.89756793E-05
   83.3673096         1.63437908E-05
   83.4941025         1.37595252E-05
   83.6208954         1.12442776E-05
   83.7476883         8.81777487E-06
   83.8744812         6.49786307E-06
   84.0012741         4.30031469E-06
   84.1280670         2.23867278E-06
   84.2548599         3.24019169E-07
   84.3816528        -1.43519037E-06
   84.5084381        -3.03329080E-06
   84.6352310        -4.46752347E-06
   84.7620239        -5.73812304E-06
   84.8888168        -6.84839233E-06
   85.0156097        -7.80465871E-06
   85.1424026        -8.61617900E-06
   85.2691956        -9.29499038E-06
   85.3959885        -9.85574843E-06
   85.5227814        -1.03153398E-05
   85.6495743        -1.06925745E-05
   85.7763672        -1.10077772E-05
   85.9031601        -1.12822418E-05
   86.0299530        -1.15377388E-05
   86.1567459        -1.17959453E-05
   86.2835388        -1.20778677E-05
   86.4103317        -1.24032485E-05
   86.5371246        -1.27900212E-05
   86.6639175        -1.32537980E-05
   86.7907104        -1.38074138E-05
   86.9175034        -1.44605247E-05
   87.0442963        -1.52193606E-05
   87.1710892        -1.60865457E-05
   87.2978821        -1.70610383E-05
   87.4246750        -1.81381547E-05
   87.5514679        -1.93097894E-05
   87.6782608        -2.05646957E-05
   87.8050537        -2.18888526E-05
   87.9318466        -2.32660077E-05
   88.0586395        -2.46782201E-05
   88.1854324        -2.61064706E-05
   88.3122177        -2.75313796E-05
   88.4390106        -2.89338441E-05
   88.5658035        -3.02957415E-05
   88.6925964        -3.16005644E-05
   88.8193893        -3.28339884E-05
   88.9461823        -3.39843973E-05
   89.0729752        -3.50432456E-05
   89.1997681        -3.60053709E-05
   89.3265610        -3.68691290E-05
   89.4533539        -3.76364405E-05
   89.5801468        -3.83126426E-05
   89.7069397        -3.89062734E-05
   89.8337326        -3.94286581E-05
   89.9605255        -3.98934608E-05
   90.0873184        -4.03160957E-05
   90.2141113        -4.07131083E-05
   90.3409042        -4.11014589E-05
   90.4676971        -4.14978203E-05
   90.5944901        -4.19178650E-05
   90.7212830        -4.23755846E-05
   90.8480759        -4.28826424E-05
   90.9748688        -4.34478934E-05
   91.1016617        -4.40768672E-05
   91.2284546        -4.47715502E-05
   91.3552475        -4.55301415E-05
   91.4820404        -4.63470533E-05
   91.6088333        -4.72130087E-05
   91.7356262        -4.81153293E-05
   91.8624191        -4.90382808E-05
   91.9892120        -4.99635753E-05
   92.1159973        -5.08709745E-05
   92.2427902        -5.17389344E-05
   92.3695831        -5.25453142E-05
   92.4963760        -5.32681370E-05
   92.6231689        -5.38863278E-05
   92.7499619        -5.43803872E-05
   92.8767548        -5.47330746E-05
   93.0035477        -5.49299075E-05
   93.1303406        -5.49596807E-05
   93.2571335        -5.48146927E-05
   93.3839264        -5.44910035E-05
   93.5107193        -5.39884713E-05
   93.6375122        -5.33106395E-05
   93.7643051        -5.24645184E-05
   93.8910980        -5.14602943E-05
   94.0178909        -5.03108386E-05
   94.1446838        -4.90312304E-05
   94.2714767        -4.76381902E-05
   94.3982697        -4.61494383E-05
   94.5250626        -4.45831174E-05
   94.6518555        -4.29571301E-05
   94.7786484        -4.12886257E-05
   94.9054413        -3.95934585E-05
   95.0322342        -3.78857621E-05
   95.1590271        -3.61776329E-05
   95.2858200        -3.44789150E-05
   95.4126129        -3.27970556E-05
   95.5394058        -3.11370786E-05
   95.6661987        -2.95016762E-05
   95.7929916        -2.78913612E-05
   95.9197769        -2.63046768E-05
   96.0465698        -2.47384742E-05
   96.1733627        -2.31882168E-05
   96.3001556        -2.16482949E-05
   96.4269485        -2.01123657E-05
   96.5537415        -1.85736571E-05
   96.6805344        -1.70252315E-05
   96.8073273        -1.54602785E-05
   96.9341202        -1.38722635E-05
   97.0609131        -1.22551000E-05
   97.1877060        -1.06032476E-05
   97.3144989        -8.91174841E-06
   97.4412918        -7.17624152E-06
   97.5680847        -5.39292841E-06
   97.6948776        -3.55856696E-06
   97.8216705        -1.67042083E-06
   97.9484634         2.73745627E-07
   98.0752563         2.27566102E-06
   98.2020493         4.33650212E-06
   98.3288422         6.45681575E-06
   98.4556351         8.63638707E-06
   98.5824280         1.08740842E-05
   98.7092209         1.31676707E-05
   98.8360138         1.55135785E-05
   98.9628067         1.79066756E-05
   99.0895996         2.03400305E-05
   99.2163925         2.28046920E-05
   99.3431854         2.52894952E-05
   99.4699783         2.77809177E-05
   99.5967712         3.02630051E-05
   99.7235565         3.27173839E-05
   99.8503494         3.51233684E-05
   99.9771423         3.74581759E-05
   100.103935         3.96972646E-05
   100.230728         4.18147392E-05
   100.357521         4.37839262E-05
   100.484314         4.55779809E-05
   100.611107         4.71705935E-05
   100.737900         4.85367163E-05
   100.864693         4.96533648E-05
   100.991486         5.05003627E-05
   101.118279         5.10611171E-05
   101.245071         5.13232662E-05
   101.371864         5.12793085E-05
   101.498657         5.09270903E-05
   101.625450         5.02701514E-05
   101.752243         4.93179214E-05
   101.879036         4.80857634E-05
   102.005829         4.65948142E-05
   102.132622         4.48716746E-05
   102.259415         4.29478750E-05
   102.386208         4.08592423E-05
   102.513000         3.86450665E-05
   102.639793         3.63471954E-05
   102.766586         3.40090046E-05
   102.893379         3.16743171E-05
   103.020172         2.93862940E-05
   103.146965         2.71863100E-05
   103.273758         2.51129095E-05
   103.400551         2.32007587E-05
   103.527336         2.14797583E-05
   103.654129         1.99742644E-05
   103.780922         1.87024416E-05
   103.907715         1.76758276E-05
   104.034508         1.68990500E-05
   104.161301         1.63697623E-05
   104.288094         1.60787549E-05
   104.414886         1.60102845E-05
   104.541679         1.61425505E-05
   104.668472         1.64483572E-05
   104.795265         1.68959123E-05
   104.922058         1.74497454E-05
   105.048851         1.80717325E-05
   105.175644         1.87221667E-05
   105.302437         1.93608830E-05
   105.429230         1.99483875E-05
   105.556023         2.04469634E-05
   105.682816         2.08217152E-05
   105.809608         2.10415328E-05
   105.936401         2.10799553E-05
   106.063194         2.09158898E-05
   106.189987         2.05341803E-05
   106.316780         1.99260194E-05
   106.443573         1.90892060E-05
   106.570366         1.80282041E-05
   106.697159         1.67540529E-05
   106.823952         1.52841130E-05
   106.950745         1.36416393E-05
   107.077538         1.18552343E-05
   107.204330         9.95816117E-06
   107.331116         7.98754991E-06
   107.457909         5.98351653E-06
   107.584702         3.98821794E-06
   107.711494         2.04486605E-06
   107.838287         1.96722382E-07
   107.965080        -1.51389338E-06
   108.091873        -3.04655737E-06
   108.218666        -4.36365463E-06
   108.345459        -5.43120359E-06
   108.472252        -6.21961453E-06
   108.599045        -6.70431564E-06
   108.725838        -6.86629573E-06
   108.852631        -6.69250585E-06
   108.979424        -6.17614069E-06
   109.106216        -5.31678552E-06
   109.233009        -4.12042391E-06
   109.359802        -2.59931517E-06
   109.486595        -7.71737916E-07
   109.613388         1.33839319E-06
   109.740181         3.70200928E-06
   109.866974         6.28548605E-06
   109.993767         9.05131037E-06
   110.120560         1.19588321E-05
   110.247353         1.49650514E-05
   110.374146         1.80254519E-05
   110.500938         2.10948347E-05
   110.627731         2.41281796E-05
   110.754524         2.70814635E-05
   110.881317         2.99124731E-05
   111.008102         3.25815381E-05
   111.134895         3.50521950E-05
   111.261688         3.72918184E-05
   111.388481         3.92720722E-05
   111.515274         4.09693421E-05
   111.642067         4.23649944E-05
   111.768860         4.34455724E-05
   111.895653         4.42028213E-05
   112.022446         4.46336671E-05
   112.149239         4.47400671E-05
   112.276031         4.45287696E-05
   112.402824         4.40109834E-05
   112.529617         4.32019806E-05
   112.656410         4.21206423E-05
   112.783203         4.07889129E-05
   112.909996         3.92312722E-05
   113.036789         3.74741358E-05
   113.163582         3.55452758E-05
   113.290375         3.34732285E-05
   113.417168         3.12867487E-05
   113.543961         2.90142616E-05
   113.670753         2.66833831E-05
   113.797546         2.43204686E-05
   113.924339         2.19502235E-05
   114.051132         1.95953598E-05
   114.177925         1.72763157E-05
   114.304718         1.50110463E-05
   114.431511         1.28148431E-05
   114.558304         1.07002734E-05
   114.685097         8.67713425E-06
   114.811882         6.75249294E-06
   114.938675         4.93079506E-06
   115.065468         3.21402308E-06
   115.192261         1.60189768E-06
   115.319054         9.21341368E-08
   115.445847        -1.31927470E-06
   115.572639        -2.63773995E-06
   115.699432        -3.86974762E-06
   115.826225        -5.02248804E-06
   115.953018        -6.10351526E-06
   116.079811        -7.12038036E-06
   116.206604        -8.08028290E-06
   116.333397        -8.98974849E-06
   116.460190        -9.85432507E-06
   116.586983        -1.06783273E-05
   116.713776        -1.14646082E-05
   116.840569        -1.22144520E-05
   116.967361        -1.29274513E-05
   117.094154        -1.36015215E-05
   117.220947        -1.42329072E-05
   117.347740        -1.48163235E-05
   117.474533        -1.53451201E-05
   117.601326        -1.58115290E-05
   117.728119        -1.62069282E-05
   117.854912        -1.65221772E-05
   117.981705        -1.67479957E-05
   118.108498        -1.68753231E-05
   118.235291        -1.68957431E-05
   118.362083        -1.68018760E-05
   118.488876        -1.65877500E-05
   118.615662        -1.62491542E-05
   118.742455        -1.57839440E-05
   118.869247        -1.51922814E-05
   118.996040        -1.44768055E-05
   119.122833        -1.36427507E-05
   119.249626        -1.26979667E-05
   119.376419        -1.16528599E-05
   119.503212        -1.05202653E-05
   119.630005        -9.31522209E-06
   119.756798        -8.05471609E-06
   119.883591        -6.75728961E-06
   120.010384        -5.44265640E-06
   120.137177        -4.13123416E-06
   120.263969        -2.84365296E-06
   120.390762        -1.60023365E-06
   120.517555        -4.20489357E-07
   120.644348         6.77391597E-07
   120.771141         1.67703433E-06
   120.897934         2.56430349E-06
   121.024727         3.32769582E-06
   121.151520         3.95866027E-06
   121.278313         4.45184878E-06
   121.405106         4.80526933E-06
   121.531898         5.02037619E-06
   121.658691         5.10204791E-06
   121.785484         5.05849039E-06
   121.912277         4.90104821E-06
   122.039070         4.64393042E-06
   122.165863         4.30386217E-06
   122.292656         3.89966726E-06
   122.419441         3.45179069E-06
   122.546234         2.98178452E-06
   122.673027         2.51175152E-06
   122.799820         2.06377717E-06
   122.926613         1.65936933E-06
   123.053406         1.31889328E-06
   123.180199         1.06105028E-06
   123.306992         9.02372790E-07
   123.433784         8.56800511E-07
   123.560577         9.35306218E-07
   123.687370         1.14557997E-06
   123.814163         1.49179834E-06
   123.940956         1.97448139E-06
   124.067749         2.59042963E-06
   124.194542         3.33274943E-06
   124.321335         4.19094840E-06
   124.448128         5.15112515E-06
   124.574921         6.19624961E-06
   124.701714         7.30649663E-06
   124.828506         8.45964405E-06
   124.955299         9.63154343E-06
   125.082092         1.07966180E-05
   125.208885         1.19284086E-05
   125.335678         1.30001326E-05
   125.462471         1.39852664E-05
   125.589264         1.48581139E-05
   125.716057         1.55943799E-05
   125.842850         1.61717089E-05
   125.969643         1.65701895E-05
   126.096436         1.67728267E-05
   126.223221         1.67659473E-05
   126.350014         1.65395577E-05
   126.476807         1.60876189E-05
   126.603600         1.54082481E-05
   126.730392         1.45038484E-05
   126.857185         1.33811291E-05
   126.983978         1.20510695E-05
   127.110771         1.05287600E-05
   127.237564         8.83318626E-06
   127.364357         6.98690383E-06
   127.491150         5.01564864E-06
   127.617943         2.94788401E-06
   127.744736         8.14271402E-07
   127.871529        -1.35289417E-06
   127.998322        -3.52030520E-06
   128.125107        -5.65428172E-06
   128.251907        -7.72142812E-06
   128.378693        -9.68928998E-06
   128.505493        -1.15269986E-05
   128.632278        -1.32058913E-05
   128.759079        -1.47000792E-05
   128.885864        -1.59869705E-05
   129.012665        -1.70477215E-05
   129.139450        -1.78676128E-05
   129.266251        -1.84363398E-05
   129.393036        -1.87482092E-05
   129.519836        -1.88022514E-05
   129.646622        -1.86022226E-05
   129.773422        -1.81565210E-05
   129.900208        -1.74779980E-05
   130.027008        -1.65836864E-05
   130.153793        -1.54944410E-05
   130.280594        -1.42344779E-05
   130.407379        -1.28308684E-05
   130.534180        -1.13129545E-05
   130.660965        -9.71172540E-06
   130.787766        -8.05915352E-06
   130.914551        -6.38752635E-06
   131.041351        -4.72875809E-06
   131.168137        -3.11373606E-06
   131.294937        -1.57168142E-06
   131.421722        -1.29555005E-07
   131.548523         1.18846810E-06
   131.675308         2.36147616E-06
   131.802109         3.37220149E-06
   131.928894         4.20732113E-06
   132.055679         4.85765759E-06
   132.182480         5.31827482E-06
   132.309265         5.58847114E-06
   132.436066         5.67166353E-06
   132.562851         5.57517342E-06
   132.689651         5.30991792E-06
   132.816437         4.89001513E-06
   132.943237         4.33232799E-06
   133.070023         3.65594542E-06
   133.196823         2.88163369E-06
   133.323608         2.03125796E-06
   133.450409         1.12720329E-06
   133.577194         1.91808496E-07
   133.703995        -7.53181780E-07
   133.830780        -1.68712506E-06
   133.957581        -2.59092621E-06
   134.084366        -3.44742807E-06
   134.211166        -4.24172413E-06
   134.337952        -4.96139501E-06
   134.464752        -5.59665250E-06
   134.591537        -6.14040619E-06
   134.718338        -6.58825184E-06
   134.845123        -6.93838592E-06
   134.971924        -7.19144828E-06
   135.098709        -7.35032654E-06
   135.225510        -7.41990016E-06
   135.352295        -7.40676387E-06
   135.479095        -7.31892533E-06
   135.605881        -7.16549312E-06
   135.732666        -6.95635163E-06
   135.859467        -6.70185455E-06
   135.986252        -6.41252700E-06
   136.113052        -6.09879316E-06
   136.239838        -5.77072660E-06
   136.366638        -5.43785609E-06
   136.493423        -5.10900281E-06
   136.620224        -4.79215669E-06
   136.747009        -4.49439858E-06
   136.873810        -4.22187304E-06
   137.000595        -3.97976919E-06
   137.127396        -3.77236438E-06
   137.254181        -3.60306990E-06
   137.380981        -3.47449736E-06
   137.507767        -3.38855011E-06
   137.634567        -3.34651531E-06
   137.761353        -3.34916513E-06
   137.888153        -3.39685835E-06
   138.014938        -3.48962317E-06
   138.141739        -3.62723335E-06
   138.268524        -3.80925485E-06
   138.395325        -4.03506829E-06
   138.522110        -4.30385262E-06
   138.648911        -4.61454647E-06
   138.775696        -4.96577240E-06
   138.902496        -5.35574281E-06
   139.029282        -5.78214258E-06
   139.156082        -6.24200948E-06
   139.282867        -6.73160412E-06
   139.409653        -7.24629626E-06
   139.536453        -7.78046342E-06
   139.663239        -8.32741080E-06
   139.790039        -8.87933129E-06
   139.916824        -9.42730094E-06
   140.043625        -9.96132712E-06
   140.170410        -1.04704504E-05
   140.297211        -1.09429129E-05
   140.423996        -1.13663764E-05
   140.550797        -1.17282161E-05
   140.677582        -1.20158538E-05
   140.804382        -1.22171441E-05
   140.931168        -1.23207774E-05
   141.057968        -1.23167056E-05
   141.184753        -1.21965550E-05
   141.311554        -1.19540200E-05
   141.438339        -1.15852072E-05
   141.565140        -1.10889359E-05
   141.691925        -1.04669589E-05
   141.818726        -9.72410726E-06
   141.945511        -8.86833732E-06
   142.072311        -7.91067760E-06
   142.199097        -6.86506655E-06
   142.325897        -5.74809883E-06
   142.452682        -4.57865417E-06
   142.579483        -3.37745382E-06
   142.706268        -2.16651915E-06
   142.833069        -9.68608560E-07
   142.959854         1.93411395E-07
   143.086655         1.29717023E-06
   143.213440         2.32140133E-06
   143.340225         3.24649159E-06
   143.467026         4.05497485E-06
   143.593811         4.73193722E-06
   143.720612         5.26534859E-06
   143.847397         5.64627317E-06
   143.974197         5.86897750E-06
   144.100983         5.93093910E-06
   144.227783         5.83273913E-06
   144.354568         5.57786188E-06
   144.481369         5.17241506E-06
   144.608154         4.62478420E-06
   144.734955         3.94523340E-06
   144.861740         3.14550289E-06
   144.988541         2.23839515E-06
   145.115326         1.23740028E-06
   145.242126         1.56349842E-07
   145.368912        -9.90851390E-07
   145.495712        -2.19043409E-06
   145.622498        -3.42889689E-06
   145.749298        -4.69306815E-06
   145.876083        -5.97009239E-06
   146.002884        -7.24736583E-06
   146.129669        -8.51242385E-06
   146.256470        -9.75280363E-06
   146.383255        -1.09558896E-05
   146.510056        -1.21087714E-05
   146.636841        -1.31981342E-05
   146.763641        -1.42101999E-05
   146.890427        -1.51307313E-05
   147.017212        -1.59451301E-05
   147.144012        -1.66386126E-05
   147.270798        -1.71964894E-05
   147.397598        -1.76045269E-05
   147.524384        -1.78493701E-05
   147.651184        -1.79190629E-05
   147.777969        -1.78035498E-05
   147.904770        -1.74952274E-05
   148.031555        -1.69894593E-05
   148.158356        -1.62850374E-05
   148.285141        -1.53845867E-05
   148.411942        -1.42948538E-05
   148.538727        -1.30268727E-05
   148.665527        -1.15959974E-05
   148.792313        -1.00217649E-05
   148.919113        -8.32761816E-06
   149.045898        -6.54045425E-06
   149.172699        -4.69003680E-06
   149.299484        -2.80826089E-06
   149.426285        -9.28328234E-07
   149.553070         9.16153510E-07
   149.679871         2.69211387E-06
   149.806656         4.36796336E-06
   149.933456         5.91448361E-06
   150.060242         7.30566035E-06
   150.187042         8.51939694E-06
   150.313828         9.53809467E-06
   150.440628         1.03490765E-05
   150.567413         1.09448301E-05
   150.694214         1.13230717E-05
   150.820999         1.14866189E-05
   150.947784         1.14430923E-05
   151.074585         1.12044436E-05
   151.201370         1.07863470E-05
   151.328171         1.02074728E-05
   151.454956         9.48868183E-06
   151.581757         8.65218317E-06
   151.708542         7.72068233E-06
   151.835342         6.71656653E-06
   151.962128         5.66115477E-06
   152.088928         4.57405577E-06
   152.215714         3.47263881E-06
   152.342514         2.37164249E-06
   152.469299         1.28294528E-06
   152.596100         2.15477783E-07
   152.722885        -8.24710014E-07
   152.849686        -1.83424822E-06
   152.976471        -2.81209350E-06
   153.103271        -3.75909167E-06
   153.230057        -4.67745122E-06
   153.356857        -5.57017393E-06
   153.483643        -6.44045622E-06
   153.610443        -7.29110297E-06
   153.737228        -8.12399503E-06
   153.864029        -8.93961624E-06
   153.990814        -9.73668011E-06
   154.117615        -1.05118697E-05
   154.244400        -1.12596890E-05
   154.371201        -1.19724627E-05
   154.497986        -1.26404566E-05
   154.624771        -1.32521245E-05
   154.751572        -1.37944735E-05
   154.878357        -1.42535400E-05
   155.005157        -1.46149505E-05
   155.131943        -1.48645431E-05
   155.258743        -1.49890329E-05
   155.385529        -1.49766856E-05
   155.512329        -1.48179752E-05
   155.639114        -1.45061831E-05
   155.765915        -1.40379298E-05
   155.892700        -1.34135889E-05
   156.019501        -1.26375935E-05
   156.146286        -1.17185837E-05
   156.273087        -1.06694160E-05
   156.399872        -9.50700087E-06
   156.526672        -8.25200186E-06
   156.653458        -6.92835874E-06
   156.780258        -5.56269197E-06
   156.907043        -4.18358195E-06
   157.033844        -2.82072233E-06
   157.160629        -1.50403093E-06
   157.287430        -2.62717151E-07
   157.414215         8.75669286E-07
   157.541016         1.88614126E-06
   157.667801         2.74710283E-06
   157.794601         3.44108412E-06
   157.921387         3.95532970E-06
   158.048187         4.28221711E-06
   158.174973         4.41951352E-06
   158.301773         4.37042172E-06
   158.428558         4.14343867E-06
   158.555344         3.75202717E-06
   158.682144         3.21410289E-06
   158.808929         2.55136797E-06
   158.935730         1.78851212E-06
   159.062515         9.52304504E-07
   159.189316         7.06317067E-08
   159.316101        -8.28493683E-07
   159.442902        -1.71790555E-06
   159.569687        -2.57219267E-06
   159.696487        -3.36851485E-06
   159.823273        -4.08728511E-06
   159.950073        -4.71269414E-06
   160.076859        -5.23305698E-06
   160.203659        -5.64098082E-06
