  -4.50000000         0.00000000    
  -4.37320757         0.00000000    
  -4.24641466         0.00000000    
  -4.11962223         0.00000000    
  -3.99282932         0.00000000    
  -3.86603665         0.00000000    
  -3.73924398         1.70190809E-33
  -3.61245155        -9.93727365E-33
  -3.48565888        -2.82324144E-31
  -3.35886621        -1.61299266E-30
  -3.23207355        -7.28974941E-30
  -3.10528088         1.67079553E-29
  -2.97848821         1.42418018E-28
  -2.85169554         4.87277994E-28
  -2.72490287         1.12128344E-27
  -2.59811020         1.87934632E-27
  -2.47131753         2.05916751E-27
  -2.34452486         5.82652597E-28
  -2.21773219        -2.41163619E-27
  -2.09093952        -1.17703054E-27
  -1.96414697         2.35865466E-26
  -1.83735430         1.14580999E-25
  -1.71056163         3.43613512E-25
  -1.58376896         8.02002095E-25
  -1.45697629         1.56230451E-24
  -1.33018374         2.60405509E-24
  -1.20339108         3.71547807E-24
  -1.07659841         4.41594671E-24
 -0.949805737         3.98122953E-24
 -0.823013067         1.67453181E-24
 -0.696220458        -2.73805377E-24
 -0.569427788        -8.20516552E-24
 -0.442635119        -1.15317060E-23
 -0.315842479        -6.85238819E-24
 -0.189049825         1.39767330E-23
  -6.22571707E-02     5.94677429E-23
   6.45354837E-02     1.34748588E-22
  0.191328138         2.36294739E-22
  0.318120778         3.46442895E-22
  0.444913447         4.30050564E-22
  0.571706116         4.36400832E-22
  0.698498726         3.09305974E-22
  0.825291395         6.81568407E-24
  0.952084064        -4.71231779E-22
   1.07887673        -1.05404489E-21
   1.20566940        -1.58003331E-21
   1.33246195        -1.80036002E-21
   1.45925462        -1.41941739E-21
   1.58604729        -1.79639203E-22
   1.71283996         2.01428980E-21
   1.83963263         4.95393582E-21
   1.96642530         8.00848077E-21
   2.09321785         1.00818138E-20
   2.22001052         9.69843096E-21
   2.34680319         5.25308076E-21
   2.47359586        -4.57901620E-21
   2.60038853        -2.03276210E-20
   2.72718120        -4.12206104E-20
   2.85397387        -6.48365231E-20
   2.98076653        -8.70735097E-20
   3.10755920        -1.02548728E-19
   3.23435187        -1.05452138E-19
   3.36114454        -9.07591034E-20
   3.48793697        -5.55902789E-20
   3.61472964        -4.35621866E-22
   3.74152231         7.00385198E-20
   3.86831498         1.46797184E-19
   3.99510765         2.16920516E-19
   4.12190056         2.64690558E-19
   4.24869299         2.73142896E-19
   4.37548542         2.25985485E-19
   4.50227833         1.09924419E-19
   4.62907076        -8.24215235E-20
   4.75586367        -3.48823900E-19
   4.88265610        -6.73034110E-19
   5.00944901        -1.02032098E-18
   5.13624144        -1.33445212E-18
   5.26303434        -1.53839547E-18
   5.38982677        -1.54131572E-18
   5.51661968        -1.25380429E-18
   5.64341211        -6.11454287E-19
   5.77020502         3.96029934E-19
   5.89699745         1.69634498E-18
   6.02379036         3.11561858E-18
   6.15058279         4.37869918E-18
   6.27737522         5.13633417E-18
   6.40416813         5.02151034E-18
   6.53096056         3.72929954E-18
   6.65775347         1.10588661E-18
   6.78454590        -2.77429181E-18
   6.91133881        -7.56665451E-18
   7.03813124        -1.26690288E-17
   7.16492414        -1.72971523E-17
   7.29171658        -2.06161152E-17
   7.41850948        -2.19041876E-17
   7.54530191        -2.07123114E-17
   7.67209482        -1.69775148E-17
   7.79888725        -1.10539834E-17
   7.92567968        -3.64214696E-18
   8.05247211         4.37925174E-18
   8.17926502         1.21852977E-17
   8.30605793         1.92443884E-17
   8.43285084         2.54939662E-17
   8.55964279         3.13823986E-17
   8.68643570         3.77255571E-17
   8.81322861         4.53626443E-17
   8.94002151         5.46456060E-17
   9.06681347         6.48536732E-17
   9.19360638         7.36786249E-17
   9.32039928         7.69654238E-17
   9.44719219         6.89018025E-17
   9.57398415         4.28151200E-17
   9.70077705        -7.35456209E-18
   9.82756996        -8.49805458E-17
   9.95436192        -1.88337260E-16
   10.0811548        -3.08310411E-16
   10.2079477        -4.26855716E-16
   10.3347406        -5.16905297E-16
   10.4615326        -5.44351388E-16
   10.5883255        -4.72485036E-16
   10.7151184        -2.68836743E-16
   10.8419113         8.62042437E-17
   10.9687033         5.90223251E-16
   11.0954962         1.21081888E-15
   11.2222891         1.88088134E-15
   11.3490820         2.49906356E-15
   11.4758739         2.93687350E-15
   11.6026669         3.05286789E-15
   11.7294598         2.71315114E-15
   11.8562517         1.81600052E-15
   11.9830446         3.17177390E-16
   12.1098375        -1.74832344E-15
   12.2366304        -4.25249969E-15
   12.3634224        -6.97232291E-15
   12.4902153        -9.60182234E-15
   12.6170082        -1.17785674E-14
   12.7438011        -1.31224767E-14
   12.8705931        -1.32826142E-14
   12.9973860        -1.19858864E-14
   13.1241789        -9.08073953E-15
   13.2509708        -4.56926545E-15
   13.3777637         1.37734037E-15
   13.5045567         8.42256698E-15
   13.6313496         1.60871123E-14
   13.7581415         2.37865690E-14
   13.8849344         3.08782845E-14
   14.0117273         3.67101098E-14
   14.1385202         4.06641273E-14
   14.2653122         4.21902605E-14
   14.3921051         4.08279808E-14
   14.5188980         3.62182174E-14
   14.6456909         2.81112261E-14
   14.7724829         1.63785933E-14
   14.8992758         1.03796116E-15
   15.0260687        -1.77033156E-14
   15.1528606        -3.93844232E-14
   15.2796535        -6.32130795E-14
   15.4064465        -8.79872482E-14
   15.5332394        -1.12037631E-13
   15.6600313        -1.33216490E-13
   15.7868242        -1.48958442E-13
   15.9136171        -1.56433541E-13
   16.0404091        -1.52801369E-13
   16.1672020        -1.35558855E-13
   16.2939949        -1.02955371E-13
   16.4207878        -5.44295071E-14
   16.5475807         8.99362727E-15
   16.6743736         8.44139279E-14
   16.8011646         1.66944827E-13
   16.9279575         2.49834252E-13
   17.0547504         3.24849956E-13
   17.1815434         3.82929067E-13
   17.3083363         4.15054438E-13
   17.4351292         4.13284532E-13
   17.5619221         3.71833098E-13
   17.6887150         2.88075878E-13
   17.8155060         1.63357690E-13
   17.9422989         3.48503723E-15
   18.0690918        -1.81182543E-13
   18.1958847        -3.76090977E-13
   18.3226776        -5.63302389E-13
   18.4494705        -7.22714857E-13
   18.5762634        -8.33609332E-13
   18.7030544        -8.76412495E-13
   18.8298473        -8.34548142E-13
   18.9566402        -6.96251162E-13
   19.0834332        -4.56220782E-13
   19.2102261        -1.17009280E-13
   19.3370190         3.09946323E-13
   19.4638119         8.03728340E-13
   19.5906048         1.33385577E-12
   19.7173958         1.86078887E-12
   19.8441887         2.33710338E-12
   19.9709816         2.70941256E-12
   20.0977745         2.92110411E-12
   20.2245674         2.91592054E-12
   20.3513603         2.64235639E-12
   20.4781532         2.05875855E-12
   20.6049442         1.13889117E-12
   20.7317371        -1.22380526E-13
   20.8585300        -1.70377341E-12
   20.9853230        -3.55320829E-12
   21.1121159        -5.58500338E-12
   21.2389088        -7.67927995E-12
   21.3657017        -9.68411028E-12
   21.4924946        -1.14208070E-11
   21.6192856        -1.26925128E-11
   21.7460785        -1.32959563E-11
   21.8728714        -1.30359386E-11
   21.9996643        -1.17418054E-11
   22.1264572        -9.28487582E-12
   22.2532501        -5.59560905E-12
   22.3800430        -6.79175086E-13
   22.5068340         5.37192252E-12
   22.6336269         1.23694379E-11
   22.7604198         2.00262237E-11
   22.8872128         2.79591697E-11
   23.0140057         3.56987113E-11
   23.1407986         4.27050548E-11
   23.2675915         4.83908920E-11
   23.3943844         5.21500551E-11
   23.5211754         5.33912012E-11
   23.6479683         5.15752094E-11
   23.7747612         4.62548853E-11
   23.9015541         3.71149847E-11
   24.0283470         2.40105678E-11
   24.1551399         7.00135002E-12
   24.2819328        -1.36202551E-11
   24.4087238        -3.73098774E-11
   24.5355167        -6.32629157E-11
   24.6623096        -9.04193248E-11
   24.7891026        -1.17482815E-10
   24.9158955        -1.42955620E-10
   25.0426884        -1.65188821E-10
   25.1694813        -1.82447543E-10
   25.2962742        -1.92989583E-10
   25.4230652        -1.95154726E-10
   25.5498581        -1.87461630E-10
   25.6766510        -1.68707923E-10
   25.8034439        -1.38069361E-10
   25.9302368        -9.51927218E-11
   26.0570297        -4.02774758E-11
   26.1838226         2.58584369E-11
   26.3106136         1.01734010E-10
   26.4374065         1.85185534E-10
   26.5641994         2.73375822E-10
   26.6909924         3.62835290E-10
   26.8177853         4.49536325E-10
   26.9445782         5.29002619E-10
   27.0713711         5.96452499E-10
   27.1981640         6.46974696E-10
   27.3249550         6.75732525E-10
   27.4517479         6.78192169E-10
   27.5785408         6.50367149E-10
   27.7053337         5.89070293E-10
   27.8321266         4.92163144E-10
   27.9589195         3.58790136E-10
   28.0857124         1.89585722E-10
   28.2125034        -1.31597493E-11
   28.3392963        -2.45387932E-10
   28.4660892        -5.01225839E-10
   28.5928822        -7.73015763E-10
   28.7196751        -1.05142794E-09
   28.8464680        -1.32566180E-09
   28.9732609        -1.58373625E-09
   29.1000538        -1.81286408E-09
   29.2268448        -1.99990602E-09
   29.3536377        -2.13188733E-09
   29.4804306        -2.19656493E-09
   29.6072235        -2.18301777E-09
   29.7340164        -2.08224615E-09
   29.8608093        -1.88774418E-09
   29.9876022        -1.59602276E-09
   30.1143932        -1.20705412E-09
   30.2411861        -7.24611982E-10
   30.3679790        -1.56481994E-10
   30.4947720         4.85474438E-10
   30.6215649         1.18541776E-09
   30.7483578         1.92379890E-09
   30.8751507         2.67779354E-09
   31.0019417         3.42190365E-09
   31.1287346         4.12869783E-09
   31.2555275         4.76968065E-09
   31.3823204         5.31625188E-09
   31.5091133         5.74072478E-09
   31.6359062         6.01737060E-09
   31.7626991         6.12343687E-09
   31.8894920         6.04011285E-09
   32.0162849         5.75339465E-09
   32.1430779         5.25482058E-09
   32.2698708         4.54204940E-09
   32.3966637         3.61925445E-09
   32.5234528         2.49732368E-09
   32.6502457         1.19385246E-09
   32.7770386        -2.67057459E-10
   32.9038315        -1.85520599E-09
   33.0306244        -3.53487417E-09
   33.1574173        -5.26556976E-09
   33.2842102        -7.00290981E-09
   33.4110031        -8.69962768E-09
   33.5377960        -1.03066586E-08
   33.6645889        -1.17742944E-08
   33.7913818        -1.30533859E-08
   33.9181747        -1.40965515E-08
   34.0449677        -1.48593919E-08
   34.1717606        -1.53016853E-08
   34.2985535        -1.53885349E-08
   34.4253426        -1.50914747E-08
   34.5521355        -1.43894781E-08
   34.6789284        -1.32698981E-08
   34.8057213        -1.17292647E-08
   34.9325142        -9.77396208E-09
   35.0593071        -7.42072759E-09
   35.1861000        -4.69695172E-09
   35.3128929        -1.64076608E-09
   35.4396858         1.69912995E-09
   35.5664787         5.26392308E-09
   35.6932716         8.98541863E-09
   35.8200645         1.27871109E-08
   35.9468575         1.65855401E-08
   36.0736504         2.02919637E-08
   36.2004433         2.38143052E-08
   36.3272324         2.70593752E-08
   36.4540253         2.99352685E-08
   36.5808182         3.23539240E-08
   36.7076111         3.42337536E-08
   36.8344040         3.55022571E-08
   36.9611969         3.60985517E-08
   37.0879898         3.59757131E-08
   37.2147827         3.51028611E-08
   37.3415756         3.34668542E-08
   37.4683685         3.10735722E-08
   37.5951614         2.79486478E-08
   37.7219543         2.41376785E-08
   37.8487473         1.97057961E-08
   37.9755402         1.47366093E-08
   38.1023293         9.33050526E-09
   38.2291222         3.60237862E-09
   38.3559151        -2.32128183E-09
   38.4827080        -8.30573921E-09
   38.6095009        -1.42118557E-08
   38.7362938        -1.99002059E-08
   38.8630867        -2.52354280E-08
   38.9898796        -3.00906642E-08
   39.1166725        -3.43519204E-08
   39.2434654        -3.79222591E-08
   39.3702583        -4.07256202E-08
   39.4970512        -4.27101980E-08
   39.6238441        -4.38512018E-08
   39.7506371        -4.41528876E-08
   39.8774300        -4.36497558E-08
   40.0042191        -4.24068496E-08
   40.1310120        -4.05190654E-08
   40.2578049        -3.81094551E-08
   40.3845978        -3.53264369E-08
   40.5113907        -3.23400613E-08
   40.6381836        -2.93371816E-08
   40.7649765        -2.65157940E-08
   40.8917694        -2.40784193E-08
   41.0185623        -2.22248993E-08
   41.1453552        -2.11444835E-08
   41.2721481        -2.10075779E-08
   41.3989410        -2.19572271E-08
   41.5257339        -2.41006255E-08
   41.6525269        -2.75008016E-08
   41.7793198        -3.21687352E-08
   41.9061089        -3.80562000E-08
   42.0329018        -4.50494930E-08
   42.1596947        -5.29643920E-08
   42.2864876        -6.15424938E-08
   42.4132805        -7.04492251E-08
   42.5400734        -7.92737112E-08
   42.6668663        -8.75306512E-08
   42.7936592        -9.46643652E-08
   42.9204521        -1.00055125E-07
   43.0472450        -1.03027716E-07
   43.1740379        -1.02862337E-07
   43.3008308        -9.88076039E-08
   43.4276237        -9.00956607E-08
   43.5544167        -7.59589938E-08
   43.6812096        -5.56486874E-08
   43.8079987        -2.84538384E-08
   43.9347916         6.27845553E-09
   44.0615845         4.91229919E-08
   44.1883774         1.00556704E-07
   44.3151703         1.60939905E-07
   44.4419632         2.30499182E-07
   44.5687561         3.09312156E-07
   44.6955490         3.97295111E-07
   44.8223419         4.94193500E-07
   44.9491348         5.99576083E-07
   45.0759277         7.12832730E-07
   45.2027206         8.33175932E-07
   45.3295135         9.59646854E-07
   45.4563065         1.09112477E-06
   45.5830994         1.22633992E-06
   45.7098885         1.36389087E-06
   45.8366814         1.50226401E-06
   45.9634743         1.63985476E-06
   46.0902672         1.77499237E-06
   46.2170601         1.90596427E-06
   46.3438530         2.03104219E-06
   46.4706459         2.14850729E-06
   46.5974388         2.25667509E-06
   46.7242317         2.35391917E-06
   46.8510246         2.43869385E-06
   46.9778175         2.50955372E-06
   47.1046104         2.56517274E-06
   47.2314034         2.60436013E-06
   47.3581963         2.62607455E-06
   47.4849892         2.62943627E-06
   47.6117783         2.61373816E-06
   47.7385712         2.57845386E-06
   47.8653641         2.52324594E-06
   47.9921570         2.44797093E-06
   48.1189499         2.35268658E-06
   48.2457428         2.23765437E-06
   48.3725357         2.10334338E-06
   48.4993286         1.95043231E-06
   48.6261215         1.77981042E-06
   48.7529144         1.59257320E-06
   48.8797073         1.39002157E-06
   49.0065002         1.17365209E-06
   49.1332932         9.45147178E-07
   49.2600861         7.06358151E-07
   49.3868790         4.59287520E-07
   49.5136681         2.06061202E-07
   49.6404610        -5.11031040E-08
   49.7672539        -3.09931494E-07
   49.8940468        -5.68139058E-07
   50.0208397        -8.23476171E-07
   50.1476326        -1.07378389E-06
   50.2744255        -1.31704883E-06
   50.4012184        -1.55146461E-06
   50.5280113        -1.77549123E-06
   50.6548042        -1.98791668E-06
   50.7815971        -2.18791388E-06
   50.9083900        -2.37509244E-06
   51.0351830        -2.54954830E-06
   51.1619759        -2.71189674E-06
   51.2887688        -2.86330283E-06
   51.4155579        -3.00549004E-06
   51.5423508        -3.14074350E-06
   51.6691437        -3.27188809E-06
   51.7959366        -3.40225597E-06
   51.9227295        -3.53563155E-06
   52.0495224        -3.67618236E-06
   52.1763153        -3.82837015E-06
   52.3031082        -3.99684450E-06
   52.4299011        -4.18632681E-06
   52.5566940        -4.40147505E-06
   52.6834869        -4.64674440E-06
   52.8102798        -4.92623758E-06
   52.9370728        -5.24355664E-06
   53.0638657        -5.60165108E-06
   53.1906586        -6.00267867E-06
   53.3174477        -6.44787042E-06
   53.4442406        -6.93741322E-06
   53.5710335        -7.47035665E-06
   53.6978264        -8.04453157E-06
   53.8246193        -8.65650873E-06
   53.9514122        -9.30157785E-06
   54.0782051        -9.97376901E-06
   54.2049980        -1.06658999E-05
   54.3317909        -1.13696633E-05
   54.4585838        -1.20757495E-05
   54.5853767        -1.27739959E-05
   54.7121696        -1.34535785E-05
   54.8389626        -1.41032288E-05
   54.9657555        -1.47114679E-05
   55.0925484        -1.52668654E-05
   55.2193375        -1.57583163E-05
   55.3461304        -1.61753142E-05
   55.4729233        -1.65082383E-05
   55.5997162        -1.67486178E-05
   55.7265091        -1.68893985E-05
   55.8533020        -1.69251780E-05
   55.9800949        -1.68524184E-05
   56.1068878        -1.66696227E-05
   56.2336807        -1.63774766E-05
   56.3604736        -1.59789452E-05
   56.4872665        -1.54793215E-05
   56.6140594        -1.48862237E-05
   56.7408524        -1.42095514E-05
   56.8676453        -1.34613783E-05
   56.9944382        -1.26558061E-05
   57.1212273        -1.18087637E-05
   57.2480202        -1.09377652E-05
   57.3748131        -1.00616262E-05
   57.5016060        -9.20014554E-06
   57.6283989        -8.37376047E-06
   57.7551918        -7.60317334E-06
   57.8819847        -6.90896923E-06
   58.0087776        -6.31121566E-06
   58.1355705        -5.82907205E-06
   58.2623634        -5.48039543E-06
   58.3891563        -5.28136525E-06
   58.5159492        -5.24612551E-06
   58.6427422        -5.38645781E-06
   58.7695351        -5.71148257E-06
   58.8963280        -6.22740708E-06
   59.0231171        -6.93730999E-06
   59.1499100        -7.84098484E-06
   59.2767029        -8.93483048E-06
   59.4034958        -1.02118001E-05
   59.5302887        -1.16614183E-05
   59.6570816        -1.32698424E-05
   59.7838745        -1.50200067E-05
   59.9106674        -1.68918086E-05
   60.0374603        -1.88623762E-05
   60.1642532        -2.09063783E-05
   60.2910461        -2.29963953E-05
   60.4178391        -2.51033416E-05
   60.5446320        -2.71969348E-05
   60.6714249        -2.92461937E-05
   60.7982178        -3.12199809E-05
   60.9250069        -3.30875591E-05
   61.0517998        -3.48191352E-05
   61.1785927        -3.63864565E-05
   61.3053856        -3.77633187E-05
   61.4321785        -3.89261404E-05
   61.5589714        -3.98544253E-05
   61.6857643        -4.05312021E-05
   61.8125572        -4.09434215E-05
   61.9393501        -4.10822577E-05
   62.0661430        -4.09433269E-05
   62.1929359        -4.05268656E-05
   62.3197289        -3.98377597E-05
   62.4465218        -3.88855042E-05
   62.5733147        -3.76840580E-05
   62.7001076        -3.62516330E-05
   62.8268967        -3.46103443E-05
   62.9536896        -3.27858106E-05
   63.0804825        -3.08066737E-05
   63.2072754        -2.87040402E-05
   63.3340683        -2.65109084E-05
   63.4608612        -2.42615206E-05
   63.5876541        -2.19907215E-05
   63.7144470        -1.97333120E-05
   63.8412399        -1.75234218E-05
   63.9680328        -1.53938981E-05
   64.0948257        -1.33757703E-05
   64.2216187        -1.14977438E-05
   64.3484116        -9.78579010E-06
   64.4752045        -8.26280666E-06
   64.6019974        -6.94836353E-06
   64.7287903        -5.85853968E-06
   64.8555832        -5.00585247E-06
   64.9823761        -4.39925907E-06
   65.1091690        -4.04425055E-06
   65.2359619        -3.94300514E-06
   65.3627548        -4.09460108E-06
   65.4895477        -4.49527579E-06
   65.6163330        -5.13871009E-06
   65.7431259        -6.01633565E-06
   65.8699188        -7.11763550E-06
   65.9967117        -8.43043927E-06
   66.1235046        -9.94119000E-06
   66.2502975        -1.16351794E-05
   66.3770905        -1.34967368E-05
   66.5038834        -1.55093821E-05
   66.6306763        -1.76559206E-05
   66.7574692        -1.99184942E-05
   66.8842621        -2.22785948E-05
   67.0110550        -2.47170410E-05
   67.1378479        -2.72139296E-05
   67.2646408        -2.97485694E-05
   67.3914337        -3.22994274E-05
   67.5182266        -3.48440699E-05
   67.6450195        -3.73591392E-05
   67.7718124        -3.98203774E-05
   67.8986053        -4.22026787E-05
   68.0253983        -4.44802099E-05
   68.1521912        -4.66266101E-05
   68.2789841        -4.86152348E-05
   68.4057770        -5.04194759E-05
   68.5325699        -5.20131580E-05
   68.6593628        -5.33709608E-05
   68.7861557        -5.44689428E-05
   68.9129486        -5.52850288E-05
   69.0397415        -5.57995772E-05
   69.1665344        -5.59959117E-05
   69.2933273        -5.58608153E-05
   69.4201126        -5.53850477E-05
   69.5469055        -5.45637376E-05
   69.6736984        -5.33967286E-05
   69.8004913        -5.18888592E-05
   69.9272842        -5.00500537E-05
   70.0540771        -4.78953734E-05
   70.1808701        -4.54449400E-05
   70.3076630        -4.27236555E-05
   70.4344559        -3.97609110E-05
   70.5612488        -3.65900778E-05
   70.6880417        -3.32479613E-05
   70.8148346        -2.97741281E-05
   70.9416275        -2.62101566E-05
   71.0684204        -2.25988642E-05
   71.1952133        -1.89834682E-05
   71.3220062        -1.54067693E-05
   71.4487991        -1.19103315E-05
   71.5755920        -8.53372876E-06
   71.7023849        -5.31383239E-06
   71.8291779        -2.28419890E-06
   71.9559708         5.25435496E-07
   72.0827637         3.08955873E-06
   72.2095566         5.38714721E-06
   72.3363495         7.40179848E-06
   72.4631424         9.12173437E-06
   72.5899353         1.05396730E-05
   72.7167282         1.16525798E-05
   72.8435211         1.24613043E-05
   72.9703140         1.29701348E-05
   73.0971069         1.31862653E-05
   73.2238922         1.31192246E-05
   73.3506851         1.27802605E-05
   73.4774780         1.21817347E-05
   73.6042709         1.13365231E-05
   73.7310638         1.02574613E-05
   73.8578568         8.95684661E-06
   73.9846497         7.44602085E-06
   74.1114426         5.73504440E-06
   74.2382355         3.83246834E-06
   74.3650284         1.74522097E-06
   74.4918213        -5.21399500E-07
   74.6186142        -2.96362009E-06
   74.7454071        -5.57898693E-06
   74.8722000        -8.36607160E-06
   74.9989929        -1.13240931E-05
   75.1257858        -1.44524902E-05
   75.2525787        -1.77504280E-05
   75.3793716        -2.12163104E-05
   75.5061646        -2.48472770E-05
   75.6329575        -2.86387221E-05
   75.7597504        -3.25838409E-05
   75.8865433        -3.66732784E-05
   76.0133362        -4.08947817E-05
   76.1401291        -4.52329950E-05
   76.2669220        -4.96693319E-05
   76.3937149        -5.41819609E-05
   76.5205078        -5.87458562E-05
   76.6473007        -6.33329983E-05
   76.7740936        -6.79126751E-05
   76.9008865        -7.24518104E-05
   77.0276718        -7.69154722E-05
   77.1544647        -8.12673388E-05
   77.2812576        -8.54702739E-05
   77.4080505        -8.94869372E-05
   77.5348434        -9.32804105E-05
   77.6616364        -9.68147724E-05
   77.7884293        -1.00055680E-04
   77.9152222        -1.02970975E-04
   78.0420151        -1.05531108E-04
   78.1688080        -1.07709624E-04
   78.2956009        -1.09483466E-04
   78.4223938        -1.10833287E-04
   78.5491867        -1.11743604E-04
   78.6759796        -1.12202921E-04
   78.8027725        -1.12203648E-04
   78.9295654        -1.11742083E-04
   79.0563583        -1.10818204E-04
   79.1831512        -1.09435423E-04
   79.3099442        -1.07600274E-04
   79.4367371        -1.05322077E-04
   79.5635300        -1.02612503E-04
   79.6903229        -9.94851871E-05
   79.8171158        -9.59552854E-05
   79.9439087        -9.20390667E-05
   80.0707016        -8.77534912E-05
   80.1974945        -8.31158832E-05
   80.3242874        -7.81435665E-05
   80.4510803        -7.28536324E-05
   80.5778732        -6.72627139E-05
   80.7046585        -6.13868469E-05
   80.8314514        -5.52414240E-05
   80.9582443        -4.88411642E-05
   81.0850372        -4.22002013E-05
   81.2118301        -3.53322175E-05
   81.3386230        -2.82506244E-05
   81.4654160        -2.09687987E-05
   81.5922089        -1.35003602E-05
   81.7190018        -5.85946100E-06
   81.8457947         1.93890969E-06
   81.9725876         9.87862950E-06
   82.0993805         1.79421550E-05
   82.2261734         2.61102887E-05
   82.3529663         3.43619540E-05
   82.4797592         4.26740626E-05
   82.6065521         5.10214231E-05
   82.7333450         5.93767509E-05
   82.8601379         6.77107091E-05
   82.9869308         7.59920804E-05
   83.1137238         8.41879737E-05
   83.2405167         9.22641484E-05
   83.3673096         1.00185389E-04
   83.4941025         1.07915941E-04
   83.6208954         1.15419993E-04
   83.7476883         1.22662183E-04
   83.8744812         1.29608219E-04
   84.0012741         1.36225339E-04
   84.1280670         1.42482895E-04
   84.2548599         1.48352963E-04
   84.3816528         1.53810659E-04
   84.5084381         1.58834751E-04
   84.6352310         1.63407909E-04
   84.7620239         1.67517035E-04
   84.8888168         1.71153442E-04
   85.0156097         1.74312983E-04
   85.1424026         1.76996051E-04
   85.2691956         1.79207447E-04
   85.3959885         1.80956282E-04
   85.5227814         1.82255666E-04
   85.6495743         1.83122320E-04
   85.7763672         1.83576281E-04
   85.9031601         1.83640324E-04
   86.0299530         1.83339478E-04
   86.1567459         1.82700576E-04
   86.2835388         1.81751660E-04
   86.4103317         1.80521427E-04
   86.5371246         1.79038834E-04
   86.6639175         1.77332593E-04
   86.7907104         1.75430760E-04
   86.9175034         1.73360429E-04
   87.0442963         1.71147476E-04
   87.1710892         1.68816419E-04
   87.2978821         1.66390266E-04
   87.4246750         1.63890523E-04
   87.5514679         1.61337244E-04
   87.6782608         1.58749157E-04
   87.8050537         1.56143797E-04
   87.9318466         1.53537825E-04
   88.0586395         1.50947148E-04
   88.1854324         1.48387189E-04
   88.3122177         1.45873171E-04
   88.4390106         1.43420257E-04
   88.5658035         1.41043740E-04
   88.6925964         1.38759206E-04
   88.8193893         1.36582457E-04
   88.9461823         1.34529633E-04
   89.0729752         1.32616973E-04
   89.1997681         1.30860702E-04
   89.3265610         1.29276799E-04
   89.4533539         1.27880601E-04
   89.5801468         1.26686515E-04
   89.7069397         1.25707506E-04
   89.8337326         1.24954662E-04
   89.9605255         1.24436832E-04
   90.0873184         1.24159982E-04
   90.2141113         1.24126993E-04
   90.3409042         1.24337064E-04
   90.4676971         1.24785540E-04
   90.5944901         1.25463615E-04
   90.7212830         1.26358238E-04
   90.8480759         1.27451989E-04
   90.9748688         1.28723274E-04
   91.1016617         1.30146422E-04
   91.2284546         1.31692068E-04
   91.3552475         1.33327558E-04
   91.4820404         1.35017457E-04
   91.6088333         1.36724208E-04
   91.7356262         1.38408825E-04
   91.8624191         1.40031625E-04
   91.9892120         1.41553101E-04
   92.1159973         1.42934688E-04
   92.2427902         1.44139558E-04
   92.3695831         1.45133454E-04
   92.4963760         1.45885424E-04
   92.6231689         1.46368475E-04
   92.7499619         1.46560153E-04
   92.8767548         1.46442981E-04
   93.0035477         1.46004881E-04
   93.1303406         1.45239319E-04
   93.2571335         1.44145451E-04
   93.3839264         1.42728051E-04
   93.5107193         1.40997305E-04
   93.6375122         1.38968549E-04
   93.7643051         1.36661823E-04
   93.8910980         1.34101356E-04
   94.0178909         1.31314941E-04
   94.1446838         1.28333239E-04
   94.2714767         1.25189079E-04
   94.3982697         1.21916688E-04
   94.5250626         1.18550888E-04
   94.6518555         1.15126342E-04
   94.7786484         1.11676803E-04
   94.9054413         1.08234439E-04
   95.0322342         1.04829138E-04
   95.1590271         1.01487982E-04
   95.2858200         9.82347119E-05
   95.4126129         9.50893373E-05
   95.5394058         9.20677630E-05
   95.6661987         8.91815944E-05
   95.7929916         8.64379763E-05
   95.9197769         8.38395135E-05
   96.0465698         8.13843217E-05
   96.1733627         7.90660852E-05
   96.3001556         7.68742611E-05
   96.4269485         7.47942904E-05
   96.5537415         7.28079322E-05
   96.6805344         7.08935549E-05
   96.8073273         6.90265733E-05
   96.9341202         6.71798480E-05
   97.0609131         6.53241441E-05
   97.1877060         6.34286698E-05
   97.3144989         6.14615419E-05
   97.4412918         5.93903751E-05
   97.5680847         5.71827950E-05
   97.6948776         5.48070493E-05
   97.8216705         5.22325754E-05
   97.9484634         4.94306150E-05
   98.0752563         4.63748038E-05
   98.2020493         4.30417604E-05
   98.3288422         3.94116942E-05
   98.4556351         3.54689437E-05
   98.5824280         3.12025331E-05
   98.7092209         2.66066490E-05
   98.8360138         2.16810840E-05
   98.9628067         1.64315970E-05
   99.0895996         1.08701988E-05
   99.2163925         5.01534078E-06
   99.3431854        -1.10801000E-06
   99.4699783        -7.46840942E-06
   99.5967712        -1.40281127E-05
   99.7235565        -2.07433895E-05
   99.8503494        -2.75649691E-05
   99.9771423        -3.44386390E-05
   100.103935        -4.13059752E-05
   100.230728        -4.81052048E-05
   100.357521        -5.47721756E-05
   100.484314        -6.12414224E-05
   100.611107        -6.74473413E-05
   100.737900        -7.33253546E-05
   100.864693        -7.88131510E-05
   100.991486        -8.38519409E-05
   101.118279        -8.83875837E-05
   101.245071        -9.23717744E-05
   101.371864        -9.57630255E-05
   101.498657        -9.85276129E-05
   101.625450        -1.00640296E-04
   101.752243        -1.02084930E-04
   101.879036        -1.02854829E-04
   102.005829        -1.02952959E-04
   102.132622        -1.02391925E-04
   102.259415        -1.01193677E-04
   102.386208        -9.93891081E-05
   102.513000        -9.70173860E-05
   102.639793        -9.41251055E-05
   102.766586        -9.07652939E-05
   102.893379        -8.69963260E-05
   103.020172        -8.28806733E-05
   103.146965        -7.84836157E-05
   103.273758        -7.38719464E-05
   103.400551        -6.91126406E-05
   103.527336        -6.42716186E-05
   103.654129        -5.94125268E-05
   103.780922        -5.45956791E-05
   103.907715        -4.98771042E-05
   104.034508        -4.53077664E-05
   104.161301        -4.09329259E-05
   104.288094        -3.67917237E-05
   104.414886        -3.29169125E-05
   104.541679        -2.93347712E-05
   104.668472        -2.60652050E-05
   104.795265        -2.31219728E-05
   104.922058        -2.05130636E-05
   105.048851        -1.82411695E-05
   105.175644        -1.63042478E-05
   105.302437        -1.46961365E-05
   105.429230        -1.34071779E-05
   105.556023        -1.24248691E-05
   105.682816        -1.17344525E-05
   105.809608        -1.13194674E-05
   105.936401        -1.11622394E-05
   106.063194        -1.12442749E-05
   106.189987        -1.15465700E-05
   106.316780        -1.20498244E-05
   106.443573        -1.27345847E-05
   106.570366        -1.35812916E-05
   106.697159        -1.45702797E-05
   106.823952        -1.56817259E-05
   106.950745        -1.68955830E-05
   107.077538        -1.81915002E-05
   107.204330        -1.95487828E-05
   107.331116        -2.09463778E-05
   107.457909        -2.23629158E-05
   107.584702        -2.37768454E-05
   107.711494        -2.51666352E-05
   107.838287        -2.65110648E-05
   107.965080        -2.77896052E-05
   108.091873        -2.89828513E-05
   108.218666        -3.00730535E-05
   108.345459        -3.10446339E-05
   108.472252        -3.18847742E-05
   108.599045        -3.25839173E-05
   108.725838        -3.31362717E-05
   108.852631        -3.35402110E-05
   108.979424        -3.37985730E-05
   109.106216        -3.39187900E-05
   109.233009        -3.39128928E-05
   109.359802        -3.37973070E-05
   109.486595        -3.35924778E-05
   109.613388        -3.33222888E-05
   109.740181        -3.30132971E-05
   109.866974        -3.26938243E-05
   109.993767        -3.23928725E-05
   110.120560        -3.21389489E-05
   110.247353        -3.19588326E-05
   110.374146        -3.18762832E-05
   110.500938        -3.19108149E-05
   110.627731        -3.20765175E-05
   110.754524        -3.23810309E-05
   110.881317        -3.28246424E-05
   111.008102        -3.33996650E-05
   111.134895        -3.40899933E-05
   111.261688        -3.48709909E-05
   111.388481        -3.57096251E-05
   111.515274        -3.65649248E-05
   111.642067        -3.73887233E-05
   111.768860        -3.81266800E-05
   111.895653        -3.87195287E-05
   112.022446        -3.91045760E-05
   112.149239        -3.92173642E-05
   112.276031        -3.89934467E-05
   112.402824        -3.83702245E-05
   112.529617        -3.72888280E-05
   112.656410        -3.56959245E-05
   112.783203        -3.35454060E-05
   112.909996        -3.07999690E-05
   113.036789        -2.74324557E-05
   113.163582        -2.34269519E-05
   113.290375        -1.87796231E-05
   113.417168        -1.34992424E-05
   113.543961        -7.60741705E-06
   113.670753        -1.13849285E-06
   113.797546         5.86084343E-06
   113.924339         1.33322565E-05
   114.051132         2.12067171E-05
   114.177925         2.94056954E-05
   114.304718         3.78425611E-05
   114.431511         4.64241348E-05
   114.558304         5.50523400E-05
   114.685097         6.36259720E-05
   114.811882         7.20424287E-05
   114.938675         8.01994975E-05
   115.065468         8.79970394E-05
   115.192261         9.53386043E-05
   115.319054         1.02132930E-04
   115.445847         1.08295288E-04
   115.572639         1.13748720E-04
   115.699432         1.18425014E-04
   115.826225         1.22265585E-04
   115.953018         1.25222185E-04
   116.079811         1.27257314E-04
   116.206604         1.28344545E-04
   116.333397         1.28468790E-04
   116.460190         1.27626103E-04
   116.586983         1.25823746E-04
   116.713776         1.23079735E-04
   116.840569         1.19422562E-04
   116.967361         1.14890652E-04
   117.094154         1.09531800E-04
   117.220947         1.03402475E-04
   117.347740         9.65671425E-05
   117.474533         8.90974115E-05
   117.601326         8.10712299E-05
   117.728119         7.25719947E-05
   117.854912         6.36876357E-05
   117.981705         5.45096409E-05
   118.108498         4.51321212E-05
   118.235291         3.56507990E-05
   118.362083         2.61620171E-05
   118.488876         1.67617400E-05
   118.615662         7.54455414E-06
   118.742455        -1.39732163E-06
   118.869247        -9.97499410E-06
   118.996040        -1.81038540E-05
   119.122833        -2.57044630E-05
   119.249626        -3.27034286E-05
   119.376419        -3.90341957E-05
   119.503212        -4.46377962E-05
   119.630005        -4.94635206E-05
   119.756798        -5.34694918E-05
   119.883591        -5.66231938E-05
   120.010384        -5.89018491E-05
   120.137177        -6.02927394E-05
   120.263969        -6.07934089E-05
   120.390762        -6.04117340E-05
   120.517555        -5.91659045E-05
   120.644348        -5.70842494E-05
   120.771141        -5.42049820E-05
   120.897934        -5.05757525E-05
   121.024727        -4.62531425E-05
   121.151520        -4.13019807E-05
   121.278313        -3.57945610E-05
   121.405106        -2.98097111E-05
   121.531898        -2.34317868E-05
   121.658691        -1.67495200E-05
   121.785484        -9.85481438E-06
   121.912277        -2.84142357E-06
   122.039070         4.19639309E-06
   122.165863         1.11652789E-05
   122.292656         1.79741874E-05
   122.419441         2.45357860E-05
   122.546234         3.07678165E-05
   122.673027         3.65943924E-05
   122.799820         4.19471762E-05
   122.926613         4.67664540E-05
   123.053406         5.10020327E-05
   123.180199         5.46139599E-05
   123.306992         5.75730519E-05
   123.433784         5.98611659E-05
   123.560577         6.14712626E-05
   123.687370         6.24072345E-05
   123.814163         6.26834735E-05
   123.940956         6.23242304E-05
   124.067749         6.13627199E-05
   124.194542         5.98401057E-05
   124.321335         5.78042709E-05
   124.448128         5.53084865E-05
   124.574921         5.24099814E-05
   124.701714         4.91685241E-05
   124.828506         4.56449488E-05
   124.955299         4.18998134E-05
   125.082092         3.79920966E-05
   125.208885         3.39780563E-05
   125.335678         2.99102776E-05
   125.462471         2.58369000E-05
   125.589264         2.18010646E-05
   125.716057         1.78405917E-05
   125.842850         1.39878757E-05
   125.969643         1.02700005E-05
   126.096436         6.70904092E-06
   126.223221         3.32253740E-06
   126.350014         1.24093290E-07
   126.476807        -2.87593480E-06
   126.603600        -5.66969493E-06
   126.730392        -8.25110328E-06
   126.857185        -1.06151401E-05
   126.983978        -1.27572366E-05
   127.110771        -1.46727598E-05
   127.237564        -1.63566638E-05
   127.364357        -1.78032824E-05
   127.491150        -1.90062983E-05
   127.617943        -1.99588922E-05
   127.744736        -2.06540371E-05
   127.871529        -2.10849448E-05
   127.998322        -2.12456380E-05
   128.125107        -2.11315783E-05
   128.251907        -2.07403627E-05
   128.378693        -2.00724335E-05
   128.505493        -1.91317140E-05
   128.632278        -1.79262206E-05
   128.759079        -1.64685171E-05
   128.885864        -1.47760484E-05
   129.012665        -1.28712936E-05
   129.139450        -1.07817323E-05
   129.266251        -8.53960955E-06
   129.393036        -6.18149761E-06
   129.519836        -3.74767160E-06
   129.646622        -1.28130216E-06
   129.773422         1.17250136E-06
   129.900208         3.56776127E-06
   130.027008         5.85878888E-06
   130.153793         8.00138332E-06
   130.280594         9.95402479E-06
   130.407379         1.16790252E-05
   130.534180         1.31435936E-05
   130.660965         1.43207735E-05
   130.787766         1.51902213E-05
   130.914551         1.57388004E-05
   131.041351         1.59609681E-05
   131.168137         1.58589410E-05
   131.294937         1.54426452E-05
   131.421722         1.47294359E-05
   131.548523         1.37436227E-05
   131.675308         1.25157940E-05
   131.802109         1.10819874E-05
   131.928894         9.48271918E-06
   132.055679         7.76191609E-06
   132.182480         5.96578047E-06
   132.309265         4.14163105E-06
   132.436066         2.33674450E-06
   132.562851         5.97241410E-07
   132.689651        -1.03295474E-06
   132.816437        -2.51305732E-06
   132.943237        -3.80623965E-06
   133.070023        -4.88031446E-06
   133.196823        -5.70827297E-06
   133.323608        -6.26866449E-06
   133.450409        -6.54583073E-06
   133.577194        -6.52999961E-06
   133.703995        -6.21724485E-06
   133.830780        -5.60932858E-06
   133.957581        -4.71345447E-06
   134.084366        -3.54193321E-06
   134.211166        -2.11179031E-06
   134.337952        -4.44331590E-07
   134.464752         1.43531690E-06
   134.591537         3.49868287E-06
   134.718338         5.71442251E-06
   134.845123         8.04879255E-06
   134.971924         1.04661049E-05
   135.098709         1.29291839E-05
   135.225510         1.53997917E-05
   135.352295         1.78390674E-05
   135.479095         2.02079518E-05
   135.605881         2.24676278E-05
   135.732666         2.45799547E-05
   135.859467         2.65079307E-05
   135.986252         2.82161800E-05
   136.113052         2.96714388E-05
   136.239838         3.08430790E-05
   136.366638         3.17036429E-05
   136.493423         3.22293781E-05
   136.620224         3.24007779E-05
   136.747009         3.22030864E-05
   136.873810         3.16268088E-05
   137.000595         3.06681250E-05
   137.127396         2.93292633E-05
   137.254181         2.76187766E-05
   137.380981         2.55517261E-05
   137.507767         2.31497306E-05
   137.634567         2.04408916E-05
   137.761353         1.74595771E-05
   137.888153         1.42460549E-05
   138.014938         1.08459790E-05
   138.141739         7.30973443E-06
   138.268524         3.69164059E-06
   138.395325         4.90393361E-08
   138.522110        -3.55873158E-06
   138.648911        -7.07143408E-06
   138.775696        -1.04290912E-05
   138.902496        -1.35731716E-05
   139.029282        -1.64477715E-05
   139.156082        -1.90007813E-05
   139.282867        -2.11849601E-05
   139.409653        -2.29589641E-05
   139.536453        -2.42882215E-05
   139.663239        -2.51456931E-05
   139.790039        -2.55124742E-05
   139.916824        -2.53782273E-05
   140.043625        -2.47414355E-05
   140.170410        -2.36094584E-05
   140.297211        -2.19984322E-05
   140.423996        -1.99329643E-05
   140.550797        -1.74456673E-05
   140.677582        -1.45765416E-05
   140.804382        -1.13722117E-05
   140.931168        -7.88504622E-06
   141.057968        -4.17216233E-06
   141.184753        -2.94375155E-07
   141.311554         3.68493806E-06
   141.438339         7.70098995E-06
   141.565140         1.16887541E-05
   141.691925         1.55841371E-05
   141.818726         1.93251108E-05
   141.945511         2.28528024E-05
   142.072311         2.61125242E-05
   142.199097         2.90547105E-05
   142.325897         3.16357618E-05
   142.452682         3.38187820E-05
   142.579483         3.55741577E-05
   142.706268         3.68800611E-05
   142.833069         3.77227443E-05
   142.959854         3.80967067E-05
   143.086655         3.80047059E-05
   143.213440         3.74576193E-05
   143.340225         3.64741063E-05
   143.467026         3.50801783E-05
   143.593811         3.33085554E-05
   143.720612         3.11979384E-05
   143.847397         2.87921412E-05
   143.974197         2.61391069E-05
   144.100983         2.32898565E-05
   144.227783         2.02973679E-05
   144.354568         1.72154105E-05
   144.481369         1.40973871E-05
   144.608154         1.09951707E-05
   144.734955         7.95802043E-06
   144.861740         5.03154070E-06
   144.988541         2.25677036E-06
   145.115326        -3.30617326E-07
   145.242126        -2.70094893E-06
   145.368912        -4.83102667E-06
   145.495712        -6.70441796E-06
   145.622498        -8.31155739E-06
   145.749298        -9.64965602E-06
   145.876083        -1.07224405E-05
   146.002884        -1.15397015E-05
   146.129669        -1.21166941E-05
   146.256470        -1.24734070E-05
   146.383255        -1.26337145E-05
   146.510056        -1.26244449E-05
   146.636841        -1.24744074E-05
   146.763641        -1.22133924E-05
   146.890427        -1.18711732E-05
   147.017212        -1.14765671E-05
   147.144012        -1.10565361E-05
   147.270798        -1.06354064E-05
   147.397598        -1.02341774E-05
   147.524384        -9.86996565E-06
   147.651184        -9.55559608E-06
   147.777969        -9.29932685E-06
   147.904770        -9.10473227E-06
   148.031555        -8.97073187E-06
   148.158356        -8.89176135E-06
   148.285141        -8.85807549E-06
   148.411942        -8.85617374E-06
   148.538727        -8.86932685E-06
   148.665527        -8.87818624E-06
   148.792313        -8.86146063E-06
   148.919113        -8.79663912E-06
   149.045898        -8.66073788E-06
   149.172699        -8.43104317E-06
   149.299484        -8.08584173E-06
   149.426285        -7.60511693E-06
   149.553070        -6.97118048E-06
   149.679871        -6.16923444E-06
   149.806656        -5.18785464E-06
   149.933456        -4.01936222E-06
   150.060242        -2.66010466E-06
   150.187042        -1.11061570E-06
   150.313828         6.24329914E-07
   150.440628         2.53576673E-06
   150.567413         4.61069567E-06
   150.694214         6.83232838E-06
   150.820999         9.18041405E-06
   150.947784         1.16316342E-05
   151.074585         1.41600467E-05
   151.201370         1.67375674E-05
   151.328171         1.93344804E-05
   151.454956         2.19199501E-05
   151.581757         2.44625335E-05
   151.708542         2.69306984E-05
   151.835342         2.92932727E-05
   151.962128         3.15199213E-05
   152.088928         3.35815457E-05
   152.215714         3.54506810E-05
   152.342514         3.71018104E-05
   152.469299         3.85117019E-05
   152.596100         3.96596588E-05
   152.722885         4.05277606E-05
   152.849686         4.11010660E-05
   152.976471         4.13677990E-05
   153.103271         4.13194866E-05
   153.230057         4.09510794E-05
   153.356857         4.02610676E-05
   153.483643         3.92515431E-05
   153.610443         3.79282574E-05
   153.737228         3.63006220E-05
   153.864029         3.43817119E-05
   153.990814         3.21882035E-05
   154.117615         2.97402785E-05
   154.244400         2.70614892E-05
   154.371201         2.41785492E-05
   154.497986         2.11210991E-05
   154.624771         1.79213821E-05
   154.751572         1.46138836E-05
   154.878357         1.12349026E-05
   155.005157         7.82207462E-06
   155.131943         4.41383872E-06
   155.258743         1.04886942E-06
   155.385529        -2.23452207E-06
   155.512329        -5.39901612E-06
   155.639114        -8.40890971E-06
   155.765915        -1.12307507E-05
   155.892700        -1.38339410E-05
   156.019501        -1.61913031E-05
   156.146286        -1.82796120E-05
   156.273087        -2.00800278E-05
   156.399872        -2.15784676E-05
   156.526672        -2.27658802E-05
   156.653458        -2.36383912E-05
   156.780258        -2.41973557E-05
   156.907043        -2.44492603E-05
   157.033844        -2.44055227E-05
   157.160629        -2.40821500E-05
   157.287430        -2.34992840E-05
   157.414215        -2.26806515E-05
   157.541016        -2.16529188E-05
   157.667801        -2.04449607E-05
   157.794601        -1.90871106E-05
   157.921387        -1.76103495E-05
   158.048187        -1.60455165E-05
   158.174973        -1.44225460E-05
   158.301773        -1.27697476E-05
   158.428558        -1.11131576E-05
   158.555344        -9.47600165E-06
   158.682144        -7.87825320E-06
   158.808929        -6.33633044E-06
   158.935730        -4.86291992E-06
   159.062515        -3.46693241E-06
   159.189316        -2.15359682E-06
   159.316101        -9.24671383E-07
   159.442902         2.21233776E-07
   159.569687         1.28824774E-06
   159.696487         2.28276008E-06
   159.823273         3.21290440E-06
   159.950073         4.08801952E-06
   160.076859         4.91812534E-06
   160.203659         5.71342480E-06
