  -4.50000000         0.00000000    
  -4.37320757         0.00000000    
  -4.24641466         0.00000000    
  -4.11962223         0.00000000    
  -3.99282932         0.00000000    
  -3.86603665         0.00000000    
  -3.73924398         0.00000000    
  -3.61245155        -3.95783823E-31
  -3.48565888         2.09148774E-31
  -3.35886621        -1.00615818E-30
  -3.23207355        -1.08529968E-28
  -3.10528088        -9.83260422E-28
  -2.97848821        -5.19168968E-27
  -2.85169554        -1.95322099E-26
  -2.72490287        -5.53062800E-26
  -2.59811020        -1.16216455E-25
  -2.47131753        -1.55078270E-25
  -2.34452486         1.52552680E-26
  -2.21773219         8.30196921E-25
  -2.09093952         2.98077877E-24
  -1.96414697         7.09006094E-24
  -1.83735430         1.28341556E-23
  -1.71056163         1.76142842E-23
  -1.58376896         1.56809029E-23
  -1.45697629        -3.53688622E-25
  -1.33018374        -3.32646330E-23
  -1.20339108        -6.95187775E-23
  -1.07659841        -6.63469697E-23
 -0.949805737         5.05423845E-23
 -0.823013067         3.60271690E-22
 -0.696220458         8.75131239E-22
 -0.569427788         1.42761943E-21
 -0.442635119         1.55989239E-21
 -0.315842479         5.09242152E-22
 -0.189049825        -2.58560786E-21
  -6.22571707E-02    -8.16179837E-21
   6.45354837E-02    -1.54227001E-20
  0.191328138        -2.14914189E-20
  0.318120778        -2.10297132E-20
  0.444913447        -6.97502603E-21
  0.571706116         2.70719154E-20
  0.698498726         8.27936772E-20
  0.825291395         1.52319494E-19
  0.952084064         2.14527573E-19
   1.07887673         2.35128054E-19
   1.20566940         1.73000728E-19
   1.33246195        -6.22747084E-21
   1.45925462        -3.11202976E-19
   1.58604729        -7.05822463E-19
   1.71283996        -1.09844178E-18
   1.83963263        -1.34824526E-18
   1.96642530        -1.29467859E-18
   2.09321785        -8.08775999E-19
   2.22001052         1.44596625E-19
   2.34680319         1.45392947E-18
   2.47359586         2.84260493E-18
   2.60038853         3.90534921E-18
   2.72718120         4.20504833E-18
   2.85397387         3.41176227E-18
   2.98076653         1.44063233E-18
   3.10755920        -1.47051547E-18
   3.23435187        -4.79879278E-18
   3.36114454        -7.91288088E-18
   3.48793697        -1.03572261E-17
   3.61472964        -1.21473466E-17
   3.74152231        -1.39298671E-17
   3.86831498        -1.68546007E-17
   3.99510765        -2.20647368E-17
   4.12190056        -2.98383039E-17
   4.24869299        -3.85853418E-17
   4.37548542        -4.40693078E-17
   4.50227833        -3.93096146E-17
   4.62907076        -1.55699727E-17
   4.75586367         3.53912269E-17
   4.88265610         1.18019787E-16
   5.00944901         2.29291025E-16
   5.13624144         3.55747909E-16
   5.26303434         4.72532100E-16
   5.38982677         5.45534428E-16
   5.51661968         5.37228529E-16
   5.64341211         4.15839496E-16
   5.77020502         1.66420322E-16
   5.89699745        -1.98569749E-16
   6.02379036        -6.32152018E-16
   6.15058279        -1.05205388E-15
   6.27737522        -1.34827888E-15
   6.40416813        -1.39947821E-15
   6.53096056        -1.09661682E-15
   6.65775347        -3.70475032E-16
   6.78454590         7.81953130E-16
   6.91133881         2.27774148E-15
   7.03813124         3.94013596E-15
   7.16492414         5.50615758E-15
   7.29171658         6.65113309E-15
   7.41850948         7.02892038E-15
   7.54530191         6.32402506E-15
   7.67209482         4.30965493E-15
   7.79888725         9.04349973E-16
   7.92567968        -3.78078916E-15
   8.05247211        -9.41203275E-15
   8.17926502        -1.54269704E-14
   8.30605793        -2.10577202E-14
   8.43285084        -2.53864499E-14
   8.55964279        -2.74333304E-14
   8.68643570        -2.62735407E-14
   8.81322861        -2.11756831E-14
   8.94002151        -1.17496133E-14
   9.06681347         1.91274990E-15
   9.19360638         1.91234374E-14
   9.32039928         3.85330805E-14
   9.44719219         5.81354219E-14
   9.57398415         7.53595320E-14
   9.70077705         8.72609548E-14
   9.82756996         9.08131602E-14
   9.95436192         8.32881805E-14
   10.0811548         6.27014513E-14
   10.2079477         2.82812290E-14
   10.3347406        -1.90902066E-14
   10.4615326        -7.65260115E-14
   10.5883255        -1.38942460E-13
   10.7151184        -1.99090283E-13
   10.8419113        -2.47864338E-13
   10.9687033        -2.74927135E-13
   11.0954962        -2.69653467E-13
   11.2222891        -2.22367751E-13
   11.3490820        -1.25805399E-13
   11.4758739         2.33110887E-14
   11.6026669         2.22728615E-13
   11.7294598         4.63328811E-13
   11.8562517         7.28195336E-13
   11.9830446         9.92278200E-13
   12.1098375         1.22282870E-12
   12.2366304         1.38074567E-12
   12.3634224         1.42291181E-12
   12.4902153         1.30552839E-12
   12.6170082         9.88363037E-13
   12.7438011         4.39731720E-13
   12.8705931        -3.58078801E-13
   12.9973860        -1.40332732E-12
   13.1241789        -2.66975981E-12
   13.2509708        -4.10251867E-12
   13.3777637        -5.61560867E-12
   13.5045567        -7.09150056E-12
   13.6313496        -8.38339814E-12
   13.7581415        -9.32059117E-12
   13.8849344        -9.71712034E-12
   14.0117273        -9.38379322E-12
   14.1385202        -8.14324823E-12
   14.2653122        -5.84749350E-12
   14.3921051        -2.39699601E-12
   14.5188980         2.23995193E-12
   14.6456909         8.00910987E-12
   14.7724829         1.47551641E-11
   14.8992758         2.22114497E-11
   15.0260687         2.99963318E-11
   15.1528606         3.76178672E-11
   15.2796535         4.44879272E-11
   15.4064465         4.99465677E-11
   15.5332394         5.32964783E-11
   15.6600313         5.38468228E-11
   15.7868242         5.09645520E-11
   15.9136171         4.41307373E-11
   16.0404091         3.29982881E-11
   16.1672020         1.74470854E-11
   16.2939949        -2.36813672E-12
   16.4207878        -2.59816977E-11
   16.5475807        -5.25971940E-11
   16.6743736        -8.10878448E-11
   16.8011646        -1.10019785E-10
   16.9279575        -1.37699879E-10
   17.0547504        -1.62247979E-10
   17.1815434        -1.81691870E-10
   17.3083363        -1.94081182E-10
   17.4351292        -1.97614952E-10
   17.5619221        -1.90775770E-10
   17.6887150        -1.72462308E-10
   17.8155060        -1.42111142E-10
   17.9422989        -9.97986763E-11
   18.0690918        -4.63140463E-11
   18.1958847         1.68048787E-11
   18.3226776         8.72787120E-11
   18.4494705         1.62141189E-10
   18.5762634         2.37842523E-10
   18.7030544         3.10399900E-10
   18.8298473         3.75589920E-10
   18.9566402         4.29175223E-10
   19.0834332         4.67153372E-10
   19.2102261         4.86015117E-10
   19.3370190         4.82995421E-10
   19.4638119         4.56302468E-10
   19.5906048         4.05305733E-10
   19.7173958         3.30670658E-10
   19.8441887         2.34425229E-10
   19.9709816         1.19949398E-10
   20.0977745        -8.11802795E-12
   20.2245674        -1.44055254E-10
   20.3513603        -2.81312196E-10
   20.4781532        -4.12833573E-10
   20.6049442        -5.31435784E-10
   20.7317371        -6.30217711E-10
   20.8585300        -7.02983172E-10
   20.9853230        -7.44649398E-10
   21.1121159        -7.51614659E-10
   21.2389088        -7.22060189E-10
   21.3657017        -6.56163235E-10
   21.4924946        -5.56200141E-10
   21.6192856        -4.26527147E-10
   21.7460785        -2.73430889E-10
   21.8728714        -1.04850219E-10
   21.9996643         7.00234593E-11
   22.1264572         2.41247800E-10
   22.2532501         3.98708816E-10
   22.3800430         5.32745292E-10
   22.5068340         6.34780672E-10
   22.6336269         6.97922053E-10
   22.7604198         7.17484572E-10
   22.8872128         6.91401880E-10
   23.0140057         6.20487495E-10
   23.1407986         5.08521780E-10
   23.2675915         3.62145203E-10
   23.3943844         1.90552102E-10
   23.5211754         4.99453300E-12
   23.6479683        -1.81885604E-10
   23.7747612        -3.56859098E-10
   23.9015541        -5.07002273E-10
   24.0283470        -6.20623497E-10
   24.1551399        -6.88160418E-10
   24.2819328        -7.02983727E-10
   24.4087238        -6.62041200E-10
   24.5355167        -5.66285685E-10
   24.6623096        -4.20836505E-10
   24.7891026        -2.34847947E-10
   24.9158955        -2.10624469E-11
   25.0426884         2.04943409E-10
   25.1694813         4.25784991E-10
   25.2962742         6.23526231E-10
   25.4230652         7.81085141E-10
   25.5498581         8.83708717E-10
   25.6766510         9.20406695E-10
   25.8034439         8.85238938E-10
   25.9302368         7.78348108E-10
   26.0570297         6.06628525E-10
   26.1838226         3.83950788E-10
   26.3106136         1.30875338E-10
   26.4374065        -1.26183869E-10
   26.5641994        -3.56345009E-10
   26.6909924        -5.26158228E-10
   26.8177853        -6.01959094E-10
   26.9445782        -5.52540791E-10
   27.0713711        -3.52019025E-10
   27.1981640         1.72854456E-11
   27.3249550         5.62136171E-10
   27.4517479         1.27606858E-09
   27.5785408         2.13764961E-09
   27.7053337         3.10951043E-09
   27.8321266         4.13829770E-09
   27.9589195         5.15568832E-09
   28.0857124         6.08052186E-09
   28.2125034         6.82204693E-09
   28.3392963         7.28424521E-09
   28.4660892         7.37108730E-09
   28.5928822         6.99252123E-09
   28.7196751         6.07092954E-09
   28.8464680         4.54772797E-09
   28.9732609         2.38974041E-09
   29.1000538        -4.05037087E-10
   29.2268448        -3.80270304E-09
   29.3536377        -7.73013475E-09
   29.4804306        -1.20734205E-08
   29.6072235        -1.66782730E-08
   29.7340164        -2.13527844E-08
   29.8608093        -2.58724402E-08
   29.9876022        -2.99874650E-08
   30.1143932        -3.34323609E-08
   30.2411861        -3.59372976E-08
   30.3679790        -3.72410440E-08
   30.4947720        -3.71048436E-08
   30.6215649        -3.53266891E-08
   30.7483578        -3.17552775E-08
   30.8751507        -2.63029314E-08
   31.0019417        -1.89567917E-08
   31.1287346        -9.78753967E-09
   31.2555275         1.04493703E-09
   31.3823204         1.32895117E-08
   31.5091133         2.66057629E-08
   31.6359062         4.05701748E-08
   31.7626991         5.46865309E-08
   31.8894920         6.84005173E-08
   32.0162849         8.11179888E-08
   32.1430779         9.22264860E-08
   32.2698708         1.01119177E-07
   32.3966637         1.07220380E-07
   32.5234528         1.10011598E-07
   32.6502457         1.09057034E-07
   32.7770386         1.04027372E-07
   32.9038315         9.47207965E-08
   33.0306244         8.10801382E-08
   33.1574173         6.32052846E-08
   33.2842102         4.13599643E-08
   33.4110031         1.59725388E-08
   33.5377960        -1.23696511E-08
   33.6645889        -4.29324061E-08
   33.7913818        -7.48529700E-08
   33.9181747        -1.07164148E-07
   34.0449677        -1.38823339E-07
   34.1717606        -1.68745629E-07
   34.2985535        -1.95839689E-07
   34.4253426        -2.19045234E-07
   34.5521355        -2.37370443E-07
   34.6789284        -2.49928348E-07
   34.8057213        -2.55970122E-07
   34.9325142        -2.54914653E-07
   35.0593071        -2.46372764E-07
   35.1861000        -2.30165355E-07
   35.3128929        -2.06334875E-07
   35.4396858        -1.75149211E-07
   35.5664787        -1.37098624E-07
   35.6932716        -9.28852728E-08
   35.8200645        -4.34061356E-08
   35.9468575         1.02701936E-08
   36.0736504         6.69316407E-08
   36.2004433         1.25254871E-07
   36.3272324         1.83840186E-07
   36.4540253         2.41247989E-07
   36.5808182         2.96035296E-07
   36.7076111         3.46791637E-07
   36.8344040         3.92172439E-07
   36.9611969         4.30929816E-07
   37.0879898         4.61939749E-07
   37.2147827         4.84224756E-07
   37.3415756         4.96972518E-07
   37.4683685         4.99549969E-07
   37.5951614         4.91513163E-07
   37.7219543         4.72612925E-07
   37.8487473         4.42797642E-07
   37.9755402         4.02212578E-07
   38.1023293         3.51197230E-07
   38.2291222         2.90280667E-07
   38.3559151         2.20175863E-07
   38.4827080         1.41772830E-07
   38.6095009         5.61315296E-08
   38.7362938        -3.55261633E-08
   38.8630867        -1.31824947E-07
   38.9898796        -2.31245636E-07
   39.1166725        -3.32135954E-07
   39.2434654        -4.32723454E-07
   39.3702583        -5.31130524E-07
   39.4970512        -6.25393170E-07
   39.6238441        -7.13482734E-07
   39.7506371        -7.93332106E-07
   39.8774300        -8.62866102E-07
   40.0042191        -9.20035916E-07
   40.1310120        -9.62858394E-07
   40.2578049        -9.89457249E-07
   40.3845978        -9.98108021E-07
   40.5113907        -9.87283670E-07
   40.6381836        -9.55699420E-07
   40.7649765        -9.02355794E-07
   40.8917694        -8.26578173E-07
   41.0185623        -7.28048803E-07
   41.1453552        -6.06832145E-07
   41.2721481        -4.63389199E-07
   41.3989410        -2.98581114E-07
   41.5257339        -1.13659461E-07
   41.6525269         8.97562913E-08
   41.7793198         3.09715773E-07
   41.9061089         5.43987426E-07
   42.0329018         7.90120680E-07
   42.1596947         1.04551918E-06
   42.2864876         1.30752176E-06
   42.4132805         1.57348939E-06
   42.5400734         1.84089515E-06
   42.6668663         2.10741268E-06
   42.7936592         2.37099925E-06
   42.9204521         2.62997196E-06
   43.0472450         2.88307092E-06
   43.1740379         3.12950806E-06
   43.3008308         3.36899757E-06
   43.4276237         3.60176796E-06
   43.5544167         3.82855160E-06
   43.6812096         4.05055425E-06
   43.8079987         4.26940414E-06
   43.9347916         4.48708033E-06
   44.0615845         4.70582336E-06
   44.1883774         4.92803474E-06
   44.3151703         5.15616239E-06
   44.4419632         5.39258235E-06
   44.5687561         5.63947879E-06
   44.6955490         5.89872434E-06
   44.8223419         6.17177238E-06
   44.9491348         6.45956015E-06
   45.0759277         6.76242917E-06
   45.2027206         7.08006382E-06
   45.3295135         7.41145914E-06
   45.4563065         7.75490480E-06
   45.5830994         8.10800702E-06
   45.7098885         8.46772218E-06
   45.8366814         8.83043049E-06
   45.9634743         9.19202012E-06
   46.0902672         9.54800180E-06
   46.2170601         9.89362707E-06
   46.3438530         1.02240347E-05
   46.4706459         1.05343879E-05
   46.5974388         1.08200220E-05
   46.7242317         1.10765832E-05
   46.8510246         1.13001670E-05
   46.9778175         1.14874329E-05
   47.1046104         1.16357051E-05
   47.2314034         1.17430563E-05
   47.3581963         1.18083626E-05
   47.4849892         1.18313383E-05
   47.6117783         1.18125372E-05
   47.7385712         1.17533364E-05
   47.8653641         1.16558940E-05
   47.9921570         1.15230832E-05
   48.1189499         1.13584083E-05
   48.2457428         1.11659147E-05
   48.3725357         1.09500670E-05
   48.4993286         1.07156511E-05
   48.6261215         1.04676510E-05
   48.7529144         1.02111262E-05
   48.8797073         9.95110804E-06
   49.0065002         9.69249959E-06
   49.1332932         9.43998566E-06
   49.2600861         9.19795366E-06
   49.3868790         8.97043901E-06
   49.5136681         8.76106060E-06
   49.6404610         8.57301075E-06
   49.7672539         8.40902612E-06
   49.8940468         8.27138956E-06
   50.0208397         8.16192733E-06
   50.1476326         8.08202549E-06
   50.2744255         8.03265993E-06
   50.4012184         8.01440547E-06
   50.5280113         8.02747127E-06
   50.6548042         8.07171909E-06
   50.7815971         8.14667237E-06
   50.9083900         8.25154711E-06
   51.0351830         8.38524193E-06
   51.1619759         8.54635164E-06
   51.2887688         8.73315184E-06
   51.4155579         8.94359800E-06
   51.5423508         9.17530633E-06
   51.6691437         9.42555016E-06
   51.7959366         9.69123903E-06
   51.9227295         9.96891595E-06
   52.0495224         1.02547492E-05
   52.1763153         1.05445497E-05
   52.3031082         1.08337908E-05
   52.4299011         1.11176259E-05
   52.5566940         1.13909582E-05
   52.6834869         1.16484898E-05
   52.8102798         1.18848129E-05
   52.9370728         1.20944987E-05
   53.0638657         1.22722076E-05
   53.1906586         1.24128237E-05
   53.3174477         1.25115639E-05
   53.4442406         1.25641336E-05
   53.5710335         1.25668421E-05
   53.6978264         1.25167535E-05
   53.8246193         1.24117914E-05
   53.9514122         1.22508582E-05
   54.0782051         1.20339191E-05
   54.2049980         1.17620702E-05
   54.3317909         1.14375744E-05
   54.4585838         1.10638903E-05
   54.5853767         1.06456355E-05
   54.7121696         1.01885498E-05
   54.8389626         9.69941448E-06
   54.9657555         9.18593560E-06
   55.0925484         8.65662514E-06
   55.2193375         8.12062626E-06
   55.3461304         7.58754413E-06
   55.4729233         7.06725132E-06
   55.5997162         6.56967904E-06
   55.7265091         6.10461393E-06
   55.8533020         5.68149790E-06
   55.9800949         5.30921761E-06
   56.1068878         4.99593125E-06
   56.2336807         4.74888793E-06
   56.3604736         4.57429542E-06
   56.4872665         4.47718230E-06
   56.6140594         4.46130844E-06
   56.7408524         4.52910081E-06
   56.8676453         4.68160943E-06
   56.9944382         4.91849732E-06
   57.1212273         5.23806148E-06
   57.2480202         5.63727008E-06
   57.3748131         6.11182486E-06
   57.5016060         6.65625430E-06
   57.6283989         7.26400731E-06
   57.7551918         7.92757692E-06
   57.8819847         8.63861533E-06
   58.0087776         9.38807352E-06
   58.1355705         1.01663418E-05
   58.2623634         1.09633856E-05
   58.3891563         1.17688842E-05
   58.5159492         1.25723691E-05
   58.6427422         1.33633685E-05
   58.7695351         1.41315350E-05
   58.8963280         1.48667614E-05
   59.0231171         1.55593279E-05
   59.1499100         1.61999906E-05
   59.2767029         1.67801354E-05
   59.4034958         1.72918408E-05
   59.5302887         1.77280126E-05
   59.6570816         1.80824773E-05
   59.7838745         1.83500670E-05
   59.9106674         1.85267036E-05
   60.0374603         1.86094767E-05
   60.1642532         1.85966983E-05
   60.2910461         1.84879591E-05
   60.4178391         1.82841541E-05
   60.5446320         1.79875151E-05
   60.6714249         1.76015528E-05
   60.7982178         1.71311058E-05
   60.9250069         1.65822275E-05
   61.0517998         1.59621250E-05
   61.1785927         1.52790690E-05
   61.3053856         1.45422673E-05
   61.4321785         1.37617053E-05
   61.5589714         1.29479931E-05
   61.6857643         1.21121884E-05
   61.8125572         1.12655971E-05
   61.9393501         1.04195742E-05
   62.0661430         9.58531655E-06
   62.1929359         8.77368439E-06
   62.3197289         7.99499867E-06
   62.4465218         7.25886321E-06
   62.5733147         6.57400960E-06
   62.7001076         5.94817948E-06
   62.8268967         5.38799213E-06
   62.9536896         4.89887998E-06
   63.0804825         4.48503215E-06
   63.2072754         4.14937676E-06
   63.3340683         3.89358956E-06
   63.4608612         3.71813712E-06
   63.5876541         3.62233959E-06
   63.7144470         3.60447075E-06
   63.8412399         3.66183735E-06
   63.9680328         3.79093945E-06
   64.0948257         3.98756265E-06
   64.2216187         4.24694963E-06
   64.3484116         4.56390717E-06
   64.4752045         4.93295875E-06
   64.6019974         5.34845185E-06
   64.7287903         5.80465712E-06
   64.8555832         6.29586475E-06
   64.9823761         6.81646452E-06
   65.1091690         7.36098218E-06
   65.2359619         7.92411083E-06
   65.3627548         8.50074139E-06
   65.4895477         9.08595121E-06
   65.6163330         9.67499454E-06
   65.7431259         1.02632966E-05
   65.8699188         1.08464264E-05
   65.9967117         1.14200720E-05
   66.1235046         1.19800416E-05
   66.2502975         1.25222577E-05
   66.3770905         1.30427597E-05
   66.5038834         1.35377468E-05
   66.6306763         1.40036054E-05
   66.7574692         1.44369978E-05
   66.8842621         1.48349118E-05
   67.0110550         1.51947561E-05
   67.1378479         1.55144862E-05
   67.2646408         1.57926661E-05
   67.3914337         1.60285872E-05
   67.5182266         1.62223587E-05
   67.6450195         1.63749646E-05
   67.7718124         1.64883168E-05
   67.8986053         1.65652909E-05
   68.0253983         1.66096834E-05
   68.1521912         1.66261743E-05
   68.2789841         1.66202590E-05
   68.4057770         1.65980928E-05
   68.5325699         1.65663623E-05
   68.6593628         1.65320780E-05
   68.7861557         1.65023739E-05
   68.9129486         1.64842750E-05
   69.0397415         1.64844769E-05
   69.1665344         1.65091024E-05
   69.2933273         1.65634829E-05
   69.4201126         1.66519676E-05
   69.5469055         1.67777489E-05
   69.6736984         1.69427312E-05
   69.8004913         1.71474876E-05
   69.9272842         1.73911540E-05
   70.0540771         1.76715130E-05
   70.1808701         1.79850358E-05
   70.3076630         1.83270149E-05
   70.4344559         1.86917350E-05
   70.5612488         1.90726678E-05
   70.6880417         1.94627464E-05
   70.8148346         1.98546186E-05
   70.9416275         2.02409265E-05
   71.0684204         2.06145778E-05
   71.1952133         2.09690206E-05
   71.3220062         2.12984924E-05
   71.4487991         2.15982072E-05
   71.5755920         2.18645382E-05
   71.7023849         2.20950878E-05
   71.8291779         2.22887793E-05
   71.9559708         2.24458054E-05
   72.0827637         2.25675740E-05
   72.2095566         2.26565426E-05
   72.3363495         2.27160417E-05
   72.4631424         2.27500132E-05
   72.5899353         2.27627643E-05
   72.7167282         2.27586224E-05
   72.8435211         2.27416440E-05
   72.9703140         2.27153196E-05
   73.0971069         2.26822704E-05
   73.2238922         2.26440134E-05
   73.3506851         2.26007724E-05
   73.4774780         2.25513231E-05
   73.6042709         2.24929336E-05
   73.7310638         2.24213745E-05
   73.8578568         2.23309926E-05
   73.9846497         2.22148901E-05
   74.1114426         2.20651400E-05
   74.2382355         2.18731202E-05
   74.3650284         2.16298158E-05
   74.4918213         2.13262920E-05
   74.6186142         2.09540540E-05
   74.7454071         2.05055130E-05
   74.8722000         1.99744172E-05
   74.9989929         1.93562373E-05
   75.1257858         1.86485377E-05
   75.2525787         1.78512364E-05
   75.3793716         1.69668347E-05
   75.5061646         1.60005802E-05
   75.6329575         1.49604220E-05
   75.7597504         1.38570085E-05
   75.8865433         1.27035064E-05
   76.0133362         1.15153180E-05
   76.1401291         1.03097364E-05
   76.2669220         9.10548169E-06
   76.3937149         7.92223818E-06
   76.5205078         6.78011702E-06
   76.6473007         5.69904159E-06
   76.7740936         4.69818679E-06
   76.9008865         3.79538983E-06
   77.0276718         3.00663487E-06
   77.1544647         2.34551794E-06
   77.2812576         1.82281781E-06
   77.4080505         1.44616888E-06
   77.5348434         1.21979394E-06
   77.6616364         1.14436932E-06
   77.7884293         1.21695689E-06
   77.9152222         1.43114607E-06
   78.0420151         1.77721131E-06
   78.1688080         2.24243263E-06
   78.2956009         2.81149551E-06
   78.4223938         3.46704337E-06
   78.5491867         4.19020944E-06
   78.6759796         4.96127859E-06
   78.8027725         5.76033653E-06
   78.9295654         6.56798420E-06
   79.0563583         7.36602169E-06
   79.1831512         8.13802853E-06
   79.3099442         8.87002989E-06
   79.4367371         9.55095311E-06
   79.5635300         1.01730502E-05
   79.6903229         1.07321957E-05
   79.8171158         1.12280932E-05
   79.9439087         1.16642595E-05
   80.0707016         1.20479317E-05
   80.1974945         1.23898662E-05
   80.3242874         1.27039420E-05
   80.4510803         1.30066719E-05
   80.5778732         1.33166141E-05
   80.7046585         1.36536737E-05
   80.8314514         1.40383736E-05
   80.9582443         1.44910582E-05
   81.0850372         1.50311116E-05
   81.2118301         1.56761707E-05
   81.3386230         1.64414269E-05
   81.4654160         1.73389290E-05
   81.5922089         1.83770480E-05
   81.7190018         1.95600296E-05
   81.8457947         2.08876791E-05
   81.9725876         2.23552161E-05
   82.0993805         2.39532310E-05
   82.2261734         2.56678668E-05
   82.3529663         2.74810882E-05
   82.4797592         2.93711055E-05
   82.6065521         3.13129567E-05
   82.7333450         3.32791387E-05
   82.8601379         3.52403913E-05
   82.9869308         3.71664610E-05
   83.1137238         3.90269524E-05
   83.2405167         4.07921834E-05
   83.3673096         4.24339742E-05
   83.4941025         4.39264331E-05
   83.6208954         4.52466556E-05
   83.7476883         4.63753349E-05
   83.8744812         4.72972461E-05
   84.0012741         4.80016461E-05
   84.1280670         4.84825287E-05
   84.2548599         4.87387297E-05
   84.3816528         4.87739162E-05
   84.5084381         4.85964592E-05
   84.6352310         4.82191645E-05
   84.7620239         4.76588866E-05
   84.8888168         4.69360639E-05
   85.0156097         4.60741685E-05
   85.1424026         4.50990628E-05
   85.2691956         4.40383374E-05
   85.3959885         4.29206011E-05
   85.5227814         4.17747542E-05
   85.6495743         4.06293184E-05
   85.7763672         3.95117386E-05
   85.9031601         3.84477644E-05
   86.0299530         3.74608862E-05
   86.1567459         3.65718588E-05
   86.2835388         3.57982935E-05
   86.4103317         3.51543495E-05
   86.5371246         3.46505658E-05
   86.6639175         3.42937383E-05
   86.7907104         3.40869483E-05
   86.9175034         3.40296720E-05
   87.0442963         3.41179912E-05
   87.1710892         3.43448810E-05
   87.2978821         3.47005735E-05
   87.4246750         3.51729796E-05
   87.5514679         3.57481367E-05
   87.6782608         3.64107073E-05
   87.8050537         3.71444621E-05
   87.9318466         3.79327357E-05
   88.0586395         3.87588952E-05
   88.1854324         3.96067226E-05
   88.3122177         4.04607672E-05
   88.4390106         4.13066082E-05
   88.5658035         4.21310469E-05
   88.6925964         4.29222418E-05
   88.8193893         4.36697446E-05
   88.9461823         4.43644531E-05
   89.0729752         4.49985346E-05
   89.1997681         4.55652662E-05
   89.3265610         4.60588235E-05
   89.4533539         4.64740697E-05
   89.5801468         4.68063117E-05
   89.7069397         4.70510640E-05
   89.8337326         4.72038009E-05
   89.9605255         4.72598003E-05
   90.0873184         4.72139400E-05
   90.2141113         4.70606465E-05
   90.3409042         4.67938225E-05
   90.4676971         4.64068726E-05
   90.5944901         4.58927680E-05
   90.7212830         4.52442109E-05
   90.8480759         4.44537764E-05
   90.9748688         4.35141919E-05
   91.1016617         4.24185455E-05
   91.2284546         4.11606270E-05
   91.3552475         3.97351505E-05
   91.4820404         3.81380923E-05
   91.6088333         3.63669205E-05
   91.7356262         3.44208238E-05
   91.8624191         3.23009044E-05
   91.9892120         3.00102838E-05
   92.1159973         2.75541915E-05
   92.2427902         2.49399291E-05
   92.3695831         2.21768314E-05
   92.4963760         1.92761199E-05
   92.6231689         1.62506840E-05
   92.7499619         1.31148645E-05
   92.8767548         9.88412739E-06
   93.0035477         6.57476994E-06
   93.1303406         3.20356617E-06
   93.2571335        -2.12565155E-07
   93.3839264        -3.65685946E-06
   93.5107193        -7.11300027E-06
   93.6375122        -1.05653535E-05
   93.7643051        -1.39991034E-05
   93.8910980        -1.74003744E-05
   94.0178909        -2.07562734E-05
   94.1446838        -2.40548161E-05
   94.2714767        -2.72848392E-05
   94.3982697        -3.04358109E-05
   94.5250626        -3.34976176E-05
   94.6518555        -3.64602965E-05
   94.7786484        -3.93137561E-05
   94.9054413        -4.20475080E-05
   95.0322342        -4.46504018E-05
   95.1590271        -4.71104286E-05
   95.2858200        -4.94145534E-05
   95.4126129        -5.15486463E-05
   95.5394058        -5.34975043E-05
   95.6661987        -5.52449455E-05
   95.7929916        -5.67740462E-05
   95.9197769        -5.80674605E-05
   96.0465698        -5.91078206E-05
   96.1733627        -5.98782535E-05
   96.3001556        -6.03629160E-05
   96.4269485        -6.05476635E-05
   96.5537415        -6.04206252E-05
   96.6805344        -5.99729065E-05
   96.8073273        -5.91991411E-05
   96.9341202        -5.80980122E-05
   97.0609131        -5.66727540E-05
   97.1877060        -5.49314755E-05
   97.3144989        -5.28873788E-05
   97.4412918        -5.05588687E-05
   97.5680847        -4.79694318E-05
   97.6948776        -4.51474516E-05
   97.8216705        -4.21258155E-05
   97.9484634        -3.89413945E-05
   98.0752563        -3.56343917E-05
   98.2020493        -3.22475717E-05
   98.3288422        -2.88253705E-05
   98.4556351        -2.54130027E-05
   98.5824280        -2.20554575E-05
   98.7092209        -1.87965143E-05
   98.8360138        -1.56777896E-05
   98.9628067        -1.27378016E-05
   99.0895996        -1.00111238E-05
   99.2163925        -7.52763299E-06
   99.3431854        -5.31186924E-06
   99.4699783        -3.38254313E-06
   99.5967712        -1.75218713E-06
   99.7235565        -4.26956063E-07
   99.8503494         5.93399250E-07
   99.9771423         1.31539048E-06
   100.103935         1.75151513E-06
   100.230728         1.91980303E-06
   100.357521         1.84327132E-06
   100.484314         1.54923168E-06
   100.611107         1.06852360E-06
   100.737900         4.34660251E-07
   100.864693        -3.17059943E-07
   100.991486        -1.15045214E-06
   101.118279        -2.02936894E-06
   101.245071        -2.91855440E-06
   101.371864        -3.78446634E-06
   101.498657        -4.59600369E-06
   101.625450        -5.32515105E-06
   101.752243        -5.94749827E-06
   101.879036        -6.44265447E-06
   102.005829        -6.79453888E-06
   102.132622        -6.99153952E-06
   102.259415        -7.02657098E-06
   102.386208        -6.89701301E-06
   102.513000        -6.60454998E-06
   102.639793        -6.15492991E-06
   102.766586        -5.55765519E-06
   102.893379        -4.82560517E-06
   103.020172        -3.97463327E-06
   103.146965        -3.02312674E-06
   103.273758        -1.99155443E-06
   103.400551        -9.02007798E-07
   103.527336         2.22251813E-07
   103.654129         1.35724076E-06
   103.780922         2.47868775E-06
   103.907715         3.56244982E-06
   104.034508         4.58491422E-06
   104.161301         5.52338588E-06
   104.288094         6.35645711E-06
   104.414886         7.06435640E-06
   104.541679         7.62929767E-06
   104.668472         8.03580042E-06
   104.795265         8.27099120E-06
   104.922058         8.32490787E-06
   105.048851         8.19076467E-06
   105.175644         7.86518558E-06
   105.302437         7.34841024E-06
   105.429230         6.64444815E-06
   105.556023         5.76115735E-06
   105.682816         4.71028807E-06
   105.809608         3.50743630E-06
   105.936401         2.17191041E-06
   106.063194         7.26523808E-07
   106.189987        -8.02704790E-07
   106.316780        -2.38693724E-06
   106.443573        -3.99498958E-06
   106.570366        -5.59388218E-06
   106.697159        -7.14945691E-06
   106.823952        -8.62705383E-06
   106.950745        -9.99221902E-06
   107.077538        -1.12114458E-05
   107.204330        -1.22529036E-05
   107.331116        -1.30871613E-05
   107.457909        -1.36878552E-05
   107.584702        -1.40323182E-05
   107.711494        -1.41021083E-05
   107.838287        -1.38834448E-05
   107.965080        -1.33675421E-05
   108.091873        -1.25508013E-05
   108.218666        -1.14348895E-05
   108.345459        -1.00266570E-05
   108.472252        -8.33795184E-06
   108.599045        -6.38527763E-06
   108.725838        -4.18936133E-06
   108.852631        -1.77459640E-06
   108.979424         8.31558225E-07
   109.106216         3.59928299E-06
   109.233009         6.49708318E-06
   109.359802         9.49251535E-06
   109.486595         1.25528895E-05
   109.613388         1.56458864E-05
   109.740181         1.87401765E-05
   109.866974         2.18058885E-05
   109.993767         2.48150136E-05
   110.120560         2.77416693E-05
   110.247353         3.05622598E-05
   110.374146         3.32555101E-05
   110.500938         3.58023899E-05
   110.627731         3.81859500E-05
   110.754524         4.03910490E-05
   110.881317         4.24040663E-05
   111.008102         4.42125274E-05
   111.134895         4.58047725E-05
   111.261688         4.71696294E-05
   111.388481         4.82961295E-05
   111.515274         4.91733008E-05
   111.642067         4.97900983E-05
   111.768860         5.01353934E-05
   111.895653         5.01981594E-05
   112.022446         4.99677299E-05
   112.149239         4.94342312E-05
   112.276031         4.85890887E-05
   112.402824         4.74256485E-05
   112.529617         4.59398761E-05
   112.656410         4.41310513E-05
   112.783203         4.20024880E-05
   112.909996         3.95621828E-05
   113.036789         3.68233996E-05
   113.163582         3.38050995E-05
   113.290375         3.05321919E-05
   113.417168         2.70356522E-05
   113.543961         2.33523497E-05
   113.670753         1.95246812E-05
   113.797546         1.55999605E-05
   113.924339         1.16295832E-05
   114.051132         7.66796984E-06
   114.177925         3.77134484E-06
   114.304718        -3.63967878E-09
   114.431511        -3.60138779E-06
   114.558304        -6.96887219E-06
   114.685097        -1.00571560E-05
   114.811882        -1.28228457E-05
   114.938675        -1.52294169E-05
   115.065468        -1.72483651E-05
   115.192261        -1.88601480E-05
   115.319054        -2.00548329E-05
   115.445847        -2.08324873E-05
   115.572639        -2.12032173E-05
   115.699432        -2.11869046E-05
   115.826225        -2.08126203E-05
   115.953018        -2.01177190E-05
   116.079811        -1.91466770E-05
   116.206604        -1.79496601E-05
   116.333397        -1.65809233E-05
   116.460190        -1.50970436E-05
   116.586983        -1.35550863E-05
   116.713776        -1.20107443E-05
   116.840569        -1.05165163E-05
   116.967361        -9.11999905E-06
   117.094154        -7.86234250E-06
   117.220947        -6.77692151E-06
   117.347740        -5.88827288E-06
   117.474533        -5.21133416E-06
   117.601326        -4.75101024E-06
   117.728119        -4.50208427E-06
   117.854912        -4.44948682E-06
   117.981705        -4.56888665E-06
   118.108498        -4.82762198E-06
   118.235291        -5.18591105E-06
   118.362083        -5.59831187E-06
   118.488876        -6.01537840E-06
   118.615662        -6.38546544E-06
   118.742455        -6.65659627E-06
   118.869247        -6.77836988E-06
   118.996040        -6.70379313E-06
   119.122833        -6.39102382E-06
   119.249626        -5.80493725E-06
   119.376419        -4.91847459E-06
   119.503212        -3.71373721E-06
   119.630005        -2.18277728E-06
   119.756798        -3.28071025E-07
   119.883591         1.83732675E-06
   120.010384         4.28996873E-06
   120.137177         6.99651719E-06
   120.263969         9.91454181E-06
   120.390762         1.29935934E-05
   120.517555         1.61765056E-05
   120.644348         1.94008899E-05
   120.771141         2.26007705E-05
   120.897934         2.57083211E-05
   121.024727         2.86556406E-05
   121.151520         3.13765158E-05
   121.278313         3.38081700E-05
   121.405106         3.58928555E-05
   121.531898         3.75793643E-05
   121.658691         3.88243607E-05
   121.785484         3.95934876E-05
   121.912277         3.98622687E-05
   122.039070         3.96167998E-05
   122.165863         3.88541412E-05
   122.292656         3.75824748E-05
   122.419441         3.58209873E-05
   122.546234         3.35995064E-05
   122.673027         3.09578681E-05
   122.799820         2.79450578E-05
   122.926613         2.46181062E-05
   123.053406         2.10408198E-05
   123.180199         1.72823056E-05
   123.306992         1.34153825E-05
   123.433784         9.51488528E-06
   123.560577         5.65589835E-06
   123.687370         1.91199047E-06
   123.814163        -1.64654011E-06
   123.940956        -4.95433960E-06
   124.067749        -7.95255528E-06
   124.194542        -1.05902409E-05
   124.321335        -1.28255388E-05
   124.448128        -1.46266420E-05
   124.574921        -1.59724877E-05
   124.701714        -1.68531697E-05
   124.828506        -1.72700202E-05
   124.955299        -1.72354339E-05
   125.082092        -1.67723356E-05
   125.208885        -1.59134070E-05
   125.335678        -1.47000219E-05
   125.462471        -1.31809611E-05
   125.589264        -1.14109489E-05
   125.716057        -9.44904605E-06
   125.842850        -7.35694539E-06
   125.969643        -5.19726200E-06
   126.096436        -3.03182537E-06
   126.223221        -9.20079515E-07
   126.350014         1.08240624E-06
   126.476807         2.92524760E-06
   126.603600         4.56433781E-06
   126.730392         5.96270274E-06
   126.857185         7.09110736E-06
   126.983978         7.92839273E-06
   127.110771         8.46156308E-06
   127.237564         8.68560801E-06
   127.364357         8.60311411E-06
   127.491150         8.22368384E-06
   127.617943         7.56318241E-06
   127.744736         6.64287791E-06
   127.871529         5.48849721E-06
   127.998322         4.12925147E-06
   128.125107         2.59687022E-06
   128.251907         9.24672747E-07
   128.378693        -8.53267579E-07
   128.505493        -2.70287205E-06
   128.632278        -4.59066541E-06
   128.759079        -6.48426521E-06
   128.885864        -8.35272112E-06
   129.012665        -1.01667219E-05
   129.139450        -1.18986882E-05
   129.266251        -1.35227610E-05
   129.393036        -1.50147089E-05
   129.519836        -1.63517889E-05
   129.646622        -1.75125824E-05
   129.773422        -1.84768378E-05
   129.900208        -1.92253574E-05
   130.027008        -1.97399368E-05
   130.153793        -2.00033901E-05
   130.280594        -1.99996812E-05
   130.407379        -1.97141489E-05
   130.534180        -1.91338440E-05
   130.660965        -1.82479598E-05
   130.787766        -1.70483600E-05
   130.914551        -1.55301477E-05
   131.041351        -1.36922808E-05
   131.168137        -1.15381754E-05
   131.294937        -9.07628055E-06
   131.421722        -6.32056890E-06
   131.548523        -3.29092541E-06
   131.675308        -1.33766029E-08
   131.802109         3.47984474E-06
   131.928894         7.15043780E-06
   132.055679         1.09543853E-05
   132.182480         1.48425215E-05
   132.309265         1.87613059E-05
   132.436066         2.26538195E-05
   132.562851         2.64608971E-05
   132.689651         3.01224391E-05
   132.816437         3.35788100E-05
   132.943237         3.67722896E-05
   133.070023         3.96485193E-05
   133.196823         4.21579389E-05
   133.323608         4.42570927E-05
   133.450409         4.59098155E-05
   133.577194         4.70882296E-05
   133.703995         4.77735230E-05
   133.830780         4.79564624E-05
   133.957581         4.76376845E-05
   134.084366         4.68276667E-05
   134.211166         4.55464578E-05
   134.337952         4.38231473E-05
   134.464752         4.16950461E-05
   134.591537         3.92067486E-05
   134.718338         3.64088919E-05
   134.845123         3.33568751E-05
   134.971924         3.01093969E-05
   135.098709         2.67270116E-05
   135.225510         2.32706097E-05
   135.352295         1.97999652E-05
   135.479095         1.63723507E-05
   135.605881         1.30412545E-05
   135.732666         9.85524184E-06
   135.859467         6.85700797E-06
   135.986252         4.08261030E-06
   136.113052         1.56089743E-06
   136.239838        -6.86810665E-07
   136.366638        -2.64687492E-06
   136.493423        -4.31322223E-06
   136.620224        -5.68706764E-06
   136.747009        -6.77643720E-06
   136.873810        -7.59552495E-06
   137.000595        -8.16391457E-06
   137.127396        -8.50568540E-06
   137.254181        -8.64845060E-06
   137.380981        -8.62232901E-06
   137.507767        -8.45890554E-06
   137.634567        -8.19023444E-06
   137.761353        -7.84784061E-06
   137.888153        -7.46183650E-06
   138.014938        -7.06010542E-06
   138.141739        -6.66762344E-06
   138.268524        -6.30589830E-06
   138.395325        -5.99255964E-06
   138.522110        -5.74109754E-06
   138.648911        -5.56074110E-06
   138.775696        -5.45648163E-06
   138.902496        -5.42922589E-06
   139.029282        -5.47606351E-06
   139.156082        -5.59063346E-06
   139.282867        -5.76357252E-06
   139.409653        -5.98301222E-06
   139.536453        -6.23511869E-06
   139.663239        -6.50464290E-06
   139.790039        -6.77546814E-06
   139.916824        -7.03113119E-06
   140.043625        -7.25530981E-06
   140.170410        -7.43225019E-06
   140.297211        -7.54714165E-06
   140.423996        -7.58642273E-06
   140.550797        -7.53802487E-06
   140.677582        -7.39155576E-06
   140.804382        -7.13842428E-06
   140.931168        -6.77192156E-06
   141.057968        -6.28726139E-06
   141.184753        -5.68159885E-06
   141.311554        -4.95402537E-06
   141.438339        -4.10556413E-06
   141.565140        -3.13915507E-06
   141.691925        -2.05964875E-06
   141.818726        -8.73799479E-07
   141.945511         4.09737538E-07
   142.072311         1.78041023E-06
   142.199097         3.22578489E-06
   142.325897         4.73157570E-06
   142.452682         6.28170528E-06
   142.579483         7.85840075E-06
   142.706268         9.44233580E-06
   142.833069         1.10128203E-05
   142.959854         1.25480437E-05
   143.086655         1.40253806E-05
   143.213440         1.54217287E-05
   143.340225         1.67139260E-05
   143.467026         1.78791870E-05
   143.593811         1.88955710E-05
   143.720612         1.97424761E-05
   143.847397         2.04011430E-05
   143.974197         2.08551337E-05
   144.100983         2.10908001E-05
   144.227783         2.10977232E-05
   144.354568         2.08690726E-05
   144.481369         2.04019234E-05
   144.608154         1.96974943E-05
   144.734955         1.87612895E-05
   144.861740         1.76031735E-05
   144.988541         1.62373344E-05
   145.115326         1.46821767E-05
   145.242126         1.29601003E-05
   145.368912         1.10972187E-05
   145.495712         9.12297401E-06
   145.622498         7.06971741E-06
   145.749298         4.97219844E-06
   145.876083         2.86701720E-06
   146.002884         7.92043295E-07
   146.129669        -1.21421522E-06
   146.256470        -3.11325471E-06
   146.383255        -4.86724321E-06
   146.510056        -6.43969133E-06
   146.636841        -7.79612219E-06
   146.763641        -8.90474530E-06
   146.890427        -9.73710121E-06
   147.017212        -1.02686890E-05
   147.144012        -1.04795508E-05
   147.270798        -1.03548109E-05
   147.397598        -9.88514239E-06
   147.524384        -9.06717014E-06
   147.651184        -7.90376907E-06
   147.777969        -6.40425878E-06
   147.904770        -4.58448312E-06
   148.031555        -2.46676473E-06
   148.158356        -7.97026658E-08
   148.285141         2.54215138E-06
   148.411942         5.35877780E-06
   148.538727         8.32530259E-06
   148.665527         1.13927672E-05
   148.792313         1.45090180E-05
   148.919113         1.76197027E-05
   149.045898         2.06693621E-05
   149.172699         2.36025899E-05
   149.299484         2.63652328E-05
   149.426285         2.89056134E-05
   149.553070         3.11757067E-05
   149.679871         3.31322954E-05
   149.806656         3.47379973E-05
   149.933456         3.59622099E-05
   150.060242         3.67818757E-05
   150.187042         3.71820788E-05
   150.313828         3.71564529E-05
   150.440628         3.67073662E-05
   150.567413         3.58458601E-05
   150.694214         3.45913650E-05
   150.820999         3.29712093E-05
   150.947784         3.10198775E-05
   151.074585         2.87780585E-05
   151.201370         2.62915491E-05
   151.328171         2.36099841E-05
   151.454956         2.07854500E-05
   151.581757         1.78710634E-05
   151.708542         1.49194975E-05
   151.835342         1.19815568E-05
   151.962128         9.10483323E-06
   152.088928         6.33247555E-06
   152.215714         3.70215548E-06
   152.342514         1.24523137E-06
   152.469299        -1.01383694E-06
   152.596100        -3.05780577E-06
   152.722885        -4.87669422E-06
   152.849686        -6.46755416E-06
   152.976471        -7.83398445E-06
   153.103271        -8.98539838E-06
   153.230057        -9.93610320E-06
   153.356857        -1.07042088E-05
   153.483643        -1.13104397E-05
   153.610443        -1.17768950E-05
   153.737228        -1.21257999E-05
   153.864029        -1.23783338E-05
   153.990814        -1.25535689E-05
   154.117615        -1.26675723E-05
   154.244400        -1.27327103E-05
   154.371201        -1.27571884E-05
   154.497986        -1.27448511E-05
   154.624771        -1.26952273E-05
   154.751572        -1.26038376E-05
   154.878357        -1.24627340E-05
   155.005157        -1.22612382E-05
   155.131943        -1.19868482E-05
   155.258743        -1.16262518E-05
   155.385529        -1.11664085E-05
   155.512329        -1.05956251E-05
   155.639114        -9.90456920E-06
   155.765915        -9.08718084E-06
   155.892700        -8.14141094E-06
   156.019501        -7.06975197E-06
   156.146286        -5.87954173E-06
   156.273087        -4.58300110E-06
   156.399872        -3.19702144E-06
   156.526672        -1.74268712E-06
   156.653458        -2.44581173E-07
   156.780258         1.27012527E-06
   156.907043         2.77273080E-06
   157.033844         4.23416441E-06
   157.160629         5.62619698E-06
   157.287430         6.92264257E-06
   157.414215         8.10047550E-06
   157.541016         9.14081556E-06
   157.667801         1.00297484E-05
   157.794601         1.07588867E-05
   157.921387         1.13257174E-05
   158.048187         1.17336422E-05
   158.174973         1.19917786E-05
   158.301773         1.21144849E-05
   158.428558         1.21206394E-05
   158.555344         1.20327586E-05
   158.682144         1.18759181E-05
   158.808929         1.16766105E-05
   158.935730         1.14615286E-05
   159.062515         1.12563948E-05
   159.189316         1.10848550E-05
   159.316101         1.09674875E-05
   159.442902         1.09209941E-05
   159.569687         1.09576040E-05
   159.696487         1.10846813E-05
   159.823273         1.13046026E-05
   159.950073         1.16148503E-05
   160.076859         1.20083432E-05
   160.203659         1.24739609E-05
