  -4.50000000         0.00000000    
  -4.37320757         0.00000000    
  -4.24641466         0.00000000    
  -4.11962223         0.00000000    
  -3.99282932         0.00000000    
  -3.86603665         0.00000000    
  -3.73924398         0.00000000    
  -3.61245155         0.00000000    
  -3.48565888         0.00000000    
  -3.35886621         0.00000000    
  -3.23207355         0.00000000    
  -3.10528088         0.00000000    
  -2.97848821         0.00000000    
  -2.85169554         0.00000000    
  -2.72490287         0.00000000    
  -2.59811020         0.00000000    
  -2.47131753         0.00000000    
  -2.34452486         0.00000000    
  -2.21773219         0.00000000    
  -2.09093952         0.00000000    
  -1.96414697         0.00000000    
  -1.83735430         0.00000000    
  -1.71056163         0.00000000    
  -1.58376896         0.00000000    
  -1.45697629         0.00000000    
  -1.33018374         0.00000000    
  -1.20339108         0.00000000    
  -1.07659841         0.00000000    
 -0.949805737         0.00000000    
 -0.823013067         0.00000000    
 -0.696220458         0.00000000    
 -0.569427788         0.00000000    
 -0.442635119         0.00000000    
 -0.315842479         0.00000000    
 -0.189049825         0.00000000    
  -6.22571707E-02     0.00000000    
   6.45354837E-02     0.00000000    
  0.191328138         0.00000000    
  0.318120778         0.00000000    
  0.444913447         0.00000000    
  0.571706116         0.00000000    
  0.698498726         0.00000000    
  0.825291395         0.00000000    
  0.952084064         0.00000000    
   1.07887673         0.00000000    
   1.20566940         0.00000000    
   1.33246195         0.00000000    
   1.45925462         0.00000000    
   1.58604729         0.00000000    
   1.71283996         0.00000000    
   1.83963263         0.00000000    
   1.96642530         0.00000000    
   2.09321785         0.00000000    
   2.22001052         0.00000000    
   2.34680319         0.00000000    
   2.47359586         0.00000000    
   2.60038853         0.00000000    
   2.72718120         0.00000000    
   2.85397387         0.00000000    
   2.98076653         0.00000000    
   3.10755920         0.00000000    
   3.23435187         0.00000000    
   3.36114454         0.00000000    
   3.48793697         0.00000000    
   3.61472964         0.00000000    
   3.74152231         0.00000000    
   3.86831498         0.00000000    
   3.99510765         0.00000000    
   4.12190056         0.00000000    
   4.24869299         0.00000000    
   4.37548542         0.00000000    
   4.50227833         0.00000000    
   4.62907076         0.00000000    
   4.75586367         0.00000000    
   4.88265610         0.00000000    
   5.00944901         0.00000000    
   5.13624144         0.00000000    
   5.26303434         0.00000000    
   5.38982677         0.00000000    
   5.51661968         0.00000000    
   5.64341211         0.00000000    
   5.77020502         0.00000000    
   5.89699745         0.00000000    
   6.02379036         0.00000000    
   6.15058279         0.00000000    
   6.27737522         0.00000000    
   6.40416813         0.00000000    
   6.53096056         0.00000000    
   6.65775347         0.00000000    
   6.78454590         0.00000000    
   6.91133881         0.00000000    
   7.03813124         0.00000000    
   7.16492414         0.00000000    
   7.29171658         0.00000000    
   7.41850948         0.00000000    
   7.54530191         0.00000000    
   7.67209482         0.00000000    
   7.79888725         0.00000000    
   7.92567968         0.00000000    
   8.05247211         0.00000000    
   8.17926502         0.00000000    
   8.30605793         0.00000000    
   8.43285084         0.00000000    
   8.55964279         0.00000000    
   8.68643570         0.00000000    
   8.81322861         0.00000000    
   8.94002151         0.00000000    
   9.06681347         0.00000000    
   9.19360638         0.00000000    
   9.32039928         0.00000000    
   9.44719219         0.00000000    
   9.57398415         0.00000000    
   9.70077705         0.00000000    
   9.82756996         0.00000000    
   9.95436192         0.00000000    
   10.0811548         0.00000000    
   10.2079477         0.00000000    
   10.3347406         0.00000000    
   10.4615326         0.00000000    
   10.5883255         0.00000000    
   10.7151184         0.00000000    
   10.8419113         0.00000000    
   10.9687033         0.00000000    
   11.0954962         0.00000000    
   11.2222891         0.00000000    
   11.3490820         0.00000000    
   11.4758739         0.00000000    
   11.6026669         0.00000000    
   11.7294598         0.00000000    
   11.8562517         0.00000000    
   11.9830446         0.00000000    
   12.1098375         0.00000000    
   12.2366304         0.00000000    
   12.3634224         0.00000000    
   12.4902153         0.00000000    
   12.6170082         0.00000000    
   12.7438011         0.00000000    
   12.8705931         0.00000000    
   12.9973860         0.00000000    
   13.1241789         0.00000000    
   13.2509708         0.00000000    
   13.3777637         0.00000000    
   13.5045567         0.00000000    
   13.6313496         0.00000000    
   13.7581415         0.00000000    
   13.8849344         0.00000000    
   14.0117273         0.00000000    
   14.1385202         0.00000000    
   14.2653122         0.00000000    
   14.3921051         0.00000000    
   14.5188980         0.00000000    
   14.6456909         0.00000000    
   14.7724829         0.00000000    
   14.8992758         0.00000000    
   15.0260687         0.00000000    
   15.1528606         0.00000000    
   15.2796535         0.00000000    
   15.4064465         0.00000000    
   15.5332394         0.00000000    
   15.6600313         0.00000000    
   15.7868242         0.00000000    
   15.9136171         0.00000000    
   16.0404091         0.00000000    
   16.1672020         0.00000000    
   16.2939949         0.00000000    
   16.4207878         0.00000000    
   16.5475807         0.00000000    
   16.6743736         0.00000000    
   16.8011646         0.00000000    
   16.9279575         0.00000000    
   17.0547504         0.00000000    
   17.1815434         0.00000000    
   17.3083363         0.00000000    
   17.4351292         0.00000000    
   17.5619221         0.00000000    
   17.6887150         0.00000000    
   17.8155060         0.00000000    
   17.9422989         0.00000000    
   18.0690918         0.00000000    
   18.1958847         0.00000000    
   18.3226776         0.00000000    
   18.4494705         0.00000000    
   18.5762634         0.00000000    
   18.7030544         0.00000000    
   18.8298473         0.00000000    
   18.9566402         0.00000000    
   19.0834332         0.00000000    
   19.2102261         0.00000000    
   19.3370190         0.00000000    
   19.4638119         0.00000000    
   19.5906048         0.00000000    
   19.7173958         0.00000000    
   19.8441887         0.00000000    
   19.9709816         0.00000000    
   20.0977745         0.00000000    
   20.2245674         0.00000000    
   20.3513603         0.00000000    
   20.4781532         0.00000000    
   20.6049442         0.00000000    
   20.7317371         0.00000000    
   20.8585300         0.00000000    
   20.9853230         0.00000000    
   21.1121159         0.00000000    
   21.2389088         0.00000000    
   21.3657017         0.00000000    
   21.4924946         0.00000000    
   21.6192856         0.00000000    
   21.7460785         0.00000000    
   21.8728714         0.00000000    
   21.9996643         0.00000000    
   22.1264572         0.00000000    
   22.2532501         0.00000000    
   22.3800430         0.00000000    
   22.5068340         0.00000000    
   22.6336269         0.00000000    
   22.7604198         0.00000000    
   22.8872128         0.00000000    
   23.0140057         0.00000000    
   23.1407986         0.00000000    
   23.2675915         0.00000000    
   23.3943844         0.00000000    
   23.5211754         0.00000000    
   23.6479683         0.00000000    
   23.7747612         0.00000000    
   23.9015541         0.00000000    
   24.0283470         0.00000000    
   24.1551399         0.00000000    
   24.2819328         0.00000000    
   24.4087238         0.00000000    
   24.5355167         0.00000000    
   24.6623096         0.00000000    
   24.7891026         0.00000000    
   24.9158955         0.00000000    
   25.0426884         0.00000000    
   25.1694813         0.00000000    
   25.2962742         0.00000000    
   25.4230652         0.00000000    
   25.5498581         0.00000000    
   25.6766510         0.00000000    
   25.8034439         0.00000000    
   25.9302368         0.00000000    
   26.0570297         0.00000000    
   26.1838226         0.00000000    
   26.3106136         0.00000000    
   26.4374065         0.00000000    
   26.5641994         0.00000000    
   26.6909924         0.00000000    
   26.8177853         0.00000000    
   26.9445782         0.00000000    
   27.0713711         0.00000000    
   27.1981640         0.00000000    
   27.3249550         0.00000000    
   27.4517479         0.00000000    
   27.5785408         0.00000000    
   27.7053337         0.00000000    
   27.8321266         0.00000000    
   27.9589195         0.00000000    
   28.0857124         0.00000000    
   28.2125034         0.00000000    
   28.3392963         0.00000000    
   28.4660892         0.00000000    
   28.5928822         0.00000000    
   28.7196751         0.00000000    
   28.8464680         0.00000000    
   28.9732609        -2.31417057E-33
   29.1000538        -3.30164441E-33
   29.2268448        -2.75373051E-33
   29.3536377         3.29205899E-33
   29.4804306         7.00952718E-33
   29.6072235         1.06301997E-32
   29.7340164         2.04284035E-32
   29.8608093         3.74699227E-32
   29.9876022         4.27346651E-32
   30.1143932         4.01719405E-32
   30.2411861         4.60690107E-32
   30.3679790         5.30455638E-32
   30.4947720         6.39973273E-32
   30.6215649         7.48974630E-32
   30.7483578         9.13611107E-33
   30.8751507        -1.38186684E-31
   31.0019417        -2.40774321E-31
   31.1287346        -2.13678824E-31
   31.2555275         2.17757404E-32
   31.3823204         3.81167938E-31
   31.5091133         7.96277240E-31
   31.6359062         9.09718181E-31
   31.7626991         2.21331292E-31
   31.8894920        -1.06384938E-30
   32.0162849        -3.05580552E-30
   32.1430779        -5.07124663E-30
   32.2698708        -6.47437387E-30
   32.3966637        -7.51096654E-30
   32.5234528        -9.69178955E-30
   32.6502457        -1.51117973E-29
   32.7770386        -2.23052524E-29
   32.9038315        -2.53293251E-29
   33.0306244        -2.27693007E-29
   33.1574173        -1.39059786E-29
   33.2842102        -2.49300704E-30
   33.4110031         1.16509644E-29
   33.5377960         2.41416357E-29
   33.6645889         2.93534082E-29
   33.7913818         3.06886464E-29
   33.9181747         3.70645639E-29
   34.0449677         5.33013209E-29
   34.1717606         8.87251851E-29
   34.2985535         1.51121981E-28
   34.4253426         2.30995339E-28
   34.5521355         3.23924444E-28
   34.6789284         4.32508206E-28
   34.8057213         5.37647177E-28
   34.9325142         6.15844170E-28
   35.0593071         6.56414462E-28
   35.1861000         6.52198890E-28
   35.3128929         5.93798965E-28
   35.4396858         4.75147958E-28
   35.5664787         2.97402126E-28
   35.6932716         7.04220377E-29
   35.8200645        -1.95729215E-28
   35.9468575        -5.17815732E-28
   36.0736504        -9.02934602E-28
   36.2004433        -1.35357505E-27
   36.3272324        -1.86146310E-27
   36.4540253        -2.39519318E-27
   36.5808182        -2.90541708E-27
   36.7076111        -3.34010564E-27
   36.8344040        -3.63487114E-27
   36.9611969        -3.74569762E-27
   37.0879898        -3.60533662E-27
   37.2147827        -3.16870423E-27
   37.3415756        -2.37850191E-27
   37.4683685        -1.19406135E-27
   37.5951614         4.06447967E-28
   37.7219543         2.43841798E-27
   37.8487473         4.87764022E-27
   37.9755402         7.67401346E-27
   38.1023293         1.07153558E-26
   38.2291222         1.38330750E-26
   38.3559151         1.68234742E-26
   38.4827080         1.94135433E-26
   38.6095009         2.13145964E-26
   38.7362938         2.22249481E-26
   38.8630867         2.18344142E-26
   38.9898796         1.98496232E-26
   39.1166725         1.60149888E-26
   39.2434654         1.01224752E-26
   39.3702583         2.03310852E-27
   39.4970512        -8.28683590E-27
   39.6238441        -2.07365771E-26
   39.7506371        -3.50412877E-26
   39.8774300        -5.07241291E-26
   40.0042191        -6.70909190E-26
   40.1310120        -8.32102316E-26
   40.2578049        -9.79479714E-26
   40.3845978        -1.09981003E-25
   40.5113907        -1.17849311E-25
   40.6381836        -1.20026370E-25
   40.7649765        -1.14988371E-25
   40.8917694        -1.01310528E-25
   41.0185623        -7.77777471E-26
   41.1453552        -4.35091826E-26
   41.2721481         1.90366812E-27
   41.3989410         5.82533226E-26
   41.5257339         1.24575164E-25
   41.6525269         1.99031418E-25
   41.7793198         2.78828803E-25
   41.9061089         3.60170938E-25
   42.0329018         4.38282294E-25
   42.1596947         5.07495520E-25
   42.2864876         5.61416233E-25
   42.4132805         5.93154918E-25
   42.5400734         5.95644168E-25
   42.6668663         5.62036475E-25
   42.7936592         4.86162601E-25
   42.9204521         3.63067143E-25
   43.0472450         1.89580852E-25
   43.1740379        -3.50844902E-26
   43.3008308        -3.08761736E-25
   43.4276237        -6.25810850E-25
   43.5544167        -9.76703971E-25
   43.6812096        -1.34777063E-24
   43.8079987        -1.72113731E-24
   43.9347916        -2.07491165E-24
   44.0615845        -2.38364952E-24
   44.1883774        -2.61912884E-24
   44.3151703        -2.75144784E-24
   44.4419632        -2.75044933E-24
   44.5687561        -2.58745174E-24
   44.6955490        -2.23725213E-24
   44.8223419        -1.68033486E-24
   44.9491348        -9.05198759E-25
   45.0759277         8.93110045E-26
   45.2027206         1.29180046E-24
   45.3295135         2.67641415E-24
   45.4563065         4.20138167E-24
   45.5830994         5.80819510E-24
   45.7098885         7.42160103E-24
   45.8366814         8.95055625E-24
   45.9634743         1.02902693E-23
   46.0902672         1.13254401E-23
   46.2170601         1.19347366E-23
   46.3438530         1.19964610E-23
   46.4706459         1.13953735E-23
   46.5974388         1.00304674E-23
   46.7242317         7.82343810E-24
   46.8510246         4.72753770E-24
   46.9778175         7.36382180E-25
   47.1046104        -4.10781212E-24
   47.2314034        -9.70710699E-24
   47.3581963        -1.59024403E-23
   47.4849892        -2.24705956E-23
   47.6117783        -2.91241135E-23
   47.7385712        -3.55147199E-23
   47.8653641        -4.12407204E-23
   47.9921570        -4.58587090E-23
   48.1189499        -4.88997047E-23
   48.2457428        -4.98897661E-23
   48.3725357        -4.83746736E-23
   48.4993286        -4.39481920E-23
   48.6261215        -3.62830483E-23
   48.7529144        -2.51634323E-23
   48.8797073        -1.05176079E-23
   49.0065002         7.55112962E-24
   49.1332932         2.87370574E-23
   49.2600861         5.25103084E-23
   49.3868790         7.81030293E-23
   49.5136681         1.04505566E-22
   49.6404610         1.30474602E-22
   49.7672539         1.54555219E-22
   49.8940468         1.75118033E-22
   50.0208397         1.90412216E-22
   50.1476326         1.98634835E-22
   50.2744255         1.98015396E-22
   50.4012184         1.86914457E-22
   50.5280113         1.63933311E-22
   50.6548042         1.28031519E-22
   50.7815971         7.86471856E-23
   50.9083900         1.58146590E-23
   51.0351830        -5.97271456E-23
   51.1619759        -1.46442977E-22
   51.2887688        -2.41933744E-22
   51.4155579        -3.42901301E-22
   51.5423508        -4.45153022E-22
   51.6691437        -5.43653098E-22
   51.7959366        -6.32627117E-22
   51.9227295        -7.05723296E-22
   52.0495224        -7.56233012E-22
   52.1763153        -7.77370345E-22
   52.3031082        -7.62606605E-22
   52.4299011        -7.06052724E-22
   52.5566940        -6.02879513E-22
   52.6834869        -4.49759920E-22
   52.8102798        -2.45315017E-22
   52.9370728         9.45805335E-24
   53.0638657         3.10801756E-22
   53.1906586         6.51885874E-22
   53.3174477         1.02259517E-21
   53.4442406         1.40944771E-21
   53.5710335         1.79567158E-21
   53.6978264         2.16146373E-21
   53.8246193         2.48445353E-21
   53.9514122         2.74038172E-21
   54.0782051         2.90400313E-21
   54.2049980         2.95020044E-21
   54.3317909         2.85529883E-21
   54.4585838         2.59854266E-21
   54.5853767         2.16369203E-21
   54.7121696         1.54067337E-21
   54.8389626         7.27215351E-22
   54.9657555        -2.69626523E-22
   55.0925484        -1.43214953E-21
   55.2193375        -2.73099617E-21
   55.3461304        -4.12457012E-21
   55.4729233        -5.55897885E-21
   55.5997162        -6.96860407E-21
   55.7265091        -8.27738556E-21
   55.8533020        -9.40087293E-21
   55.9800949        -1.02490844E-20
   56.1068878        -1.07301611E-20
   56.2336807        -1.07547737E-20
   56.3604736        -1.02411794E-20
   56.4872665        -9.12078020E-21
   56.6140594        -7.34398494E-21
   56.7408524        -4.88611710E-21
   56.8676453        -1.75306512E-21
   56.9944382         2.01367083E-21
   57.1212273         6.33289639E-21
   57.2480202         1.10810012E-20
   57.3748131         1.60909684E-20
   57.5016060         2.11534833E-20
   57.6283989         2.60204477E-20
   57.7551918         3.04111046E-20
   57.8819847         3.40209531E-20
   58.0087776         3.65334108E-20
   58.1355705         3.76341394E-20
   58.2623634         3.70276641E-20
   58.3891563         3.44558821E-20
   58.5159492         2.97177431E-20
   58.6427422         2.26892782E-20
   58.7695351         1.33430081E-20
   58.8963280         1.76556592E-21
   59.0231171        -1.18276633E-20
   59.1499100        -2.70821954E-20
   59.2767029        -4.34996319E-20
   59.4034958        -6.04395477E-20
   59.5302887        -7.71291314E-20
   59.6570816        -9.26813031E-20
   59.7838745        -1.06121780E-19
   59.9106674        -1.16425141E-19
   60.0374603        -1.22559474E-19
   60.1642532        -1.23538507E-19
   60.2910461        -1.18480026E-19
   60.4178391        -1.06668119E-19
   60.5446320        -8.76168769E-20
   60.6714249        -6.11323437E-20
   60.7982178        -2.73691446E-20
   60.9250069         1.31219708E-20
   61.0517998         5.93596698E-20
   61.1785927         1.09914441E-19
   61.3053856         1.62911632E-19
   61.4321785         2.16058038E-19
   61.5589714         2.66694300E-19
   61.6857643         3.11874698E-19
   61.8125572         3.48473899E-19
   61.9393501         3.73319768E-19
   62.0661430         3.83348945E-19
   62.1929359         3.75780708E-19
   62.3197289         3.48302828E-19
   62.4465218         2.99261486E-19
   62.5733147         2.27846176E-19
   62.7001076         1.34258638E-19
   62.8268967         1.98554382E-20
   62.9536896        -1.12747987E-19
   63.0804825        -2.59622474E-19
   63.2072754        -4.15529735E-19
   63.3340683        -5.73995310E-19
   63.4608612        -7.27455356E-19
   63.5876541        -8.67481679E-19
   63.7144470        -9.85083808E-19
   63.8412399        -1.07108392E-18
   63.9680328        -1.11655662E-18
   64.0948257        -1.11331852E-18
   64.2216187        -1.05445148E-18
   64.3484116        -9.34836205E-19
   64.4752045        -7.51669362E-19
   64.6019974        -5.04937981E-19
   64.7287903        -1.97817452E-19
   64.8555832         1.63036265E-19
   64.9823761         5.67330095E-19
   65.1091690         1.00114062E-18
   65.2359619         1.44710719E-18
   65.3627548         1.88482470E-18
   65.4895477         2.29144705E-18
   65.6163330         2.64249650E-18
   65.7431259         2.91286793E-18
   65.8699188         3.07800110E-18
   65.9967117         3.11518700E-18
   66.1235046         3.00495774E-18
   66.2502975         2.73249996E-18
   66.3770905         2.28902589E-18
   66.5038834         1.67302438E-18
   66.6306763         8.91313373E-19
   66.7574692        -4.01860788E-20
   66.8842621        -1.09602806E-18
   67.0110550        -2.24124359E-18
   67.1378479        -3.43181644E-18
   67.2646408        -4.61567568E-18
   67.3914337        -5.73421660E-18
   67.5182266        -6.72434724E-18
   67.6450195        -7.52101895E-18
   67.7718124        -8.06018189E-18
   67.8986053        -8.28206317E-18
   68.0253983        -8.13466123E-18
   68.1521912        -7.57727799E-18
   68.2789841        -6.58395939E-18
   68.4057770        -5.14662016E-18
   68.5325699        -3.27768787E-18
   68.6593628        -1.01206117E-18
   68.7861557         1.59179752E-18
   68.9129486         4.45178928E-18
   69.0397415         7.46325858E-18
   69.1665344         1.05013085E-17
   69.2933273         1.34243878E-17
   69.4201126         1.60791255E-17
   69.5469055         1.83063110E-17
   69.6736984         1.99478823E-17
   69.8004913         2.08546840E-17
   69.9272842         2.08946964E-17
   70.0540771         1.99614051E-17
   70.1808701         1.79819073E-17
   70.3076630         1.49243318E-17
   70.4344559         1.08041286E-17
   70.5612488         5.68879694E-18
   70.6880417        -2.99363307E-19
   70.8148346        -6.98281719E-18
   70.9416275        -1.41309646E-17
   71.0684204        -2.14651136E-17
   71.1952133        -2.86662849E-17
   71.3220062        -3.53858337E-17
   71.4487991        -4.12586308E-17
   71.5755920        -4.59184766E-17
   71.7023849        -4.90152258E-17
   71.8291779        -5.02330011E-17
   71.9559708        -4.93087062E-17
   72.0827637        -4.60500116E-17
   72.2095566        -4.03518754E-17
   72.3363495        -3.22106281E-17
   72.4631424        -2.17347893E-17
   72.5899353        -9.15164175E-18
   72.7167282         5.19109518E-18
   72.8435211         2.08291027E-17
   72.9703140         3.71911686E-17
   73.0971069         5.36149025E-17
   73.2238922         6.93682728E-17
   73.3506851         8.36765452E-17
   73.4774780         9.57538586E-17
   73.6042709         1.04838327E-16
   73.7310638         1.10229499E-16
   73.8578568         1.11326401E-16
   73.9846497         1.07664631E-16
   74.1114426         9.89504882E-17
   74.2382355         8.50903491E-17
   74.3650284         6.62134588E-17
   74.4918213         4.26863710E-17
   74.6186142         1.51177150E-17
   74.7454071        -1.56478881E-17
   74.8722000        -4.85474055E-17
   74.9989929        -8.23286643E-17
   75.1257858        -1.15590933E-16
   75.2525787        -1.46835954E-16
   75.3793716        -1.74527790E-16
   75.5061646        -1.97159584E-16
   75.6329575        -2.13324427E-16
   75.7597504        -2.21787650E-16
   75.8865433        -2.21556899E-16
   76.0133362        -2.11946887E-16
   76.1401291        -1.92634774E-16
   76.2669220        -1.63703596E-16
   76.3937149        -1.25669845E-16
   76.5205078        -7.94932943E-17
   76.6473007        -2.65668923E-17
   76.7740936         3.13142191E-17
   76.9008865         9.20049040E-17
   77.0276718         1.53082385E-16
   77.1544647         2.11936961E-16
   77.2812576         2.65878163E-16
   77.4080505         3.12252343E-16
   77.5348434         3.48567187E-16
   77.6616364         3.72617205E-16
   77.7884293         3.82604968E-16
   77.9152222         3.77251322E-16
   78.0420151         3.55888781E-16
   78.1688080         3.18532325E-16
   78.2956009         2.65922500E-16
   78.4223938         1.99537020E-16
   78.5491867         1.21567439E-16
   78.6759796         3.48604417E-17
   78.8027725        -5.71767092E-17
   78.9295654        -1.50703917E-16
   79.0563583        -2.41605454E-16
   79.1831512        -3.25671039E-16
   79.3099442        -3.98793355E-16
   79.4367371        -4.57173540E-16
   79.5635300        -4.97524389E-16
   79.6903229        -5.17262374E-16
   79.8171158        -5.14676330E-16
   79.9439087        -4.89064595E-16
   80.0707016        -4.40829430E-16
   80.1974945        -3.71522997E-16
   80.3242874        -2.83837538E-16
   80.4510803        -1.81536829E-16
   80.5778732        -6.93282041E-17
   80.7046585         4.73226918E-17
   80.8314514         1.62429261E-16
   80.9582443         2.69765144E-16
   81.0850372         3.63178082E-16
   81.2118301         4.36922570E-16
   81.3386230         4.85996377E-16
   81.4654160         5.06462599E-16
   81.5922089         4.95741226E-16
   81.7190018         4.52850919E-16
   81.8457947         3.78586246E-16
   81.9725876         2.75614674E-16
   82.0993805         1.48482639E-16
   82.2261734         3.52273020E-18
   82.3529663        -1.51341653E-16
   82.4797592        -3.06892742E-16
   82.6065521        -4.53008837E-16
   82.7333450        -5.79137655E-16
   82.8601379        -6.74834008E-16
   82.9869308        -7.30341612E-16
   83.1137238        -7.37191832E-16
   83.2405167        -6.88792687E-16
   83.3673096        -5.80973810E-16
   83.4941025        -4.12459861E-16
   83.6208954        -1.85240428E-16
   83.7476883         9.51916736E-17
   83.8744812         4.19756177E-16
   84.0012741         7.75874715E-16
   84.1280670         1.14774521E-15
   84.2548599         1.51680127E-15
   84.3816528         1.86235779E-15
   84.5084381         2.16242048E-15
   84.6352310         2.39464219E-15
   84.7620239         2.53738841E-15
   84.8888168         2.57087459E-15
   85.0156097         2.47832735E-15
   85.1424026         2.24711361E-15
   85.2691956         1.86978817E-15
   85.3959885         1.34499769E-15
   85.5227814         6.78191593E-16
   85.6495743        -1.17914173E-16
   85.7763672        -1.02316043E-15
   85.9031601        -2.01009050E-15
   86.0299530        -3.04443885E-15
   86.1567459        -4.08596962E-15
   86.2835388        -5.08966216E-15
   86.4103317        -6.00721526E-15
   86.5371246        -6.78883482E-15
   86.6639175        -7.38524554E-15
   86.7907104        -7.74986951E-15
   86.9175034        -7.84107547E-15
   87.0442963        -7.62442223E-15
   87.1710892        -7.07479060E-15
   87.2978821        -6.17831041E-15
   87.4246750        -4.93398174E-15
   87.5514679        -3.35489443E-15
   87.6782608        -1.46897472E-15
   87.8050537         6.80823219E-16
   87.9318466         3.03691889E-15
   88.0586395         5.52814317E-15
   88.1854324         8.07140152E-15
   88.3122177         1.05739553E-14
   88.4390106         1.29362641E-14
   88.5658035         1.50553330E-14
   88.6925964         1.68284389E-14
   88.8193893         1.81571507E-14
   88.9461823         1.89514813E-14
   89.0729752         1.91340135E-14
   89.1997681         1.86438677E-14
   89.3265610         1.74402966E-14
   89.4533539         1.55057953E-14
   89.5801468         1.28485310E-14
   89.7069397         9.50398157E-15
   89.8337326         5.53563051E-15
   89.9605255         1.03469257E-15
   90.0873184        -3.88124811E-15
   90.2141113        -9.07067085E-15
   90.3409042        -1.43715979E-14
   90.4676971        -1.96060870E-14
   90.5944901        -2.45855853E-14
   90.7212830        -2.91170591E-14
   90.8480759        -3.30096464E-14
   90.9748688        -3.60816994E-14
   91.1016617        -3.81679145E-14
   91.2284546        -3.91263356E-14
   91.3552475        -3.88449310E-14
   91.4820404        -3.72475556E-14
   91.6088333        -3.42988950E-14
   91.7356262        -3.00083309E-14
   91.8624191        -2.44324028E-14
   91.9892120        -1.76757514E-14
   92.1159973        -9.89037004E-15
   92.2427902        -1.27316315E-15
   92.3695831         7.93825641E-15
   92.4963760         1.74714589E-14
   92.6231689         2.70266665E-14
   92.7499619         3.62856141E-14
   92.8767548         4.49215894E-14
   93.0035477         5.26103344E-14
   93.1303406         5.90414897E-14
   93.2571335         6.39301979E-14
   93.3839264         6.70284412E-14
   93.5107193         6.81357572E-14
   93.6375122         6.71088144E-14
   93.7643051         6.38695843E-14
   93.8910980         5.84115682E-14
   94.0178909         5.08039113E-14
   94.1446838         4.11930283E-14
   94.2714767         2.98015532E-14
   94.3982697         1.69245772E-14
   94.5250626         2.92301732E-15
   94.6518555        -1.17856461E-14
   94.7786484        -2.67392123E-14
   94.9054413        -4.14448545E-14
   95.0322342        -5.53950806E-14
   95.1590271        -6.80850843E-14
   95.2858200        -7.90309590E-14
   95.4126129        -8.77881752E-14
   95.5394058        -9.39695980E-14
   95.6661987        -9.72624216E-14
   95.7929916        -9.74432530E-14
   95.9197769        -9.43907496E-14
   96.0465698        -8.80952212E-14
   96.1733627        -7.86644648E-14
   96.3001556        -6.63256952E-14
   96.4269485        -5.14229772E-14
   96.5537415        -3.44101409E-14
   96.6805344        -1.58391265E-14
   96.8073273         3.65605636E-15
   96.9341202         2.33795019E-14
   97.0609131         4.25970667E-14
   97.1877060         6.05628625E-14
   97.3144989         7.65478040E-14
   97.4412918         8.98691386E-14
   97.5680847         9.99198893E-14
   97.6948776         1.06197108E-13
   97.8216705         1.08327626E-13
   97.9484634         1.06090260E-13
   98.0752563         9.94332383E-14
   98.2020493         8.84859338E-14
   98.3288422         7.35639983E-14
   98.4556351         5.51672254E-14
   98.5824280         3.39698294E-14
   98.7092209         1.08029574E-14
   98.8360138        -1.33704235E-14
   98.9628067        -3.74877131E-14
   99.0895996        -6.04250740E-14
   99.2163925        -8.10410699E-14
   99.3431854        -9.82239463E-14
   99.4699783        -1.10940865E-13
   99.5967712        -1.18287487E-13
   99.7235565        -1.19535566E-13
   99.8503494        -1.14176640E-13
   99.9771423        -1.01959734E-13
   100.103935        -8.29210154E-14
   100.230728        -5.74037210E-14
   100.357521        -2.60668325E-14
   100.484314         1.01188123E-14
   100.611107         4.98875369E-14
   100.737900         9.17093211E-14
   100.864693         1.33833482E-13
   100.991486         1.74344642E-13
   101.118279         2.11229742E-13
   101.245071         2.42453843E-13
   101.371864         2.66042640E-13
   101.498657         2.80168548E-13
   101.625450         2.83237165E-13
   101.752243         2.73970815E-13
   101.879036         2.51485437E-13
   102.005829         2.15357476E-13
   102.132622         1.65676961E-13
   102.259415         1.03084106E-13
   102.386208         2.87870144E-14
   102.513000        -5.54419690E-14
   102.639793        -1.47292199E-13
   102.766586        -2.43963595E-13
   102.893379        -3.42237496E-13
   103.020172        -4.38568696E-13
   103.146965        -5.29196099E-13
   103.273758        -6.10269159E-13
   103.400551        -6.77985229E-13
   103.527336        -7.28734293E-13
   103.654129        -7.59245260E-13
   103.780922        -7.66728369E-13
   103.907715        -7.49007844E-13
   104.034508        -7.04639743E-13
   104.161301        -6.33009487E-13
   104.288094        -5.34403522E-13
   104.414886        -4.10052932E-13
   104.541679        -2.62143795E-13
   104.668472        -9.37938556E-14
   104.795265         9.10055654E-14
   104.922058         2.87481952E-13
   105.048851         4.90205912E-13
   105.175644         6.93244561E-13
   105.302437         8.90338530E-13
   105.429230         1.07509791E-12
   105.556023         1.24120950E-12
   105.682816         1.38264899E-12
   105.809608         1.49388921E-12
   105.936401         1.57009789E-12
   106.063194         1.60731573E-12
   106.189987         1.60260986E-12
   106.316780         1.55419395E-12
   106.443573         1.46151233E-12
   106.570366         1.32528298E-12
   106.697159         1.14749714E-12
   106.823952         9.31375745E-13
   106.950745         6.81283697E-13
   107.077538         4.02606171E-13
   107.204330         1.01589032E-13
   107.331116        -2.14847617E-13
   107.457909        -5.39317397E-13
   107.584702        -8.64187357E-13
   107.711494        -1.18180205E-12
   107.838287        -1.48470060E-12
   107.965080        -1.76582186E-12
   108.091873        -2.01868643E-12
   108.218666        -2.23754869E-12
   108.345459        -2.41751627E-12
   108.472252        -2.55462947E-12
   108.599045        -2.64590173E-12
   108.725838        -2.68931795E-12
   108.852631        -2.68379850E-12
   108.979424        -2.62912717E-12
   109.106216        -2.52585301E-12
   109.233009        -2.37517276E-12
   109.359802        -2.17880358E-12
   109.486595        -1.93885446E-12
   109.613388        -1.65770804E-12
   109.740181        -1.33791903E-12
   109.866974        -9.82142102E-13
   109.993767        -5.93093879E-13
   110.120560        -1.73553351E-13
   110.247353         2.73593892E-13
   110.374146         7.45269731E-13
   110.500938         1.23807735E-12
   110.627731         1.74814156E-12
   110.754524         2.27092694E-12
   110.881317         2.80103891E-12
   111.008102         3.33203018E-12
   111.134895         3.85622220E-12
   111.261688         4.36455776E-12
   111.388481         4.84650948E-12
   111.515274         5.29005095E-12
   111.642067         5.68170814E-12
   111.768860         6.00670902E-12
   111.895653         6.24923160E-12
   112.022446         6.39276045E-12
   112.149239         6.42055159E-12
   112.276031         6.31619843E-12
   112.402824         6.06428579E-12
   112.529617         5.65112106E-12
   112.656410         5.06551181E-12
   112.783203         4.29957025E-12
   112.909996         3.34951034E-12
   113.036789         2.21639872E-12
   113.163582         9.06831305E-13
   113.290375        -5.66511356E-13
   113.417168        -2.18446246E-12
   113.543961        -3.92115550E-12
   113.670753        -5.74402722E-12
   113.797546        -7.61406563E-12
   113.924339        -9.48631104E-12
   114.051132        -1.13106347E-11
   114.177925        -1.30327658E-11
   114.304718        -1.45955956E-11
   114.431511        -1.59406863E-11
   114.558304        -1.70100045E-11
   114.685097        -1.77477772E-11
   114.811882        -1.81024761E-11
   114.938675        -1.80288302E-11
   115.065468        -1.74898099E-11
   115.192261        -1.64585030E-11
   115.319054        -1.49198345E-11
   115.445847        -1.28720359E-11
   115.572639        -1.03277924E-11
   115.699432        -7.31502272E-12
   115.826225        -3.87721496E-12
   115.953018        -7.33157092E-14
   116.079811         4.02290050E-12
   116.206604         8.32396391E-12
   116.333397         1.27303584E-11
   116.460190         1.71326269E-11
   116.586983         2.14139574E-11
   116.713776         2.54531327E-11
   116.840569         2.91277974E-11
   116.967361         3.23179504E-11
   117.094154         3.49095579E-11
   117.220947         3.67981721E-11
   117.347740         3.78924704E-11
   117.474533         3.81175508E-11
   117.601326         3.74179090E-11
   117.728119         3.57599922E-11
   117.854912         3.31341621E-11
   117.981705         2.95561006E-11
   118.108498         2.50674828E-11
   118.235291         1.97359160E-11
   118.362083         1.36541334E-11
   118.488876         6.93842466E-12
   118.615662        -2.73680140E-13
   118.742455        -7.82640619E-12
   118.869247        -1.55493483E-11
   118.996040        -2.32615802E-11
   119.122833        -3.07762184E-11
   119.249626        -3.79051998E-11
   119.376419        -4.44642552E-11
   119.503212        -5.02778444E-11
   119.630005        -5.51839199E-11
   119.756798        -5.90384061E-11
   119.883591        -6.17192616E-11
   120.010384        -6.31299249E-11
   120.137177        -6.32021449E-11
   120.263969        -6.18980145E-11
   120.390762        -5.92111776E-11
   120.517555        -5.51672527E-11
   120.644348        -4.98233052E-11
   120.771141        -4.32665778E-11
   120.897934        -3.56123568E-11
   121.024727        -2.70011756E-11
   121.151520        -1.75954026E-11
   121.278313        -7.57525553E-12
   121.405106         2.86543554E-12
   121.531898         1.35238114E-11
   121.658691         2.41926392E-11
   121.785484         3.46648404E-11
   121.912277         4.47379113E-11
   122.039070         5.42180328E-11
   122.165863         6.29237357E-11
   122.292656         7.06890727E-11
   122.419441         7.73662384E-11
   122.546234         8.28276059E-11
   122.673027         8.69670794E-11
   122.799820         8.97009897E-11
   122.926613         9.09682885E-11
   123.053406         9.07303815E-11
   123.180199         8.89704421E-11
   123.306992         8.56924462E-11
   123.433784         8.09200207E-11
   123.560577         7.46951390E-11
   123.687370         6.70767886E-11
   123.814163         5.81398055E-11
   123.940956         4.79737777E-11
   124.067749         3.66822683E-11
   124.194542         2.43822133E-11
   124.321335         1.12036960E-11
   124.448128        -2.71011815E-12
   124.574921        -1.72028121E-11
   124.701714        -3.21042845E-11
   124.828506        -4.72304834E-11
   124.955299        -6.23829530E-11
   125.082092        -7.73487316E-11
   125.208885        -9.19005566E-11
   125.335678        -1.05797572E-10
   125.462471        -1.18786578E-10
   125.589264        -1.30604194E-10
   125.716057        -1.40979520E-10
   125.842850        -1.49638107E-10
   125.969643        -1.56306648E-10
   126.096436        -1.60718605E-10
   126.223221        -1.62620750E-10
   126.350014        -1.61780672E-10
   126.476807        -1.57994548E-10
   126.603600        -1.51095650E-10
   126.730392        -1.40962950E-10
   126.857185        -1.27529529E-10
   126.983978        -1.10790661E-10
   127.110771        -9.08112335E-11
   127.237564        -6.77317855E-11
   127.364357        -4.17734701E-11
   127.491150        -1.32409760E-11
   127.617943         1.74764109E-11
   127.744736         4.99062805E-11
   127.871529         8.34968414E-11
   127.998322         1.17623411E-10
   128.125107         1.51597554E-10
   128.251907         1.84679036E-10
   128.378693         2.16090021E-10
   128.505493         2.45031800E-10
   128.632278         2.70703321E-10
   128.759079         2.92321695E-10
   128.885864         3.09143072E-10
   129.012665         3.20485166E-10
   129.139450         3.25748511E-10
   129.266251         3.24438115E-10
   129.393036         3.16183107E-10
   129.519836         3.00754671E-10
   129.646622         2.78081030E-10
   129.773422         2.48259385E-10
   129.900208         2.11564280E-10
   130.027008         1.68451114E-10
   130.153793         1.19555477E-10
   130.280594         6.56874694E-11
   130.407379         7.82086982E-12
   130.534180        -5.29223054E-11
   130.660965        -1.15292290E-10
   130.787766        -1.77936527E-10
   130.914551        -2.39428671E-10
   131.041351        -2.98300357E-10
   131.168137        -3.53076957E-10
   131.294937        -4.02313960E-10
   131.421722        -4.44634801E-10
   131.548523        -4.78768858E-10
   131.675308        -5.03587949E-10
   131.802109        -5.18141530E-10
   131.928894        -5.21687582E-10
   132.055679        -5.13720844E-10
   132.182480        -4.93994790E-10
   132.309265        -4.62538952E-10
   132.436066        -4.19668827E-10
   132.562851        -3.65990044E-10
   132.689651        -3.02394165E-10
   132.816437        -2.30047467E-10
   132.943237        -1.50372742E-10
   133.070023        -6.50234380E-11
   133.196823         2.41490699E-11
   133.323608         1.15133882E-10
   133.450409         2.05805109E-10
   133.577194         2.93970043E-10
   133.703995         3.77421483E-10
   133.830780         4.53991622E-10
   133.957581         5.21607035E-10
   134.084366         5.78343151E-10
   134.211166         6.22477181E-10
   134.337952         6.52537024E-10
   134.464752         6.67346511E-10
   134.591537         6.66064259E-10
   134.718338         6.48215759E-10
   134.845123         6.13717799E-10
   134.971924         5.62893787E-10
   135.098709         4.96479413E-10
   135.225510         4.15619233E-10
   135.352295         3.21853211E-10
   135.479095         2.17091928E-10
   135.605881         1.03584412E-10
   135.732666        -1.61250145E-11
   135.859467        -1.39247627E-10
   135.986252        -2.62808553E-10
   136.113052        -3.83710813E-10
   136.239838        -4.98804498E-10
   136.366638        -6.04959138E-10
   136.493423        -6.99137859E-10
   136.620224        -7.78471010E-10
   136.747009        -8.40328251E-10
   136.873810        -8.82387829E-10
   137.000595        -9.02699249E-10
   137.127396        -8.99739894E-10
   137.254181        -8.72463601E-10
   137.380981        -8.20339519E-10
   137.507767        -7.43379414E-10
   137.634567        -6.42154718E-10
   137.761353        -5.17801413E-10
   137.888153        -3.72012476E-10
   138.014938        -2.07018458E-10
   138.141739        -2.55546244E-11
   138.268524         1.69181336E-10
   138.395325         3.73583803E-10
   138.522110         5.83702364E-10
   138.648911         7.95311650E-10
   138.775696         1.00399056E-09
   138.902496         1.20520405E-09
   139.029282         1.39438816E-09
   139.156082         1.56703628E-09
   139.282867         1.71878489E-09
   139.409653         1.84549631E-09
   139.536453         1.94333682E-09
   139.663239         2.00884998E-09
   139.790039         2.03902029E-09
   139.916824         2.03133221E-09
   140.043625         1.98381422E-09
   140.170410         1.89507610E-09
   140.297211         1.76433579E-09
   140.423996         1.59143321E-09
   140.550797         1.37683676E-09
   140.677582         1.12163845E-09
   140.804382         8.27539093E-10
   140.931168         4.96828190E-10
   141.057968         1.32353642E-10
   141.184753        -2.62512373E-10
   141.311554        -6.83912871E-10
   141.438339        -1.12754717E-09
   141.565140        -1.58871616E-09
   141.691925        -2.06236361E-09
   141.818726        -2.54311971E-09
   141.945511        -3.02534309E-09
   142.072311        -3.50316021E-09
   142.199097        -3.97050215E-09
   142.325897        -4.42113857E-09
   142.452682        -4.84870899E-09
   142.579483        -5.24675459E-09
   142.706268        -5.60874502E-09
   142.833069        -5.92811045E-09
   142.959854        -6.19826723E-09
   143.086655        -6.41265663E-09
   143.213440        -6.56477583E-09
   143.340225        -6.64822508E-09
   143.467026        -6.65675826E-09
   143.593811        -6.58433974E-09
   143.720612        -6.42521369E-09
   143.847397        -6.17398310E-09
   143.974197        -5.82570037E-09
   144.100983        -5.37596412E-09
   144.227783        -4.82103335E-09
   144.354568        -4.15794732E-09
   144.481369        -3.38465056E-09
   144.608154        -2.50012944E-09
   144.734955        -1.50454638E-09
   144.861740        -3.99375727E-10
   144.988541         8.12461542E-10
   145.115326         2.12647300E-09
   145.242126         3.53648244E-09
   145.368912         5.03453057E-09
   145.495712         6.61079991E-09
   145.622498         8.25355784E-09
   145.749298         9.94913307E-09
   145.876083         1.16819256E-08
   146.002884         1.34344393E-08
   146.129669         1.51873714E-08
   146.256470         1.69197207E-08
   146.383255         1.86089526E-08
   146.510056         2.02311998E-08
   146.636841         2.17614868E-08
   146.763641         2.31740191E-08
   146.890427         2.44424765E-08
   147.017212         2.55403627E-08
   147.144012         2.64413611E-08
   147.270798         2.71197234E-08
   147.397598         2.75506693E-08
   147.524384         2.77107848E-08
   147.651184         2.75784302E-08
   147.777969         2.71341349E-08
   147.904770         2.63609881E-08
   148.031555         2.52449883E-08
   148.158356         2.37753941E-08
   148.285141         2.19450094E-08
   148.411942         1.97504555E-08
   148.538727         1.71923915E-08
   148.665527         1.42756837E-08
   148.792313         1.10095399E-08
   148.919113         7.40758965E-09
   149.045898         3.48792306E-09
   149.172699        -7.26915861E-10
   149.299484        -5.20996579E-09
   149.426285        -9.92993510E-09
   149.553070        -1.48513024E-08
   149.679871        -1.99344399E-08
   149.806656        -2.51357548E-08
   149.933456        -3.04078220E-08
   150.060242        -3.56995287E-08
   150.187042        -4.09561878E-08
   150.313828        -4.61196379E-08
   150.440628        -5.11283211E-08
   150.567413        -5.59173259E-08
   150.694214        -6.04183867E-08
   150.820999        -6.45598277E-08
   150.947784        -6.82665302E-08
   151.074585        -7.14597661E-08
   151.201370        -7.40570556E-08
   151.328171        -7.59720038E-08
   151.454956        -7.71140591E-08
   151.581757        -7.73883215E-08
   151.708542        -7.66953292E-08
   151.835342        -7.49308313E-08
   151.962128        -7.19856601E-08
   152.088928        -6.77456100E-08
   152.215714        -6.20914022E-08
   152.342514        -5.48987131E-08
   152.469299        -4.60383625E-08
   152.596100        -3.53765941E-08
   152.722885        -2.27755095E-08
   152.849686        -8.09366796E-09
   152.976471         8.81315287E-09
   153.103271         2.80909713E-08
   153.230057         4.98864985E-08
   153.356857         7.43457704E-08
   153.483643         1.01612642E-07
   153.610443         1.31827107E-07
   153.737228         1.65123367E-07
   153.864029         2.01627856E-07
   153.990814         2.41457030E-07
   154.117615         2.84715128E-07
   154.244400         3.31491862E-07
   154.371201         3.81860048E-07
   154.497986         4.35873233E-07
   154.624771         4.93563277E-07
   154.751572         5.54938481E-07
   154.878357         6.19981108E-07
   155.005157         6.88645741E-07
   155.131943         7.60857517E-07
   155.258743         8.36511049E-07
   155.385529         9.15468888E-07
   155.512329         9.97561074E-07
   155.639114         1.08258484E-06
   155.765915         1.17030470E-06
   155.892700         1.26045290E-06
   156.019501         1.35273024E-06
   156.146286         1.44680757E-06
   156.273087         1.54232771E-06
   156.399872         1.63890718E-06
   156.526672         1.73613921E-06
   156.653458         1.83359623E-06
   156.780258         1.93083338E-06
   156.907043         2.02739216E-06
   157.033844         2.12280315E-06
   157.160629         2.21659093E-06
   157.287430         2.30827732E-06
   157.414215         2.39738529E-06
   157.541016         2.48344236E-06
   157.667801         2.56598446E-06
   157.794601         2.64455980E-06
   157.921387         2.71873159E-06
   158.048187         2.78808125E-06
   158.174973         2.85221108E-06
   158.301773         2.91074593E-06
   158.428558         2.96333610E-06
   158.555344         3.00965849E-06
   158.682144         3.04941727E-06
   158.808929         3.08234507E-06
   158.935730         3.10820383E-06
   159.062515         3.12678412E-06
   159.189316         3.13790656E-06
   159.316101         3.14141994E-06
   159.442902         3.13720216E-06
   159.569687         3.12515954E-06
   159.696487         3.10522546E-06
   159.823273         3.07736150E-06
   159.950073         3.04155606E-06
   160.076859         2.99782459E-06
   160.203659         2.94621054E-06
