  -4.50000000         0.00000000    
  -4.37320757         0.00000000    
  -4.24641466         0.00000000    
  -4.11962223         0.00000000    
  -3.99282932         0.00000000    
  -3.86603665         0.00000000    
  -3.73924398         0.00000000    
  -3.61245155         0.00000000    
  -3.48565888         0.00000000    
  -3.35886621         0.00000000    
  -3.23207355         0.00000000    
  -3.10528088         0.00000000    
  -2.97848821         0.00000000    
  -2.85169554         0.00000000    
  -2.72490287         0.00000000    
  -2.59811020         0.00000000    
  -2.47131753         0.00000000    
  -2.34452486         0.00000000    
  -2.21773219         0.00000000    
  -2.09093952         0.00000000    
  -1.96414697         0.00000000    
  -1.83735430         0.00000000    
  -1.71056163         0.00000000    
  -1.58376896         0.00000000    
  -1.45697629         0.00000000    
  -1.33018374         0.00000000    
  -1.20339108         0.00000000    
  -1.07659841         0.00000000    
 -0.949805737         0.00000000    
 -0.823013067         0.00000000    
 -0.696220458         0.00000000    
 -0.569427788         0.00000000    
 -0.442635119         0.00000000    
 -0.315842479         0.00000000    
 -0.189049825         0.00000000    
  -6.22571707E-02     0.00000000    
   6.45354837E-02     0.00000000    
  0.191328138         0.00000000    
  0.318120778         0.00000000    
  0.444913447         0.00000000    
  0.571706116         0.00000000    
  0.698498726         0.00000000    
  0.825291395         0.00000000    
  0.952084064         0.00000000    
   1.07887673         0.00000000    
   1.20566940         0.00000000    
   1.33246195         0.00000000    
   1.45925462         0.00000000    
   1.58604729         0.00000000    
   1.71283996         0.00000000    
   1.83963263         0.00000000    
   1.96642530         0.00000000    
   2.09321785         0.00000000    
   2.22001052         0.00000000    
   2.34680319         0.00000000    
   2.47359586         0.00000000    
   2.60038853         0.00000000    
   2.72718120         0.00000000    
   2.85397387         0.00000000    
   2.98076653         0.00000000    
   3.10755920         0.00000000    
   3.23435187         0.00000000    
   3.36114454         0.00000000    
   3.48793697         0.00000000    
   3.61472964         0.00000000    
   3.74152231         0.00000000    
   3.86831498         0.00000000    
   3.99510765         0.00000000    
   4.12190056         0.00000000    
   4.24869299         0.00000000    
   4.37548542         0.00000000    
   4.50227833         0.00000000    
   4.62907076         0.00000000    
   4.75586367         0.00000000    
   4.88265610         0.00000000    
   5.00944901         0.00000000    
   5.13624144         0.00000000    
   5.26303434         0.00000000    
   5.38982677         0.00000000    
   5.51661968         0.00000000    
   5.64341211         0.00000000    
   5.77020502         0.00000000    
   5.89699745         0.00000000    
   6.02379036         0.00000000    
   6.15058279         0.00000000    
   6.27737522         0.00000000    
   6.40416813         0.00000000    
   6.53096056         0.00000000    
   6.65775347         0.00000000    
   6.78454590         0.00000000    
   6.91133881         0.00000000    
   7.03813124         0.00000000    
   7.16492414         0.00000000    
   7.29171658         0.00000000    
   7.41850948         0.00000000    
   7.54530191         0.00000000    
   7.67209482         0.00000000    
   7.79888725         0.00000000    
   7.92567968         0.00000000    
   8.05247211         0.00000000    
   8.17926502         0.00000000    
   8.30605793         0.00000000    
   8.43285084         0.00000000    
   8.55964279         0.00000000    
   8.68643570         0.00000000    
   8.81322861         0.00000000    
   8.94002151         0.00000000    
   9.06681347         0.00000000    
   9.19360638         0.00000000    
   9.32039928         0.00000000    
   9.44719219         0.00000000    
   9.57398415         0.00000000    
   9.70077705         0.00000000    
   9.82756996         0.00000000    
   9.95436192         0.00000000    
   10.0811548         0.00000000    
   10.2079477         0.00000000    
   10.3347406         0.00000000    
   10.4615326         0.00000000    
   10.5883255         0.00000000    
   10.7151184         0.00000000    
   10.8419113         0.00000000    
   10.9687033         0.00000000    
   11.0954962         0.00000000    
   11.2222891         0.00000000    
   11.3490820         0.00000000    
   11.4758739         0.00000000    
   11.6026669         0.00000000    
   11.7294598         0.00000000    
   11.8562517         0.00000000    
   11.9830446         0.00000000    
   12.1098375         0.00000000    
   12.2366304         0.00000000    
   12.3634224         0.00000000    
   12.4902153         0.00000000    
   12.6170082         0.00000000    
   12.7438011         0.00000000    
   12.8705931         0.00000000    
   12.9973860         0.00000000    
   13.1241789         0.00000000    
   13.2509708         0.00000000    
   13.3777637         0.00000000    
   13.5045567         0.00000000    
   13.6313496         0.00000000    
   13.7581415         0.00000000    
   13.8849344         0.00000000    
   14.0117273         0.00000000    
   14.1385202         0.00000000    
   14.2653122         0.00000000    
   14.3921051         0.00000000    
   14.5188980         0.00000000    
   14.6456909         0.00000000    
   14.7724829         0.00000000    
   14.8992758         0.00000000    
   15.0260687         0.00000000    
   15.1528606         0.00000000    
   15.2796535         0.00000000    
   15.4064465         0.00000000    
   15.5332394         0.00000000    
   15.6600313         0.00000000    
   15.7868242         0.00000000    
   15.9136171         0.00000000    
   16.0404091         0.00000000    
   16.1672020         0.00000000    
   16.2939949         0.00000000    
   16.4207878         0.00000000    
   16.5475807         0.00000000    
   16.6743736         0.00000000    
   16.8011646         0.00000000    
   16.9279575         0.00000000    
   17.0547504         0.00000000    
   17.1815434         0.00000000    
   17.3083363         0.00000000    
   17.4351292         0.00000000    
   17.5619221         0.00000000    
   17.6887150         0.00000000    
   17.8155060         0.00000000    
   17.9422989         0.00000000    
   18.0690918         0.00000000    
   18.1958847         0.00000000    
   18.3226776         0.00000000    
   18.4494705         0.00000000    
   18.5762634         0.00000000    
   18.7030544         0.00000000    
   18.8298473         0.00000000    
   18.9566402         0.00000000    
   19.0834332         0.00000000    
   19.2102261         0.00000000    
   19.3370190         0.00000000    
   19.4638119         0.00000000    
   19.5906048         0.00000000    
   19.7173958         0.00000000    
   19.8441887         0.00000000    
   19.9709816         0.00000000    
   20.0977745         0.00000000    
   20.2245674         0.00000000    
   20.3513603         0.00000000    
   20.4781532         0.00000000    
   20.6049442         0.00000000    
   20.7317371         0.00000000    
   20.8585300         0.00000000    
   20.9853230         0.00000000    
   21.1121159         0.00000000    
   21.2389088         0.00000000    
   21.3657017         0.00000000    
   21.4924946         0.00000000    
   21.6192856         0.00000000    
   21.7460785         0.00000000    
   21.8728714         0.00000000    
   21.9996643         0.00000000    
   22.1264572         0.00000000    
   22.2532501         0.00000000    
   22.3800430         0.00000000    
   22.5068340         0.00000000    
   22.6336269         0.00000000    
   22.7604198         0.00000000    
   22.8872128         0.00000000    
   23.0140057         0.00000000    
   23.1407986         0.00000000    
   23.2675915         0.00000000    
   23.3943844         0.00000000    
   23.5211754         0.00000000    
   23.6479683         0.00000000    
   23.7747612         0.00000000    
   23.9015541         0.00000000    
   24.0283470         0.00000000    
   24.1551399         0.00000000    
   24.2819328         0.00000000    
   24.4087238         0.00000000    
   24.5355167         0.00000000    
   24.6623096         0.00000000    
   24.7891026         0.00000000    
   24.9158955         0.00000000    
   25.0426884         0.00000000    
   25.1694813         0.00000000    
   25.2962742         0.00000000    
   25.4230652         0.00000000    
   25.5498581         0.00000000    
   25.6766510         0.00000000    
   25.8034439         0.00000000    
   25.9302368         0.00000000    
   26.0570297         0.00000000    
   26.1838226         0.00000000    
   26.3106136         0.00000000    
   26.4374065         0.00000000    
   26.5641994         0.00000000    
   26.6909924         0.00000000    
   26.8177853         0.00000000    
   26.9445782         0.00000000    
   27.0713711         0.00000000    
   27.1981640         0.00000000    
   27.3249550         0.00000000    
   27.4517479         0.00000000    
   27.5785408         0.00000000    
   27.7053337         0.00000000    
   27.8321266         0.00000000    
   27.9589195         0.00000000    
   28.0857124         0.00000000    
   28.2125034         0.00000000    
   28.3392963         0.00000000    
   28.4660892         0.00000000    
   28.5928822         0.00000000    
   28.7196751         0.00000000    
   28.8464680         0.00000000    
   28.9732609         1.42096163E-33
   29.1000538         2.02729650E-33
   29.2268448         1.69086303E-33
   29.3536377        -2.02141094E-33
   29.4804306        -3.58376783E-33
   29.6072235         1.17721498E-33
   29.7340164         6.96042825E-33
   29.8608093         4.51939925E-33
   29.9876022        -1.20303501E-32
   30.1143932        -4.51788441E-32
   30.2411861        -1.04304541E-31
   30.3679790        -1.55929384E-31
   30.4947720        -1.90122470E-31
   30.6215649        -1.75929151E-31
   30.7483578        -1.09374401E-31
   30.8751507         2.35534079E-33
   31.0019417         1.39455090E-31
   31.1287346         2.64220802E-31
   31.2555275         3.66960936E-31
   31.3823204         4.54435725E-31
   31.5091133         4.33649035E-31
   31.6359062         5.48278025E-31
   31.7626991         1.07265044E-30
   31.8894920         1.87354371E-30
   32.0162849         2.86294038E-30
   32.1430779         3.43849965E-30
   32.2698708         3.45888404E-30
   32.3966637         3.30042966E-30
   32.5234528         4.11870200E-30
   32.6502457         4.82418894E-30
   32.7770386         4.91080125E-30
   32.9038315         3.13129859E-30
   33.0306244         7.73852522E-31
   33.1574173        -6.57729225E-30
   33.2842102        -1.14388841E-29
   33.4110031        -1.21321564E-29
   33.5377960        -8.93284977E-30
   33.6645889         3.14914598E-30
   33.7913818         2.10552743E-29
   33.9181747         3.75160380E-29
   34.0449677         4.90942594E-29
   34.1717606         6.32467148E-29
   34.2985535         7.65018855E-29
   34.4253426         8.53974430E-29
   34.5521355         9.03554126E-29
   34.6789284         8.70381307E-29
   34.8057213         7.58506444E-29
   34.9325142         6.25379245E-29
   35.0593071         4.86602450E-29
   35.1861000         3.78906223E-29
   35.3128929         3.48671621E-29
   35.4396858         5.17601918E-29
   35.5664787         9.74129227E-29
   35.6932716         1.54375563E-28
   35.8200645         2.17424226E-28
   35.9468575         2.80974883E-28
   36.0736504         3.34799713E-28
   36.2004433         3.63671979E-28
   36.3272324         3.67273902E-28
   36.4540253         3.33099671E-28
   36.5808182         2.60049148E-28
   36.7076111         1.29333394E-28
   36.8344040        -4.92050666E-29
   36.9611969        -2.80003684E-28
   37.0879898        -5.41700297E-28
   37.2147827        -8.12820918E-28
   37.3415756        -1.07314261E-27
   37.4683685        -1.29910427E-27
   37.5951614        -1.46749448E-27
   37.7219543        -1.56185311E-27
   37.8487473        -1.56259585E-27
   37.9755402        -1.46300235E-27
   38.1023293        -1.26044719E-27
   38.2291222        -9.48902410E-28
   38.3559151        -5.35831507E-28
   38.4827080        -2.37124843E-29
   38.6095009         5.82118344E-28
   38.7362938         1.27467808E-27
   38.8630867         2.02403219E-27
   38.9898796         2.81318545E-27
   39.1166725         3.61212398E-27
   39.2434654         4.38316310E-27
   39.3702583         5.09059068E-27
   39.4970512         5.68706120E-27
   39.6238441         6.11652894E-27
   39.7506371         6.32028578E-27
   39.8774300         6.23439085E-27
   40.0042191         5.79577994E-27
   40.1310120         4.94407787E-27
   40.2578049         3.62323352E-27
   40.3845978         1.79780996E-27
   40.5113907        -5.43840198E-28
   40.6381836        -3.39134154E-27
   40.7649765        -6.69231767E-27
   40.8917694        -1.03520529E-26
   41.0185623        -1.42300816E-26
   41.1453552        -1.81397456E-26
   41.2721481        -2.18514440E-26
   41.3989410        -2.50966359E-26
   41.5257339        -2.75807127E-26
   41.6525269        -2.89942867E-26
   41.7793198        -2.90361241E-26
   41.9061089        -2.74259727E-26
   42.0329018        -2.39282066E-26
   42.1596947        -1.83770202E-26
   42.2864876        -1.06907948E-26
   42.4132805        -8.93222427E-28
   42.5400734         1.08669010E-26
   42.6668663         2.43042190E-26
   42.7936592         3.89765388E-26
   42.9204521         5.42862397E-26
   43.0472450         6.94779813E-26
   43.1740379         8.36530907E-26
   43.3008308         9.57904676E-26
   43.4276237         1.04785910E-25
   43.5544167         1.09503730E-25
   43.6812096         1.08847792E-25
   43.8079987         1.01840753E-25
   43.9347916         8.77175116E-26
   44.0615845         6.60245516E-26
   44.1883774         3.67173706E-26
   44.3151703         2.50672421E-28
   44.4419632        -4.23486203E-26
   44.5687561        -8.94354226E-26
   44.6955490        -1.38733664E-25
   44.8223419        -1.87368578E-25
   44.9491348        -2.31950202E-25
   45.0759277        -2.68712279E-25
   45.2027206        -2.93707213E-25
   45.3295135        -3.03057212E-25
   45.4563065        -2.93253939E-25
   45.5830994        -2.61496124E-25
   45.7098885        -2.06054351E-25
   45.8366814        -1.26641930E-25
   45.9634743        -2.47610635E-26
   46.0902672         9.59975004E-26
   46.2170601         2.29740923E-25
   46.3438530         3.68190079E-25
   46.4706459         5.00752583E-25
   46.5974388         6.14795197E-25
   46.7242317         6.96152838E-25
   46.8510246         7.29883248E-25
   46.9778175         7.01268354E-25
   47.1046104         5.97065301E-25
   47.2314034         4.06952412E-25
   47.3581963         1.25117296E-25
   47.4849892        -2.48095966E-25
   47.6117783        -7.04602771E-25
   47.7385712        -1.22718969E-24
   47.8653641        -1.78845811E-24
   47.9921570        -2.35029195E-24
   48.1189499        -2.86401513E-24
   48.2457428        -3.27138349E-24
   48.3725357        -3.50656916E-24
   48.4993286        -3.49923078E-24
   48.6261215        -3.17872784E-24
   48.7529144        -2.47942710E-24
   48.8797073        -1.34704646E-24
   49.0065002         2.54226007E-25
   49.1332932         2.33413529E-24
   49.2600861         4.86869292E-24
   49.3868790         7.79300305E-24
   49.5136681         1.09952025E-23
   49.6404610         1.43122545E-23
   49.7672539         1.75283031E-23
   49.8940468         2.03764081E-23
   50.0208397         2.25443494E-23
   50.1476326         2.36850722E-23
   50.2744255         2.34321776E-23
   50.4012184         2.14207464E-23
   50.5280113         1.73131192E-23
   50.6548042         1.08293019E-23
   50.7815971         1.78078210E-24
   50.9083900        -9.89343120E-24
   51.0351830        -2.40907944E-23
   51.1619759        -4.05113396E-23
   51.2887688        -5.86290576E-23
   51.4155579        -7.76712573E-23
   51.5423508        -9.66097756E-23
   51.6691437        -1.14166702E-22
   51.7959366        -1.28838050E-22
   51.9227295        -1.38937906E-22
   52.0495224        -1.42664864E-22
   52.1763153        -1.38191467E-22
   52.3031082        -1.23776025E-22
   52.4299011        -9.78950067E-23
   52.5566940        -5.93915768E-23
   52.6834869        -7.63490586E-24
   52.8102798         5.73180338E-23
   52.9370728         1.34567377E-22
   53.0638657         2.22233906E-22
   53.1906586         3.17353416E-22
   53.3174477         4.15816156E-22
   53.4442406         5.12363669E-22
   53.5710335         6.00657020E-22
   53.6978264         6.73426851E-22
   53.8246193         7.22713618E-22
   53.9514122         7.40201996E-22
   54.0782051         7.17650267E-22
   54.2049980         6.47406457E-22
   54.3317909         5.22999432E-22
   54.4585838         3.39783243E-22
   54.5853767         9.56076067E-23
   54.7121696        -2.08521370E-22
   54.8389626        -5.67831773E-22
   54.9657555        -9.73276239E-22
   55.0925484        -1.41117053E-21
   55.2193375        -1.86303510E-21
   55.3461304        -2.30568760E-21
   55.4729233        -2.71163436E-21
   55.5997162        -3.04979250E-21
   55.7265091        -3.28657154E-21
   55.8533020        -3.38731592E-21
   55.9800949        -3.31809972E-21
   56.1068878        -3.04783542E-21
   56.2336807        -2.55062980E-21
   56.3604736        -1.80830487E-21
   56.4872665        -8.12967384E-22
   56.6140594         4.30521457E-22
   56.7408524         1.90232699E-21
   56.8676453         3.56585405E-21
   56.9944382         5.36657656E-21
   57.1212273         7.23166609E-21
   57.2480202         9.07059360E-21
   57.3748131         1.07768386E-20
   57.5016060         1.22308315E-20
   57.6283989         1.33041767E-20
   57.7551918         1.38651530E-20
   57.8819847         1.37854221E-20
   58.0087776         1.29477604E-20
   58.1355705         1.12546121E-20
   58.2623634         8.63707341E-21
   58.3891563         5.06391893E-21
   58.5159492         5.50158159E-22
   58.6427422        -4.83542240E-21
   58.7695351        -1.09643566E-20
   58.8963280        -1.76448320E-20
   59.0231171        -2.46208500E-20
   59.1499100        -3.15747603E-20
   59.2767029        -3.81336014E-20
   59.4034958        -4.38795663E-20
   59.5302887        -4.83646914E-20
   59.6570816        -5.11297365E-20
   59.7838745        -5.17268575E-20
   59.9106674        -4.97455208E-20
   60.0374603        -4.48408051E-20
   60.1642532        -3.67628791E-20
   60.2910461        -2.53863523E-20
   60.4178391        -1.07377802E-20
   60.5446320         6.98037605E-21
   60.6714249         2.73712417E-20
   60.7982178         4.98323263E-20
   60.9250069         7.35535075E-20
   61.0517998         9.75255765E-20
   61.1785927         1.20560786E-19
   61.3053856         1.41326108E-19
   61.4321785         1.58389397E-19
   61.5589714         1.70278153E-19
   61.6857643         1.75549646E-19
   61.8125572         1.72870460E-19
   61.9393501         1.61102717E-19
   62.0661430         1.39393478E-19
   62.1929359         1.07263043E-19
   62.3197289         6.46874820E-20
   62.4465218         1.21699182E-20
   62.5733147        -4.92045350E-20
   62.7001076        -1.17735861E-19
   62.8268967        -1.91102813E-19
   62.9536896        -2.66388036E-19
   63.0804825        -3.40137159E-19
   63.2072754        -4.08454781E-19
   63.3340683        -4.67136602E-19
   63.4608612        -5.11837288E-19
   63.5876541        -5.38269482E-19
   63.7144470        -5.42428960E-19
   63.8412399        -5.20837271E-19
   63.9680328        -4.70792896E-19
   64.0948257        -3.90618131E-19
   64.2216187        -2.79888942E-19
   64.3484116        -1.39633839E-19
   64.4752045         2.75132324E-20
   64.6019974         2.17219981E-19
   64.7287903         4.23435617E-19
   64.8555832         6.38454341E-19
   64.9823761         8.53071521E-19
   65.1091690         1.05683614E-18
   65.2359619         1.23839970E-18
   65.3627548         1.38595766E-18
   65.4895477         1.48777243E-18
   65.6163330         1.53276288E-18
   65.7431259         1.51113842E-18
   65.8699188         1.41505229E-18
   65.9967117         1.23924425E-18
   66.1235046         9.81636119E-19
   66.2502975         6.43848437E-19
   66.3770905         2.31597078E-19
   66.5038834        -2.45060838E-19
   66.6306763        -7.71666402E-19
   66.7574692        -1.32950765E-18
   66.8842621        -1.89599909E-18
   67.0110550        -2.44529913E-18
   67.1378479        -2.94916668E-18
   67.2646408        -3.37804081E-18
   67.3914337        -3.70231939E-18
   67.5182266        -3.89379598E-18
   67.6450195        -3.92720457E-18
   67.7718124        -3.78180193E-18
   67.8986053        -3.44292341E-18
   68.0253983        -2.90342235E-18
   68.1521912        -2.16491385E-18
   68.2789841        -1.23873202E-18
   68.4057770        -1.46527989E-19
   68.5325699         1.07957482E-18
   68.6593628         2.39731603E-18
   68.7861557         3.75516961E-18
   68.9129486         5.09377490E-18
   69.0397415         6.34791099E-18
   69.1665344         7.44898475E-18
   69.2933273         8.32797003E-18
   69.4201126         8.91869611E-18
   69.5469055         9.16137187E-18
   69.6736984         9.00618617E-18
   69.8004913         8.41682908E-18
   69.9272842         7.37374027E-18
   70.0540771         5.87689450E-18
   70.1808701         3.94794736E-18
   70.3076630         1.63154820E-18
   70.4344559        -1.00432734E-18
   70.5612488        -3.86914435E-18
   70.6880417        -6.85175828E-18
   70.8148346        -9.82359365E-18
   70.9416275        -1.26430032E-17
   71.0684204        -1.51607400E-17
   71.1952133        -1.72263704E-17
   71.3220062        -1.86954515E-17
   71.4487991        -1.94371347E-17
   71.5755920        -1.93419543E-17
   71.7023849        -1.83293347E-17
   71.8291779        -1.63545171E-17
   71.9559708        -1.34144376E-17
   72.0827637        -9.55217666E-18
   72.2095566        -4.85962406E-18
   72.3363495         5.21970043E-19
   72.4631424         6.40380317E-18
   72.5899353         1.25538199E-17
   72.7167282         1.87035843E-17
   72.8435211         2.45576176E-17
   72.9703140         2.98050182E-17
   73.0971069         3.41330058E-17
   73.2238922         3.72419476E-17
   73.3506851         3.88612330E-17
   73.4774780         3.87653793E-17
   73.6042709         3.67895195E-17
   73.7310638         3.28435040E-17
   73.8578568         2.69237893E-17
   73.9846497         1.91222866E-17
   74.1114426         9.63144621E-18
   74.2382355        -1.25502955E-18
   74.3650284        -1.31463401E-17
   74.4918213        -2.55638762E-17
   74.6186142        -3.79556820E-17
   74.7454071        -4.97159139E-17
   74.8722000        -6.02088423E-17
   74.9989929        -6.87966645E-17
   75.1257858        -7.48701687E-17
   75.2525787        -7.78810002E-17
   75.3793716        -7.73742363E-17
   75.5061646        -7.30195009E-17
   75.6329575        -6.46393209E-17
   75.7597504        -5.22327003E-17
   75.8865433        -3.59926269E-17
   76.0133362        -1.63159341E-17
   76.1401291         6.19563118E-18
   76.2669220         3.07440733E-17
   76.3937149         5.63539953E-17
   76.5205078         8.19017002E-17
   76.6473007         1.06154159E-16
   76.7740936         1.27816941E-16
   76.9008865         1.45589611E-16
   77.0276718         1.58226562E-16
   77.1544647         1.64601266E-16
   77.2812576         1.63770723E-16
   77.4080505         1.55037575E-16
   77.5348434         1.38006324E-16
   77.6616364         1.12630778E-16
   77.7884293         7.92496929E-17
   77.9152222         3.86073845E-17
   78.0420151        -8.14217865E-18
   78.1688080        -5.94501985E-17
   78.2956009        -1.13407455E-16
   78.4223938        -1.67798497E-16
   78.5491867        -2.20174766E-16
   78.6759796        -2.67945267E-16
   78.8027725        -3.08481617E-16
   78.9295654        -3.39234313E-16
   79.0563583        -3.57855830E-16
   79.1831512        -3.62324828E-16
   79.3099442        -3.51067125E-16
   79.4367371        -3.23066413E-16
   79.5635300        -2.77959394E-16
   79.6903229        -2.16109683E-16
   79.8171158        -1.38655297E-16
   79.9439087        -4.75252551E-17
   80.0707016         5.45777805E-17
   80.1974945         1.64230967E-16
   80.3242874         2.77381188E-16
   80.4510803         3.89470328E-16
   80.5778732         4.95593578E-16
   80.7046585         5.90685308E-16
   80.8314514         6.69727299E-16
   80.9582443         7.27971190E-16
   81.0850372         7.61166729E-16
   81.2118301         7.65785388E-16
   81.3386230         7.39230111E-16
   81.4654160         6.80019702E-16
   81.5922089         5.87938645E-16
   81.7190018         4.64142556E-16
   81.8457947         3.11211869E-16
   81.9725876         1.33147266E-16
   82.0993805        -6.46972169E-17
   82.2261734        -2.75744641E-16
   82.3529663        -4.92387823E-16
   82.4797592        -7.06240348E-16
   82.6065521        -9.08439130E-16
   82.7333450        -1.08998783E-15
   82.8601379        -1.24212935E-15
   82.9869308        -1.35673396E-15
   83.1137238        -1.42668449E-15
   83.2405167        -1.44624375E-15
   83.3673096        -1.41138633E-15
   83.4941025        -1.32007628E-15
   83.6208954        -1.17247677E-15
   83.7476883        -9.71077746E-16
   83.8744812        -7.20728794E-16
   84.0012741        -4.28572943E-16
   84.1280670        -1.03875932E-16
   84.2548599         2.42248749E-16
   84.3816528         5.97210267E-16
   84.5084381         9.47398305E-16
   84.6352310         1.27871249E-15
   84.7620239         1.57714401E-15
   84.8888168         1.82938576E-15
   85.0156097         2.02344651E-15
   85.1424026         2.14924171E-15
   85.2691956         2.19913110E-15
   85.3959885         2.16837724E-15
   85.5227814         2.05549824E-15
   85.6495743         1.86249183E-15
   85.7763672         1.59491497E-15
   85.9031601         1.26180264E-15
   86.0299530         8.75422792E-16
   86.1567459         4.50866585E-16
   86.2835388         5.48459127E-18
   86.4103317        -4.41815985E-16
   86.5371246        -8.71389697E-16
   86.6639175        -1.26375442E-15
   86.7907104        -1.60053853E-15
   86.9175034        -1.86543442E-15
   87.0442963        -2.04510938E-15
   87.1710892        -2.13003227E-15
   87.2978821        -2.11516832E-15
   87.4246750        -2.00049510E-15
   87.5514679        -1.79130972E-15
   87.6782608        -1.49829053E-15
   87.8050537        -1.13729515E-15
   87.9318466        -7.28882545E-16
   88.0586395        -2.97561721E-16
   88.1854324         1.29220660E-16
   88.3122177         5.22323079E-16
   88.4390106         8.52341779E-16
   88.5658035         1.09118469E-15
   88.6925964         1.21371669E-15
   88.8193893         1.19940458E-15
   88.9461823         1.03388196E-15
   89.0729752         7.10360952E-16
   89.1997681         2.30787176E-16
   89.3265610        -3.93314799E-16
   89.4533539        -1.14040016E-15
   89.5801468        -1.97889999E-15
   89.7069397        -2.86773190E-15
   89.8337326        -3.75730856E-15
   89.9605255        -4.59108925E-15
   90.0873184        -5.30762830E-15
   90.2141113        -5.84307849E-15
   90.3409042        -6.13409953E-15
   90.4676971        -6.12104759E-15
   90.5944901        -5.75136684E-15
   90.7212830        -4.98301224E-15
   90.8480759        -3.78778353E-15
   90.9748688        -2.15439336E-15
   91.1016617        -9.11171738E-17
   91.2284546         2.37214457E-15
   91.3552475         5.18254017E-15
   91.4820404         8.26381522E-15
   91.6088333         1.15168241E-14
   91.7356262         1.48211199E-14
   91.8624191         1.80376428E-14
   91.9892120         2.10124988E-14
   92.1159973         2.35818021E-14
   92.2427902         2.55774778E-14
   92.3695831         2.68338733E-14
   92.4963760         2.71950092E-14
   92.6231689         2.65222008E-14
   92.7499619         2.47017999E-14
   92.8767548         2.16527591E-14
   93.0035477         1.73336551E-14
   93.1303406         1.17488798E-14
   93.2571335         4.95362952E-15
   93.3839264        -2.94260241E-15
   93.5107193        -1.17743517E-14
   93.6375122        -2.13205020E-14
   93.7643051        -3.13068764E-14
   93.8910980        -4.14111426E-14
   94.0178909        -5.12700742E-14
   94.1446838        -6.04891706E-14
   94.2714767        -6.86543853E-14
   94.3982697        -7.53458372E-14
   94.5250626        -8.01529999E-14
   94.6518555        -8.26911171E-14
   94.7786484        -8.26181232E-14
   94.9054413        -7.96516783E-14
   95.0322342        -7.35854994E-14
   95.1590271        -6.43044510E-14
   95.2858200        -5.17975826E-14
   95.4126129        -3.61685948E-14
   95.5394058        -1.76429695E-14
   95.6661987         3.42872605E-15
   95.7929916         2.65717946E-14
   95.9197769         5.11930315E-14
   96.0465698         7.65911111E-14
   96.1733627         1.01971844E-13
   96.3001556         1.26468091E-13
   96.4269485         1.49164047E-13
   96.5537415         1.69123287E-13
   96.6805344         1.85419984E-13
   96.8073273         1.97172262E-13
   96.9341202         2.03576793E-13
   97.0609131         2.03943348E-13
   97.1877060         1.97728268E-13
   97.3144989         1.84565186E-13
   97.4412918         1.64292150E-13
   97.5680847         1.36973522E-13
   97.6948776         1.02915614E-13
   97.8216705         6.26751933E-14
   97.9484634         1.70596789E-14
   98.0752563        -3.28812769E-14
   98.2020493        -8.58732776E-14
   98.3288422        -1.40443701E-13
   98.4556351        -1.94957101E-13
   98.5824280        -2.47658556E-13
   98.7092209        -2.96724396E-13
   98.8360138        -3.40318567E-13
   98.9628067        -3.76653298E-13
   99.0895996        -4.04052334E-13
   99.2163925        -4.21014325E-13
   99.3431854        -4.26274386E-13
   99.4699783        -4.18861614E-13
   99.5967712        -3.98150181E-13
   99.7235565        -3.63901726E-13
   99.8503494        -3.16297336E-13
   99.9771423        -2.55957202E-13
   100.103935        -1.83946472E-13
   100.230728        -1.01766414E-13
   100.357521        -1.13303743E-14
   100.484314         8.50754539E-14
   100.611107         1.84846049E-13
   100.737900         2.85125249E-13
   100.864693         3.82885374E-13
   100.991486         4.75016619E-13
   101.118279         5.58423913E-13
   101.245071         6.30127840E-13
   101.371864         6.87366613E-13
   101.498657         7.27695681E-13
   101.625450         7.49080810E-13
   101.752243         7.49982325E-13
   101.879036         7.29425526E-13
   102.005829         6.87056044E-13
   102.132622         6.23176207E-13
   102.259415         5.38761093E-13
   102.386208         4.35452482E-13
   102.513000         3.15530913E-13
   102.639793         1.81864723E-13
   102.766586         3.78381103E-14
   102.893379        -1.12740553E-13
   103.020172        -2.65747331E-13
   103.146965        -4.16865083E-13
   103.273758        -5.61715930E-13
   103.400551        -6.95999085E-13
   103.527336        -8.15629573E-13
   103.654129        -9.16872914E-13
   103.780922        -9.96471026E-13
   103.907715        -1.05175417E-12
   104.034508        -1.08073522E-12
   104.161301        -1.08218241E-12
   104.288094        -1.05566706E-12
   104.414886        -1.00158412E-12
   104.541679        -9.21145647E-13
   104.668472        -8.16344605E-13
   104.795265        -6.89892262E-13
   104.922058        -5.45129697E-13
   105.048851        -3.85917183E-13
   105.175644        -2.16504576E-13
   105.302437        -4.13887742E-14
   105.429230         1.34837833E-13
   105.556023         3.07641011E-13
   105.682816         4.72695071E-13
   105.809608         6.26023593E-13
   105.936401         7.64125471E-13
   106.063194         8.84080081E-13
   106.189987         9.83628326E-13
   106.316780         1.06122511E-12
   106.443573         1.11606286E-12
   106.570366         1.14806201E-12
   106.697159         1.15783240E-12
   106.823952         1.14660462E-12
   106.950745         1.11613583E-12
   107.077538         1.06859389E-12
   107.204330         1.00642552E-12
   107.331116         9.32214809E-13
   107.457909         8.48538199E-13
   107.584702         7.57824034E-13
   107.711494         6.62224073E-13
   107.838287         5.63502695E-13
   107.965080         4.62950858E-13
   108.091873         3.61330323E-13
   108.218666         2.58850911E-13
   108.345459         1.55184296E-13
   108.472252         4.95146899E-14
   108.599045        -5.93748886E-14
   108.725838        -1.72983738E-13
   108.852631        -2.92945816E-13
   108.979424        -4.20861046E-13
   109.106216        -5.58112530E-13
   109.233009        -7.05679005E-13
   109.359802        -8.63952031E-13
   109.486595        -1.03256802E-12
   109.613388        -1.21026670E-12
   109.740181        -1.39478229E-12
   109.866974        -1.58277970E-12
   109.993767        -1.76984003E-12
   110.120560        -1.95049987E-12
   110.247353        -2.11835128E-12
   110.374146        -2.26619808E-12
   110.500938        -2.38626913E-12
   110.627731        -2.47048085E-12
   110.754524        -2.51074487E-12
   110.881317        -2.49930588E-12
   111.008102        -2.42910228E-12
   111.134895        -2.29413060E-12
   111.261688        -2.08980207E-12
   111.388481        -1.81327403E-12
   111.515274        -1.46373896E-12
   111.642067        -1.04265826E-12
   111.768860        -5.53927455E-13
   111.895653        -3.95743195E-15
   112.022446         5.98331443E-13
   112.149239         1.24161141E-12
   112.276031         1.91234702E-12
   112.402824         2.59508669E-12
   112.529617         3.27284510E-12
   112.656410         3.92756053E-12
   112.783203         4.54061832E-12
   112.909996         5.09341571E-12
   113.036789         5.56795625E-12
   113.163582         5.94744609E-12
   113.290375         6.21687120E-12
   113.417168         6.36353253E-12
   113.543961         6.37751310E-12
   113.670753         6.25206440E-12
   113.797546         5.98388786E-12
   113.924339         5.57329877E-12
   114.051132         5.02426963E-12
   114.177925         4.34433999E-12
   114.304718         3.54440652E-12
   114.431511         2.63838517E-12
   114.558304         1.64277554E-12
   114.685097         5.76131916E-13
   114.811882        -5.41528356E-13
   114.938675        -1.68935330E-12
   115.065468        -2.84629958E-12
   115.192261        -3.99175094E-12
   115.319054        -5.10609133E-12
   115.445847        -6.17119333E-12
   115.572639        -7.17081212E-12
   115.699432        -8.09085177E-12
   115.826225        -8.91949969E-12
   115.953018        -9.64720751E-12
   116.079811        -1.02665394E-11
   116.206604        -1.07718790E-11
   116.333397        -1.11590208E-11
   116.460190        -1.14246564E-11
   116.586983        -1.15658108E-11
   116.713776        -1.15792523E-11
   116.840569        -1.14609095E-11
   116.967361        -1.12053587E-11
   117.094154        -1.08054069E-11
   117.220947        -1.02518384E-11
   117.347740        -9.53333593E-12
   117.474533        -8.63663481E-12
   117.601326        -7.54690321E-12
   117.728119        -6.24840717E-12
   117.854912        -4.72540193E-12
   117.981705        -2.96329194E-12
   118.108498        -9.49996375E-13
   118.235291         1.32251848E-12
   118.362083         3.85657695E-12
   118.488876         6.64708089E-12
   118.615662         9.67984286E-12
   118.742455         1.29300182E-11
   118.869247         1.63607617E-11
   118.996040         1.99221750E-11
   119.122833         2.35506527E-11
   119.249626         2.71687031E-11
   119.376419         3.06853189E-11
   119.503212         3.39969580E-11
   119.630005         3.69891548E-11
   119.756798         3.95387958E-11
   119.883591         4.15170572E-11
   120.010384         4.27929393E-11
   120.137177         4.32373616E-11
   120.263969         4.27276999E-11
   120.390762         4.11526611E-11
   120.517555         3.84173873E-11
   120.644348         3.44485239E-11
   120.771141         2.91992125E-11
   120.897934         2.26536914E-11
   121.024727         1.48313740E-11
   121.151520         5.79023851E-12
   121.278313        -4.37076894E-12
   121.405106        -1.55103014E-11
   121.531898        -2.74444859E-11
   121.658691        -3.99480934E-11
   121.785484        -5.27570522E-11
   121.912277        -6.55724849E-11
   122.039070        -7.80660744E-11
   122.165863        -8.98868896E-11
   122.292656        -1.00669313E-10
   122.419441        -1.10042205E-10
   122.546234        -1.17638829E-10
   122.673027        -1.23107496E-10
   122.799820        -1.26122557E-10
   122.926613        -1.26395394E-10
   123.053406        -1.23685187E-10
   123.180199        -1.17809137E-10
   123.306992        -1.08651581E-10
   123.433784        -9.61719732E-11
   123.560577        -8.04113096E-11
   123.687370        -6.14965856E-11
   123.814163        -3.96433650E-11
   123.940956        -1.51559373E-11
   124.067749         1.15747308E-11
   124.194542         4.00755540E-11
   124.321335         6.97982297E-11
   124.448128         1.00128537E-10
   124.574921         1.30397734E-10
   124.701714         1.59895958E-10
   124.828506         1.87887303E-10
   124.955299         2.13626283E-10
   125.082092         2.36375253E-10
   125.208885         2.55422433E-10
   125.335678         2.70100081E-10
   125.462471         2.79802487E-10
   125.589264         2.84002988E-10
   125.716057         2.82269930E-10
   125.842850         2.74281292E-10
   125.969643         2.59836791E-10
   126.096436         2.38868175E-10
   126.223221         2.11446791E-10
   126.350014         1.77788104E-10
   126.476807         1.38253561E-10
   126.603600         9.33491132E-11
   126.730392         4.37207909E-11
   126.857185        -9.85295526E-12
   126.983978        -6.64718489E-11
   127.110771        -1.25127145E-10
   127.237564        -1.84717741E-10
   127.364357        -2.44068543E-10
   127.491150        -3.01950909E-10
   127.617943        -3.57104873E-10
   127.744736        -4.08262563E-10
   127.871529        -4.54172616E-10
   127.998322        -4.93625196E-10
   128.125107        -5.25477051E-10
   128.251907        -5.48676327E-10
   128.378693        -5.62286440E-10
   128.505493        -5.65509195E-10
   128.632278        -5.57706159E-10
   128.759079        -5.38417977E-10
   128.885864        -5.07381581E-10
   129.012665        -4.64544792E-10
   129.139450        -4.10077639E-10
   129.266251        -3.44380774E-10
   129.393036        -2.68090050E-10
   129.519836        -1.82077284E-10
   129.646622        -8.74469941E-11
   129.773422         1.44710901E-11
   129.900208         1.22133803E-10
   130.027008         2.33801034E-10
   130.153793         3.47556373E-10
   130.280594         4.61332500E-10
   130.407379         5.72940528E-10
   130.534180         6.80103862E-10
   130.660965         7.80495391E-10
   130.787766         8.71778427E-10
   130.914551         9.51650536E-10
   131.041351         1.01788922E-09
   131.168137         1.06839992E-09
   131.294937         1.10126397E-09
   131.421722         1.11478748E-09
   131.548523         1.10754783E-09
   131.675308         1.07843923E-09
   131.802109         1.02671449E-09
   131.928894         9.52022794E-10
   132.055679         8.54440851E-10
   132.182480         7.34499961E-10
   132.309265         5.93202931E-10
   132.436066         4.32033909E-10
   132.562851         2.52959043E-10
   132.689651         5.84166743E-11
   132.816437        -1.48702869E-10
   132.943237        -3.65087988E-10
   133.070023        -5.87047133E-10
   133.196823        -8.10560730E-10
   133.323608        -1.03134357E-09
   133.450409        -1.24491539E-09
   133.577194        -1.44668122E-09
   133.703995        -1.63201785E-09
   133.830780        -1.79636583E-09
   133.957581        -1.93532523E-09
   134.084366        -2.04475459E-09
   134.211166        -2.12086770E-09
   134.337952        -2.16033058E-09
   134.464752        -2.16035145E-09
   134.591537        -2.11876627E-09
   134.718338        -2.03411465E-09
   134.845123        -1.90570471E-09
   134.971924        -1.73366554E-09
   135.098709        -1.51898616E-09
   135.225510        -1.26353727E-09
   135.352295        -9.70077685E-10
   135.479095        -6.42241316E-10
   135.605881        -2.84508805E-10
   135.732666         9.78414294E-11
   135.859467         4.98798725E-10
   135.986252         9.11702713E-10
   136.113052         1.32934230E-09
   136.239838         1.74406833E-09
   136.366638         2.14792051E-09
   136.493423         2.53276244E-09
   136.620224         2.89042901E-09
   136.747009         3.21287463E-09
   136.873810         3.49233020E-09
   137.000595         3.72145537E-09
   137.127396         3.89349220E-09
   137.254181         4.00241262E-09
   137.380981         4.04305700E-09
   137.507767         4.01126332E-09
   137.634567         3.90398291E-09
   137.761353         3.71938147E-09
   137.888153         3.45692164E-09
   138.014938         3.11742698E-09
   138.141739         2.70312550E-09
   138.268524         2.21767005E-09
   138.395325         1.66613690E-09
   138.522110         1.05500053E-09
   138.648911         3.92082450E-10
   138.775696        -3.13520487E-10
   138.902496        -1.05153430E-09
   139.029282        -1.81062754E-09
   139.156082        -2.57855359E-09
   139.282867        -3.34231243E-09
   139.409653        -4.08833367E-09
   139.536453        -4.80267293E-09
   139.663239        -5.47122880E-09
   139.790039        -6.07996409E-09
   139.916824        -6.61514443E-09
   140.043625        -7.06357772E-09
   140.170410        -7.41285966E-09
   140.297211        -7.65161534E-09
   140.423996        -7.76974129E-09
   140.550797        -7.75863462E-09
   140.677582        -7.61141195E-09
   140.804382        -7.32311012E-09
   140.931168        -6.89086965E-09
   141.057968        -6.31408881E-09
   141.184753        -5.59455460E-09
   141.311554        -4.73653294E-09
   141.438339        -3.74683262E-09
   141.565140        -2.63482280E-09
   141.691925        -1.41241230E-09
   141.818726        -9.39856387E-11
   141.945511         1.30370881E-09
   142.072311         2.76171308E-09
   142.199097         4.25906199E-09
   142.325897         5.77302739E-09
   142.452682         7.27940819E-09
   142.579483         8.75285888E-09
   142.706268         1.01672519E-08
   142.833069         1.14960788E-08
   142.959854         1.27128681E-08
   143.086655         1.37916327E-08
   143.213440         1.47073225E-08
   143.340225         1.54362851E-08
   143.467026         1.59567328E-08
   143.593811         1.62491798E-08
   143.720612         1.62968821E-08
   143.847397         1.60862310E-08
   143.974197         1.56071227E-08
   144.100983         1.48532813E-08
   144.227783         1.38225245E-08
   144.354568         1.25169750E-08
   144.481369         1.09432134E-08
   144.608154         9.11234999E-09
   144.734955         7.04003211E-09
   144.861740         4.74637218E-09
   144.988541         2.25579933E-09
   145.115326        -4.03165779E-10
   145.242126        -3.19821214E-09
   145.368912        -6.09361273E-09
   145.495712        -9.05066777E-09
   145.622498        -1.20282051E-08
   145.749298        -1.49831489E-08
   145.876083        -1.78711286E-08
   146.002884        -2.06471213E-08
   146.129669        -2.32661392E-08
   146.256470        -2.56839225E-08
   146.383255        -2.78576486E-08
   146.510056        -2.97466283E-08
   146.636841        -3.13130037E-08
   146.763641        -3.25224008E-08
   146.890427        -3.33445520E-08
   147.017212        -3.37538815E-08
   147.144012        -3.37300108E-08
   147.270798        -3.32582104E-08
   147.397598        -3.23297762E-08
   147.524384        -3.09423065E-08
   147.651184        -2.90999012E-08
   147.777969        -2.68132734E-08
   147.904770        -2.40997338E-08
   148.031555        -2.09831033E-08
   148.158356        -1.74935142E-08
   148.285141        -1.36671021E-08
   148.411942        -9.54561852E-09
   148.538727        -5.17593879E-09
   148.665527        -6.09485962E-10
   148.792313         4.09842071E-09
   148.919113         8.88928842E-09
   149.045898         1.37022278E-08
   149.172699         1.84747808E-08
   149.299484         2.31437731E-08
   149.426285         2.76461964E-08
   149.553070         3.19200772E-08
   149.679871         3.59053409E-08
   149.806656         3.95446520E-08
   149.933456         4.27842011E-08
   150.060242         4.55744242E-08
   150.187042         4.78706461E-08
   150.313828         4.96336412E-08
   150.440628         5.08300673E-08
   150.567413         5.14327887E-08
   150.694214         5.14210576E-08
   150.820999         5.07805673E-08
   150.947784         4.95033241E-08
   151.074585         4.75874025E-08
   151.201370         4.50365185E-08
   151.328171         4.18594439E-08
   151.454956         3.80692846E-08
   151.581757         3.36825927E-08
   151.708542         2.87183788E-08
   151.835342         2.31969519E-08
   151.962128         1.71387047E-08
   152.088928         1.05627960E-08
   152.215714         3.48575879E-09
   152.342514        -4.07988843E-09
   152.469299        -1.21270762E-08
   152.596100        -2.06555537E-08
   152.722885        -2.96732363E-08
   152.849686        -3.91974417E-08
   152.976471        -4.92560162E-08
   153.103271        -5.98882792E-08
   153.230057        -7.11458554E-08
   153.356857        -8.30931768E-08
   153.483643        -9.58078843E-08
   153.610443        -1.09380913E-07
   153.737228        -1.23916195E-07
   153.864029        -1.39530272E-07
   153.990814        -1.56351504E-07
   154.117615        -1.74518902E-07
   154.244400        -1.94180885E-07
   154.371201        -2.15493472E-07
   154.497986        -2.38618497E-07
   154.624771        -2.63721347E-07
   154.751572        -2.90968615E-07
   154.878357        -3.20525487E-07
   155.005157        -3.52553087E-07
   155.131943        -3.87205688E-07
   155.258743        -4.24627757E-07
   155.385529        -4.64951228E-07
   155.512329        -5.08292487E-07
   155.639114        -5.54749874E-07
   155.765915        -6.04400896E-07
   155.892700        -6.57299950E-07
   156.019501        -7.13476254E-07
   156.146286        -7.72931685E-07
   156.273087        -8.35639526E-07
   156.399872        -9.01542990E-07
   156.526672        -9.70554424E-07
   156.653458        -1.04255491E-06
   156.780258        -1.11739405E-06
   156.907043        -1.19489016E-06
   157.033844        -1.27483111E-06
   157.160629        -1.35697553E-06
   157.287430        -1.44105377E-06
   157.414215        -1.52677012E-06
   157.541016        -1.61380467E-06
   157.667801        -1.70181534E-06
   157.794601        -1.79044105E-06
   157.921387        -1.87930425E-06
   158.048187        -1.96801352E-06
   158.174973        -2.05616743E-06
   158.301773        -2.14335728E-06
   158.428558        -2.22916970E-06
   158.555344        -2.31319154E-06
   158.682144        -2.39501173E-06
   158.808929        -2.47422531E-06
   158.935730        -2.55043597E-06
   159.062515        -2.62326034E-06
   159.189316        -2.69232964E-06
   159.316101        -2.75729371E-06
   159.442902        -2.81782332E-06
   159.569687        -2.87361354E-06
   159.696487        -2.92438494E-06
   159.823273        -2.96988742E-06
   159.950073        -3.00990155E-06
   160.076859        -3.04424134E-06
   160.203659        -3.07275536E-06
