  -4.50000000         0.00000000    
  -4.37320757         0.00000000    
  -4.24641466         0.00000000    
  -4.11962223         0.00000000    
  -3.99282932        -2.82382985E-23
  -3.86603665        -9.87300885E-23
  -3.73924398         6.27487883E-22
  -3.61245155         6.42234054E-21
  -3.48565888         2.75883217E-20
  -3.35886621         7.59641186E-20
  -3.23207355         1.45724318E-19
  -3.10528088         1.86307570E-19
  -2.97848821         9.96941274E-20
  -2.85169554        -1.98274017E-19
  -2.72490287        -6.58240553E-19
  -2.59811020        -1.01855908E-18
  -2.47131753        -9.33682081E-19
  -2.34452486        -4.09080750E-19
  -2.21773219        -4.03502192E-19
  -2.09093952        -3.16981753E-18
  -1.96414697        -1.18138216E-17
  -1.83735430        -2.88568971E-17
  -1.71056163        -5.42401121E-17
  -1.58376896        -8.38415049E-17
  -1.45697629        -1.09720247E-16
  -1.33018374        -1.22705521E-16
  -1.20339108        -1.16820878E-16
  -1.07659841        -9.39354708E-17
 -0.949805737        -6.65052617E-17
 -0.823013067        -5.64858545E-17
 -0.696220458        -8.92671016E-17
 -0.569427788        -1.82594694E-16
 -0.442635119        -3.32027466E-16
 -0.315842479        -4.96915214E-16
 -0.189049825        -5.94055334E-16
  -6.22571707E-02    -5.08681137E-16
   6.45354837E-02    -1.31439436E-16
  0.191328138         5.77345704E-16
  0.318120778         1.50908396E-15
  0.444913447         2.34417554E-15
  0.571706116         2.54695205E-15
  0.698498726         1.45650873E-15
  0.825291395        -1.51326184E-15
  0.952084064        -6.59385715E-15
   1.07887673        -1.33785076E-14
   1.20566940        -2.06403227E-14
   1.33246195        -2.63521098E-14
   1.45925462        -2.79596106E-14
   1.58604729        -2.28801946E-14
   1.71283996        -9.11469962E-15
   1.83963263         1.41977215E-14
   1.96642530         4.64563758E-14
   2.09321785         8.56294541E-14
   2.22001052         1.28666175E-13
   2.34680319         1.72219200E-13
   2.47359586         2.13537101E-13
   2.60038853         2.51371894E-13
   2.72718120         2.86784702E-13
   2.85397387         3.23796925E-13
   2.98076653         3.69884407E-13
   3.10755920         4.36315182E-13
   3.23435187         5.38277268E-13
   3.36114454         6.94658849E-13
   3.48793697         9.27270630E-13
   3.61472964         1.25929974E-12
   3.74152231         1.71288732E-12
   3.86831498         2.30592368E-12
   3.99510765         3.04842393E-12
   4.12190056         3.93910338E-12
   4.24869299         4.96296710E-12
   4.37548542         6.09078976E-12
   4.50227833         7.28125286E-12
   4.62907076         8.48623775E-12
   4.75586367         9.65929160E-12
   4.88265610         1.07666974E-11
   5.00944901         1.17998406E-11
   5.13624144         1.27868523E-11
   5.26303434         1.38009439E-11
   5.38982677         1.49626405E-11
   5.51661968         1.64334674E-11
   5.64341211         1.83997088E-11
   5.77020502         2.10465968E-11
   5.89699745         2.45255344E-11
   6.02379036         2.89192559E-11
   6.15058279         3.42115156E-11
   6.27737522         4.02684414E-11
   6.40416813         4.68373743E-11
   6.53096056         5.35657664E-11
   6.65775347         6.00378636E-11
   6.78454590         6.58209598E-11
   6.91133881         7.05080577E-11
   7.03813124         7.37402223E-11
   7.16492414         7.51924772E-11
   7.29171658         7.45116746E-11
   7.41850948         7.12040427E-11
   7.54530191         6.44825929E-11
   7.67209482         5.30980607E-11
   7.79888725         3.51886228E-11
   7.92567968         8.19002071E-12
   8.05247211        -3.11544193E-11
   8.17926502        -8.66558006E-11
   8.30605793        -1.62406616E-10
   8.43285084        -2.62393302E-10
   8.55964279        -3.90044719E-10
   8.68643570        -5.47791479E-10
   8.81322861        -7.36724737E-10
   8.94002151        -9.56438595E-10
   9.06681347        -1.20511590E-09
   9.19360638        -1.47986767E-09
   9.32039928        -1.77728332E-09
   9.44719219        -2.09406825E-09
   9.57398415        -2.42760057E-09
   9.70077705        -2.77618706E-09
   9.82756996        -3.13880255E-09
   9.95436192        -3.51412166E-09
   10.0811548        -3.89874621E-09
   10.2079477        -4.28462688E-09
   10.3347406        -4.65582684E-09
   10.4615326        -4.98490138E-09
   10.5883255        -5.22928278E-09
   10.7151184        -5.32813527E-09
   10.8419113        -5.20015497E-09
   10.9687033        -4.74275863E-09
   11.0954962        -3.83299970E-09
   11.2222891        -2.33042652E-09
   11.3490820        -8.19277979E-11
   11.4758739         3.07152481E-09
   11.6026669         7.28646032E-09
   11.7294598         1.27071855E-08
   11.8562517         1.94551504E-08
   11.9830446         2.76179684E-08
   12.1098375         3.72386602E-08
   12.2366304         4.83059353E-08
   12.3634224         6.07464656E-08
   12.4902153         7.44204129E-08
   12.6170082         8.91217553E-08
   12.7438011         1.04585375E-07
   12.8705931         1.20503316E-07
   12.9973860         1.36552302E-07
   13.1241789         1.52435845E-07
   13.2509708         1.67942744E-07
   13.3777637         1.83024710E-07
   13.5045567         1.97894479E-07
   13.6313496         2.13145142E-07
   13.7581415         2.29890986E-07
   13.8849344         2.49927211E-07
   14.0117273         2.75907382E-07
   14.1385202         3.11533114E-07
   14.2653122         3.61752200E-07
   14.3921051         4.32958018E-07
   14.5188980         5.33183425E-07
   14.6456909         6.72281317E-07
   14.7724829         8.62084050E-07
   14.8992758         1.11653128E-06
   15.0260687         1.45176307E-06
   15.1528606         1.88616161E-06
   15.2796535         2.44034095E-06
   15.4064465         3.13708006E-06
   15.5332394         4.00118097E-06
   15.6600313         5.05926300E-06
   15.7868242         6.33947411E-06
   15.9136171         7.87114095E-06
   16.0404091         9.68432869E-06
   16.1672020         1.18093412E-05
   16.2939949         1.42761528E-05
   16.4207878         1.71137872E-05
   16.5475807         2.03496475E-05
   16.6743736         2.40088084E-05
   16.8011646         2.81133252E-05
   16.9279575         3.26815134E-05
   17.0547504         3.77272991E-05
   17.1815434         4.32595916E-05
   17.3083363         4.92817271E-05
   17.4351292         5.57910607E-05
   17.5619221         6.27786576E-05
   17.6887150         7.02291218E-05
   17.8155060         7.81206545E-05
   17.9422989         8.64251924E-05
   18.0690918         9.51089023E-05
   18.1958847         1.04132647E-04
   18.3226776         1.13452828E-04
   18.4494705         1.23022299E-04
   18.5762634         1.32791436E-04
   18.7030544         1.42709338E-04
   18.8298473         1.52725144E-04
   18.9566402         1.62789263E-04
   19.0834332         1.72854678E-04
   19.2102261         1.82878241E-04
   19.3370190         1.92821695E-04
   19.4638119         2.02652693E-04
   19.5906048         2.12345563E-04
   19.7173958         2.21881870E-04
   19.8441887         2.31250568E-04
   19.9709816         2.40448149E-04
   20.0977745         2.49478297E-04
   20.2245674         2.58351327E-04
   20.3513603         2.67083436E-04
   20.4781532         2.75695493E-04
   20.6049442         2.84212176E-04
   20.7317371         2.92660290E-04
   20.8585300         3.01067601E-04
   20.9853230         3.09461291E-04
   21.1121159         3.17866652E-04
   21.2389088         3.26305919E-04
   21.3657017         3.34797136E-04
   21.4924946         3.43353342E-04
   21.6192856         3.51982162E-04
   21.7460785         3.60685342E-04
   21.8728714         3.69459041E-04
   21.9996643         3.78293917E-04
   22.1264572         3.87176056E-04
   22.2532501         3.96087533E-04
   22.3800430         4.05007740E-04
   22.5068340         4.13914328E-04
   22.6336269         4.22784593E-04
   22.7604198         4.31596622E-04
   22.8872128         4.40330448E-04
   23.0140057         4.48969164E-04
   23.1407986         4.57499787E-04
   23.2675915         4.65913821E-04
   23.3943844         4.74207889E-04
   23.5211754         4.82383883E-04
   23.6479683         4.90448845E-04
   23.7747612         4.98415146E-04
   23.9015541         5.06299781E-04
   24.0283470         5.14124287E-04
   24.1551399         5.21913753E-04
   24.2819328         5.29696525E-04
   24.4087238         5.37503569E-04
   24.5355167         5.45367715E-04
   24.6623096         5.53323072E-04
   24.7891026         5.61404566E-04
   24.9158955         5.69647527E-04
   25.0426884         5.78086998E-04
   25.1694813         5.86757262E-04
   25.2962742         5.95691847E-04
   25.4230652         6.04922418E-04
   25.5498581         6.14478718E-04
   25.6766510         6.24387641E-04
   25.8034439         6.34672760E-04
   25.9302368         6.45353284E-04
   26.0570297         6.56443008E-04
   26.1838226         6.67949265E-04
   26.3106136         6.79871533E-04
   26.4374065         6.92199857E-04
   26.5641994         7.04913517E-04
   26.6909924         7.17979332E-04
   26.8177853         7.31349981E-04
   26.9445782         7.44962599E-04
   27.0713711         7.58737326E-04
   27.1981640         7.72576022E-04
   27.3249550         7.86361576E-04
   27.4517479         7.99957139E-04
   27.5785408         8.13206250E-04
   27.7053337         8.25932948E-04
   27.8321266         8.37942702E-04
   27.9589195         8.49023869E-04
   28.0857124         8.58949381E-04
   28.2125034         8.67479190E-04
   28.3392963         8.74363002E-04
   28.4660892         8.79343715E-04
   28.5928822         8.82160675E-04
   28.7196751         8.82553693E-04
   28.8464680         8.80267064E-04
   28.9732609         8.75053403E-04
   29.1000538         8.66677670E-04
   29.2268448         8.54921236E-04
   29.3536377         8.39585147E-04
   29.4804306         8.20493966E-04
   29.6072235         7.97498506E-04
   29.7340164         7.70478626E-04
   29.8608093         7.39345152E-04
   29.9876022         7.04042031E-04
   30.1143932         6.64547493E-04
   30.2411861         6.20874926E-04
   30.3679790         5.73073223E-04
   30.4947720         5.21226902E-04
   30.6215649         4.65455989E-04
   30.7483578         4.05914994E-04
   30.8751507         3.42792191E-04
   31.0019417         2.76308274E-04
   31.1287346         2.06714947E-04
   31.2555275         1.34293296E-04
   31.3823204         5.93516779E-05
   31.5091133        -1.77760066E-05
   31.6359062        -9.67326487E-05
   31.7626991        -1.77140173E-04
   31.8894920        -2.58601940E-04
   32.0162849        -3.40705301E-04
   32.1430779        -4.23024263E-04
   32.2698708        -5.05122181E-04
   32.3966637        -5.86554874E-04
   32.5234528        -6.66873297E-04
   32.6502457        -7.45627214E-04
   32.7770386        -8.22368078E-04
   32.9038315        -8.96652695E-04
   33.0306244        -9.68046894E-04
   33.1574173        -1.03612896E-03
   33.2842102        -1.10049371E-03
   33.4110031        -1.16075575E-03
   33.5377960        -1.21655408E-03
   33.6645889        -1.26755482E-03
   33.7913818        -1.31345529E-03
   33.9181747        -1.35398761E-03
   34.0449677        -1.38892117E-03
   34.1717606        -1.41806575E-03
   34.2985535        -1.44127384E-03
   34.4253426        -1.45844289E-03
   34.5521355        -1.46951573E-03
   34.6789284        -1.47448294E-03
   34.8057213        -1.47338142E-03
   34.9325142        -1.46629557E-03
   35.0593071        -1.45335507E-03
   35.1861000        -1.43473397E-03
   35.3128929        -1.41064834E-03
   35.4396858        -1.38135336E-03
   35.5664787        -1.34714006E-03
   35.6932716        -1.30833138E-03
   35.8200645        -1.26527832E-03
   35.9468575        -1.21835491E-03
   36.0736504        -1.16795395E-03
   36.2004433        -1.11448194E-03
   36.3272324        -1.05835404E-03
   36.4540253        -9.99989104E-04
   36.5808182        -9.39805584E-04
   36.7076111        -8.78216233E-04
   36.8344040        -8.15624313E-04
   36.9611969        -7.52419757E-04
   37.0879898        -6.88975793E-04
   37.2147827        -6.25645975E-04
   37.3415756        -5.62761968E-04
   37.4683685        -5.00631751E-04
   37.5951614        -4.39538329E-04
   37.7219543        -3.79739271E-04
   37.8487473        -3.21466330E-04
   37.9755402        -2.64925853E-04
   38.1023293        -2.10299797E-04
   38.2291222        -1.57746486E-04
   38.3559151        -1.07402338E-04
   38.4827080        -5.93832701E-05
   38.6095009        -1.37863844E-05
   38.7362938         2.93082539E-05
   38.8630867         6.98360818E-05
   38.9898796         1.07746549E-04
   39.1166725         1.43001904E-04
   39.2434654         1.75576235E-04
   39.3702583         2.05454809E-04
   39.4970512         2.32633654E-04
   39.6238441         2.57119624E-04
   39.7506371         2.78930587E-04
   39.8774300         2.98095809E-04
   40.0042191         3.14656645E-04
   40.1310120         3.28667287E-04
   40.2578049         3.40195402E-04
   40.3845978         3.49322887E-04
   40.5113907         3.56146222E-04
   40.6381836         3.60776612E-04
   40.7649765         3.63339961E-04
   40.8917694         3.63976083E-04
   41.0185623         3.62837687E-04
   41.1453552         3.60088714E-04
   41.2721481         3.55902361E-04
   41.3989410         3.50458373E-04
   41.5257339         3.43940046E-04
   41.6525269         3.36530793E-04
   41.7793198         3.28410591E-04
   41.9061089         3.19752056E-04
   42.0329018         3.10716743E-04
   42.1596947         3.01451510E-04
   42.2864876         2.92085053E-04
   42.4132805         2.82725232E-04
   42.5400734         2.73456564E-04
   42.6668663         2.64338596E-04
   42.7936592         2.55405408E-04
   42.9204521         2.46665324E-04
   43.0472450         2.38102250E-04
   43.1740379         2.29677360E-04
   43.3008308         2.21332069E-04
   43.4276237         2.12991494E-04
   43.5544167         2.04568845E-04
   43.6812096         1.95970249E-04
   43.8079987         1.87099926E-04
   43.9347916         1.77865717E-04
   44.0615845         1.68184313E-04
   44.1883774         1.57986535E-04
   44.3151703         1.47222047E-04
   44.4419632         1.35863418E-04
   44.5687561         1.23909573E-04
   44.6955490         1.11388028E-04
   44.8223419         9.83564460E-05
   44.9491348         8.49028293E-05
   45.0759277         7.11446628E-05
   45.2027206         5.72270910E-05
   45.3295135         4.33198838E-05
   45.4563065         2.96135804E-05
   45.5830994         1.63148034E-05
   45.7098885         3.64092512E-06
   45.8366814        -8.18569333E-06
   45.9634743        -1.89437633E-05
   46.0902672        -2.84191519E-05
   46.2170601        -3.64108600E-05
   46.3438530        -4.27366249E-05
   46.4706459        -4.72381034E-05
   46.5974388        -4.97853325E-05
   46.7242317        -5.02805451E-05
   46.8510246        -4.86610297E-05
   46.9778175        -4.49012114E-05
   47.1046104        -3.90137357E-05
   47.2314034        -3.10496980E-05
   47.3581963        -2.10979761E-05
   47.4849892        -9.28373356E-06
   47.6117783         4.23381380E-06
   47.7385712         1.92642601E-05
   47.8653641         3.55895354E-05
   47.9921570         5.29677709E-05
   48.1189499         7.11376779E-05
   48.2457428         8.98231010E-05
   48.3725357         1.08737862E-04
   48.4993286         1.27590698E-04
   48.6261215         1.46090184E-04
   48.7529144         1.63949735E-04
   48.8797073         1.80892428E-04
   49.0065002         1.96655761E-04
   49.1332932         2.10996004E-04
   49.2600861         2.23692405E-04
   49.3868790         2.34550927E-04
   49.5136681         2.43407558E-04
   49.6404610         2.50131037E-04
   49.7672539         2.54625105E-04
   49.8940468         2.56830157E-04
   50.0208397         2.56723812E-04
   50.1476326         2.54321494E-04
   50.2744255         2.49675533E-04
   50.4012184         2.42874128E-04
   50.5280113         2.34039355E-04
   50.6548042         2.23324532E-04
   50.7815971         2.10910977E-04
   50.9083900         1.97004527E-04
   51.0351830         1.81831172E-04
   51.1619759         1.65632664E-04
   51.2887688         1.48661871E-04
   51.4155579         1.31177832E-04
   51.5423508         1.13440925E-04
   51.6691437         9.57081065E-05
   51.7959366         7.82282586E-05
   51.9227295         6.12379881E-05
   52.0495224         4.49575782E-05
   52.1763153         2.95876962E-05
   52.3031082         1.53063684E-05
   52.4299011         2.26672569E-06
   52.5566940        -9.40469999E-06
   52.6834869        -1.96090696E-05
   52.8102798        -2.82755936E-05
   52.9370728        -3.53614123E-05
   53.0638657        -4.08507731E-05
   53.1906586        -4.47537495E-05
   53.3174477        -4.71045314E-05
   53.4442406        -4.79592345E-05
   53.5710335        -4.73935215E-05
   53.6978264        -4.54999681E-05
   53.8246193        -4.23853307E-05
   53.9514122        -3.81678146E-05
   54.0782051        -3.29743671E-05
   54.2049980        -2.69380653E-05
   54.3317909        -2.01957500E-05
   54.4585838        -1.28858001E-05
   54.5853767        -5.14618660E-06
   54.7121696         2.88725937E-06
   54.8389626         1.10823876E-05
   54.9657555         1.93120286E-05
   55.0925484         2.74551203E-05
   55.2193375         3.53977775E-05
   55.3461304         4.30341752E-05
   55.4729233         5.02674375E-05
   55.5997162         5.70104494E-05
   55.7265091         6.31866715E-05
   55.8533020         6.87309148E-05
   55.9800949         7.35900248E-05
   56.1068878         7.77235764E-05
   56.2336807         8.11044156E-05
   56.3604736         8.37190382E-05
   56.4872665         8.55677790E-05
   56.6140594         8.66647460E-05
   56.7408524         8.70375225E-05
   56.8676453         8.67265480E-05
   56.9944382         8.57841369E-05
   57.1212273         8.42733061E-05
   57.2480202         8.22662041E-05
   57.3748131         7.98423353E-05
   57.5016060         7.70865809E-05
   57.6283989         7.40870382E-05
   57.7551918         7.09328015E-05
   57.8819847         6.77117641E-05
   58.0087776         6.45084001E-05
   58.1355705         6.14018427E-05
   58.2623634         5.84640293E-05
   58.3891563         5.57583044E-05
   58.5159492         5.33382481E-05
   58.6427422         5.12469269E-05
   58.7695351         4.95166096E-05
   58.8963280         4.81688039E-05
   59.0231171         4.72148095E-05
   59.1499100         4.66564998E-05
   59.2767029         4.64875666E-05
   59.4034958         4.66949132E-05
   59.5302887         4.72602660E-05
   59.6570816         4.81618190E-05
   59.7838745         4.93759144E-05
   59.9106674         5.08785452E-05
   60.0374603         5.26466865E-05
   60.1642532         5.46593219E-05
   60.2910461         5.68981050E-05
   60.4178391         5.93476179E-05
   60.5446320         6.19951679E-05
   60.6714249         6.48301866E-05
   60.7982178         6.78432116E-05
   60.9250069         7.10244203E-05
   61.0517998         7.43620622E-05
   61.1785927         7.78405156E-05
   61.3053856         8.14383457E-05
   61.4321785         8.51264267E-05
   61.5589714         8.88662107E-05
   61.6857643         9.26083158E-05
   61.8125572         9.62915074E-05
   61.9393501         9.98422693E-05
   62.0661430         1.03174920E-04
   62.1929359         1.06192434E-04
   62.3197289         1.08787950E-04
   62.4465218         1.10846988E-04
   62.5733147         1.12250251E-04
   62.7001076         1.12877075E-04
   62.8268967         1.12609312E-04
   62.9536896         1.11335496E-04
   63.0804825         1.08955326E-04
   63.2072754         1.05384031E-04
   63.3340683         1.00556659E-04
   63.4608612         9.44319981E-05
   63.5876541         8.69959913E-05
   63.7144470         7.82644711E-05
   63.8412399         6.82851387E-05
   63.9680328         5.71385208E-05
   64.0948257         4.49381114E-05
   64.2216187         3.18292659E-05
   64.3484116         1.79872586E-05
   64.4752045         3.61421348E-06
   64.6019974        -1.10648125E-05
   64.7287903        -2.58065556E-05
   64.8555832        -4.03549348E-05
   64.9823761        -5.44469694E-05
   65.1091690        -6.78188953E-05
   65.2359619        -8.02125360E-05
   65.3627548        -9.13814147E-05
   65.4895477        -1.01096695E-04
   65.6163330        -1.09152621E-04
   65.7431259        -1.15371302E-04
   65.8699188        -1.19606804E-04
   65.9967117        -1.21748235E-04
   66.1235046        -1.21722049E-04
   66.2502975        -1.19493227E-04
   66.3770905        -1.15065508E-04
   66.5038834        -1.08480745E-04
   66.6306763        -9.98172691E-05
   66.7574692        -8.91875534E-05
   66.8842621        -7.67351230E-05
   67.0110550        -6.26308974E-05
   67.1378479        -4.70692175E-05
   67.2646408        -3.02635162E-05
   67.3914337        -1.24419539E-05
   67.5182266         6.15706995E-06
   67.6450195         2.52891459E-05
   67.7718124         4.47079401E-05
   67.8986053         6.41689257E-05
   68.0253983         8.34328312E-05
   68.1521912         1.02268532E-04
   68.2789841         1.20455690E-04
   68.4057770         1.37786847E-04
   68.5325699         1.54069261E-04
   68.6593628         1.69126215E-04
   68.7861557         1.82798292E-04
   68.9129486         1.94944165E-04
   69.0397415         2.05441349E-04
   69.1665344         2.14186788E-04
   69.2933273         2.21097420E-04
   69.4201126         2.26110584E-04
   69.5469055         2.29184545E-04
   69.6736984         2.30298843E-04
   69.8004913         2.29454730E-04
   69.9272842         2.26675445E-04
   70.0540771         2.22006493E-04
   70.1808701         2.15515625E-04
   70.3076630         2.07292629E-04
   70.4344559         1.97448986E-04
   70.5612488         1.86116988E-04
   70.6880417         1.73448556E-04
   70.8148346         1.59613730E-04
   70.9416275         1.44798585E-04
   71.0684204         1.29202745E-04
   71.1952133         1.13036614E-04
   71.3220062         9.65180589E-05
   71.4487991         7.98689143E-05
   71.5755920         6.33112359E-05
   71.7023849         4.70634077E-05
   71.8291779         3.13363053E-05
   71.9559708         1.63294735E-05
   72.0827637         2.22761810E-06
   72.2095566        -1.08026106E-05
   72.3363495        -2.26154207E-05
   72.4631424        -3.30881121E-05
   72.5899353        -4.21227742E-05
   72.7167282        -4.96473294E-05
   72.8435211        -5.56159830E-05
   72.9703140        -6.00090643E-05
   73.0971069        -6.28322960E-05
   73.2238922        -6.41156003E-05
   73.3506851        -6.39114587E-05
   73.4774780        -6.22930238E-05
   73.6042709        -5.93518744E-05
   73.7310638        -5.51957673E-05
   73.8578568        -4.99462330E-05
   73.9846497        -4.37361778E-05
   74.1114426        -3.67075772E-05
   74.2382355        -2.90091502E-05
   74.3650284        -2.07942230E-05
   74.4918213        -1.22186093E-05
   74.6186142        -3.43861188E-06
   74.7454071         5.39095254E-06
   74.8722000         1.41185801E-05
   74.9989929         2.25979857E-05
   75.1257858         3.06898582E-05
   75.2525787         3.82636790E-05
   75.3793716         4.51994420E-05
   75.5061646         5.13893392E-05
   75.6329575         5.67393945E-05
   75.7597504         6.11709474E-05
   75.8865433         6.46220360E-05
   76.0133362         6.70485460E-05
   76.1401291         6.84251718E-05
   76.2669220         6.87460342E-05
   76.3937149         6.80250960E-05
   76.5205078         6.62961174E-05
   76.6473007         6.36123441E-05
   76.7740936         6.00457897E-05
   76.9008865         5.56861341E-05
   77.0276718         5.06392826E-05
   77.1544647         4.50256484E-05
   77.2812576         3.89780289E-05
   77.4080505         3.26393092E-05
   77.5348434         2.61598525E-05
   77.6616364         1.96947749E-05
   77.7884293         1.34010443E-05
   77.9152222         7.43444934E-06
   78.0420151         1.94660151E-06
   78.1688080        -2.91813740E-06
   78.2956009        -7.02566649E-06
   78.4223938        -1.02550266E-05
   78.5491867        -1.25011466E-05
   78.6759796        -1.36773488E-05
   78.8027725        -1.37176121E-05
   78.9295654        -1.25784481E-05
   79.0563583        -1.02404374E-05
   79.1831512        -6.70923646E-06
   79.3099442        -2.01610169E-06
   79.4367371         3.78208983E-06
   79.5635300         1.06034704E-05
   79.6903229         1.83423617E-05
   79.8171158         2.68710628E-05
   79.9439087         3.60421946E-05
   80.0707016         4.56916678E-05
   80.1974945         5.56420091E-05
   80.3242874         6.57062265E-05
   80.4510803         7.56919180E-05
   80.5778732         8.54057143E-05
   80.7046585         9.46578148E-05
   80.8314514         1.03266510E-04
   80.9582443         1.11062698E-04
   81.0850372         1.17894066E-04
   81.2118301         1.23628939E-04
   81.3386230         1.28159765E-04
   81.4654160         1.31405890E-04
   81.5922089         1.33315712E-04
   81.7190018         1.33868205E-04
   81.8457947         1.33073409E-04
   81.9725876         1.30972418E-04
   82.0993805         1.27636275E-04
   82.2261734         1.23164195E-04
   82.3529663         1.17681040E-04
   82.4797592         1.11334077E-04
   82.6065521         1.04289000E-04
   82.7333450         9.67256128E-05
   82.8601379         8.88330324E-05
   82.9869308         8.08045734E-05
   83.1137238         7.28325540E-05
   83.2405167         6.51030787E-05
   83.3673096         5.77910578E-05
   83.4941025         5.10554455E-05
   83.6208954         4.50350199E-05
   83.7476883         3.98446937E-05
   83.8744812         3.55725970E-05
   84.0012741         3.22778833E-05
   84.1280670         2.99894491E-05
   84.2548599         2.87055827E-05
   84.3816528         2.83944992E-05
   84.5084381         2.89958207E-05
   84.6352310         3.04229270E-05
   84.7620239         3.25660694E-05
   84.8888168         3.52961360E-05
   85.0156097         3.84689665E-05
   85.1424026         4.19300704E-05
   85.2691956         4.55194968E-05
   85.3959885         4.90768180E-05
   85.5227814         5.24459210E-05
   85.6495743         5.54795733E-05
   85.7763672         5.80435299E-05
   85.9031601         6.00200983E-05
   86.0299530         6.13110387E-05
   86.1567459         6.18397753E-05
   86.2835388         6.15528043E-05
   86.4103317         6.04204142E-05
   86.5371246         5.84365589E-05
   86.6639175         5.56180930E-05
   86.7907104         5.20034118E-05
   86.9175034         4.76504501E-05
   87.0442963         4.26343649E-05
   87.1710892         3.70447742E-05
   87.2978821         3.09829047E-05
   87.4246750         2.45584706E-05
   87.5514679         1.78866994E-05
   87.6782608         1.10853571E-05
   87.8050537         4.27195801E-06
   87.9318466        -2.43878253E-06
   88.0586395        -8.93719152E-06
   88.1854324        -1.51205350E-05
   88.3122177        -2.08945676E-05
   88.4390106        -2.61746882E-05
   88.5658035        -3.08867529E-05
   88.6925964        -3.49675065E-05
   88.8193893        -3.83647530E-05
   88.9461823        -4.10371649E-05
   89.0729752        -4.29539687E-05
   89.1997681        -4.40943768E-05
   89.3265610        -4.44469551E-05
   89.4533539        -4.40089425E-05
   89.5801468        -4.27856066E-05
   89.7069397        -4.07896077E-05
   89.8337326        -3.80404817E-05
   89.9605255        -3.45642620E-05
   90.0873184        -3.03932684E-05
   90.2141113        -2.55659997E-05
   90.3409042        -2.01271705E-05
   90.4676971        -1.41278342E-05
   90.5944901        -7.62561194E-06
   90.7212830        -6.84809493E-07
   90.8480759         6.62340835E-06
   90.9748688         1.42210647E-05
   91.1016617         2.20235270E-05
   91.2284546         2.99399890E-05
   91.3552475         3.78742188E-05
   91.4820404         4.57256028E-05
   91.6088333         5.33905732E-05
   91.7356262         6.07643233E-05
   91.8624191         6.77428325E-05
   91.9892120         7.42251286E-05
   92.1159973         8.01157294E-05
   92.2427902         8.53271195E-05
   92.3695831         8.97822756E-05
   92.4963760         9.34169366E-05
   92.6231689         9.61817932E-05
   92.7499619         9.80442419E-05
   92.8767548         9.89897308E-05
   93.0035477         9.90226908E-05
   93.1303406         9.81668054E-05
   93.2571335         9.64648498E-05
   93.3839264         9.39778620E-05
   93.5107193         9.07838112E-05
   93.6375122         8.69757787E-05
   93.7643051         8.26596952E-05
   93.8910980         7.79516922E-05
   94.0178909         7.29752574E-05
   94.1446838         6.78582073E-05
   94.2714767         6.27295594E-05
   94.3982697         5.77165301E-05
   94.5250626         5.29415556E-05
   94.6518555         4.85196251E-05
   94.7786484         4.45558289E-05
   94.9054413         4.11431865E-05
   95.0322342         3.83609695E-05
   95.1590271         3.62732753E-05
   95.2858200         3.49280745E-05
   95.4126129         3.43566426E-05
   95.5394058         3.45733024E-05
   95.6661987         3.55756056E-05
   95.7929916         3.73447911E-05
   95.9197769         3.98465236E-05
   96.0465698         4.30319196E-05
   96.1733627         4.68388098E-05
   96.3001556         5.11930812E-05
   96.4269485         5.60102599E-05
   96.5537415         6.11971482E-05
   96.6805344         6.66535780E-05
   96.8073273         7.22741825E-05
   96.9341202         7.79501934E-05
   97.0609131         8.35712708E-05
   97.1877060         8.90273150E-05
   97.3144989         9.42102124E-05
   97.4412918         9.90155240E-05
   97.5680847         1.03344166E-04
   97.6948776         1.07103915E-04
   97.8216705         1.10210924E-04
   97.9484634         1.12590998E-04
   98.0752563         1.14180861E-04
   98.2020493         1.14929251E-04
   98.3288422         1.14797862E-04
   98.4556351         1.13762202E-04
   98.5824280         1.11812209E-04
   98.7092209         1.08952780E-04
   98.8360138         1.05204046E-04
   98.9628067         1.00601472E-04
   99.0895996         9.51957336E-05
   99.2163925         8.90523443E-05
   99.3431854         8.22509828E-05
   99.4699783         7.48845196E-05
   99.5967712         6.70577720E-05
   99.7235565         5.88858638E-05
   99.8503494         5.04923082E-05
   99.9771423         4.20068245E-05
   100.103935         3.35627592E-05
   100.230728         2.52944101E-05
   100.357521         1.73341668E-05
   100.484314         9.80955156E-06
   100.611107         2.84033445E-06
   100.737900        -3.46429420E-06
   100.864693        -9.00826581E-06
   100.991486        -1.37108991E-05
   101.118279        -1.75087771E-05
   101.245071        -2.03571562E-05
   101.371864        -2.22308718E-05
   101.498657        -2.31247031E-05
   101.625450        -2.30532332E-05
   101.752243        -2.20501406E-05
   101.879036        -2.01669991E-05
   102.005829        -1.74716533E-05
   102.132622        -1.40461771E-05
   102.259415        -9.98448922E-06
   102.386208        -5.38971153E-06
   102.513000        -3.71390001E-07
   102.639793         4.95747918E-06
   102.766586         1.04833389E-05
   102.893379         1.60949694E-05
   103.020172         2.16862500E-05
   103.146965         2.71586214E-05
   103.273758         3.24233624E-05
   103.400551         3.74034535E-05
   103.527336         4.20350407E-05
   103.654129         4.62685384E-05
   103.780922         5.00691640E-05
   103.907715         5.34170504E-05
   104.034508         5.63068497E-05
   104.161301         5.87468567E-05
   104.288094         6.07577531E-05
   104.414886         6.23708183E-05
   104.541679         6.36259429E-05
   104.668472         6.45692271E-05
   104.795265         6.52504095E-05
   104.922058         6.57202690E-05
   105.048851         6.60279329E-05
   105.175644         6.62183229E-05
   105.302437         6.63297833E-05
   105.429230         6.63920000E-05
   105.556023         6.64244071E-05
   105.682816         6.64350009E-05
   105.809608         6.64197287E-05
   105.936401         6.63624742E-05
   106.063194         6.62357343E-05
   106.189987         6.60017758E-05
   106.316780         6.56144985E-05
   106.443573         6.50217044E-05
   106.570366         6.41678198E-05
   106.697159         6.29968636E-05
   106.823952         6.14556775E-05
   106.950745         5.94970006E-05
   107.077538         5.70825759E-05
   107.204330         5.41858644E-05
   107.331116         5.07944205E-05
   107.457909         4.69117113E-05
   107.584702         4.25583676E-05
   107.711494         3.77727592E-05
   107.838287         3.26108639E-05
   107.965080         2.71454519E-05
   108.091873         2.14646352E-05
   108.218666         1.56697733E-05
   108.345459         9.87290059E-06
   108.472252         4.19374146E-06
   108.599045        -1.24357416E-06
   108.725838        -6.31393050E-06
   108.852631        -1.08947406E-05
   108.979424        -1.48692852E-05
   109.106216        -1.81299547E-05
   109.233009        -2.05811721E-05
   109.359802        -2.21419523E-05
   109.486595        -2.27480778E-05
   109.613388        -2.23537991E-05
   109.740181        -2.09330519E-05
   109.866974        -1.84801647E-05
   109.993767        -1.50100532E-05
   110.120560        -1.05579284E-05
   110.247353        -5.17848684E-06
   110.374146         1.05534730E-06
   110.500938         8.05411673E-06
   110.627731         1.57139621E-05
   110.754524         2.39190031E-05
   110.881317         3.25440851E-05
   111.008102         4.14576789E-05
   111.134895         5.05249591E-05
   111.261688         5.96108621E-05
   111.388481         6.85830892E-05
   111.515274         7.73150459E-05
   111.642067         8.56883926E-05
   111.768860         9.35953576E-05
   111.895653         1.00940684E-04
   112.022446         1.07642969E-04
   112.149239         1.13635673E-04
   112.276031         1.18867523E-04
   112.402824         1.23302409E-04
   112.529617         1.26918880E-04
   112.656410         1.29709195E-04
   112.783203         1.31678040E-04
   112.909996         1.32841029E-04
   113.036789         1.33223046E-04
   113.163582         1.32856512E-04
   113.290375         1.31779743E-04
   113.417168         1.30035492E-04
   113.543961         1.27669598E-04
   113.670753         1.24729981E-04
   113.797546         1.21265955E-04
   113.924339         1.17327756E-04
   114.051132         1.12966474E-04
   114.177925         1.08234133E-04
   114.304718         1.03184029E-04
   114.431511         9.78711250E-05
   114.558304         9.23524349E-05
   114.685097         8.66874543E-05
   114.811882         8.09382545E-05
   114.938675         7.51694897E-05
   115.065468         6.94480623E-05
   115.192261         6.38424026E-05
   115.319054         5.84214904E-05
   115.445847         5.32534686E-05
   115.572639         4.84040575E-05
   115.699432         4.39346077E-05
   115.826225         3.99001328E-05
   115.953018         3.63471772E-05
   116.079811         3.33118587E-05
   116.206604         3.08180133E-05
   116.333397         2.88757074E-05
   116.460190         2.74801314E-05
   116.586983         2.66110055E-05
   116.713776         2.62325302E-05
   116.840569         2.62940084E-05
   116.967361         2.67309715E-05
   117.094154         2.74669619E-05
   117.220947         2.84157722E-05
   117.347740         2.94842102E-05
   117.474533         3.05750873E-05
   117.601326         3.15904726E-05
   117.728119         3.24349712E-05
   117.854912         3.30189832E-05
   117.981705         3.32617783E-05
   118.108498         3.30942385E-05
   118.235291         3.24611719E-05
   118.362083         3.13232413E-05
   118.488876         2.96582348E-05
   118.615662         2.74618178E-05
   118.742455         2.47476819E-05
   118.869247         2.15471318E-05
   118.996040         1.79080598E-05
   119.122833         1.38935193E-05
   119.249626         9.57975044E-06
   119.376419         5.05392563E-06
   119.503212         4.11580174E-07
   119.630005        -4.24620566E-06
   119.756798        -8.81566302E-06
   119.883591        -1.31932693E-05
   120.010384        -1.72785949E-05
   120.137177        -2.09770624E-05
   120.263969        -2.42023871E-05
   120.390762        -2.68788390E-05
   120.517555        -2.89431064E-05
   120.644348        -3.03457691E-05
   120.771141        -3.10523319E-05
   120.897934        -3.10437754E-05
   121.024727        -3.03166580E-05
   121.151520        -2.88826632E-05
   121.278313        -2.67677642E-05
   121.405106        -2.40109002E-05
   121.531898        -2.06622772E-05
   121.658691        -1.67813778E-05
   121.785484        -1.24347180E-05
   121.912277        -7.69345843E-06
   122.039070        -2.63095171E-06
   122.165863         2.67962901E-06
   122.292656         8.16755892E-06
   122.419441         1.37665784E-05
   122.546234         1.94166278E-05
   122.673027         2.50651901E-05
   122.799820         3.06683105E-05
   122.926613         3.61910934E-05
   123.053406         4.16078146E-05
   123.180199         4.69016741E-05
   123.306992         5.20640424E-05
   123.433784         5.70934499E-05
   123.560577         6.19942439E-05
   123.687370         6.67750137E-05
   123.814163         7.14468697E-05
   123.940956         7.60216208E-05
   124.067749         8.05099698E-05
   124.194542         8.49198186E-05
   124.321335         8.92546232E-05
   124.448128         9.35120624E-05
   124.574921         9.76829688E-05
   124.701714         1.01750571E-04
   124.828506         1.05690109E-04
   124.955299         1.09468834E-04
   125.082092         1.13046459E-04
   125.208885         1.16375915E-04
   125.335678         1.19404503E-04
   125.462471         1.22075435E-04
   125.589264         1.24329643E-04
   125.716057         1.26107785E-04
   125.842850         1.27352527E-04
   125.969643         1.28010812E-04
   126.096436         1.28036219E-04
   126.223221         1.27391322E-04
   126.350014         1.26049781E-04
   126.476807         1.23998194E-04
   126.603600         1.21237754E-04
   126.730392         1.17785341E-04
   126.857185         1.13674134E-04
   126.983978         1.08953784E-04
   127.110771         1.03689970E-04
   127.237564         9.79632023E-05
   127.364357         9.18673104E-05
   127.491150         8.55071339E-05
   127.617943         7.89959304E-05
   127.744736         7.24522251E-05
   127.871529         6.59964498E-05
   127.998322         5.97474209E-05
   128.125107         5.38187051E-05
   128.251907         4.83151816E-05
   128.378693         4.33297719E-05
   128.505493         3.89405577E-05
   128.632278         3.52083262E-05
   128.759079         3.21747830E-05
   128.885864         2.98613595E-05
   129.012665         2.82687342E-05
   129.139450         2.73770711E-05
   129.266251         2.71470435E-05
   129.393036         2.75214279E-05
   129.519836         2.84274465E-05
   129.646622         2.97795486E-05
   129.773422         3.14826539E-05
   129.900208         3.34356555E-05
   130.027008         3.55350639E-05
   130.153793         3.76786193E-05
   130.280594         3.97687836E-05
   130.407379         4.17158881E-05
   130.534180         4.34408794E-05
   130.660965         4.48775972E-05
   130.787766         4.59743969E-05
   130.914551         4.66951315E-05
   131.041351         4.70195773E-05
   131.168137         4.69431252E-05
   131.294937         4.64759032E-05
   131.421722         4.56413291E-05
   131.548523         4.44742946E-05
   131.675308         4.30188629E-05
   131.802109         4.13258058E-05
   131.928894         3.94500166E-05
   132.055679         3.74478805E-05
   132.182480         3.53747964E-05
   132.309265         3.32829659E-05
   132.436066         3.12194825E-05
   132.562851         2.92248806E-05
   132.689651         2.73321621E-05
   132.816437         2.55663108E-05
   132.943237         2.39444234E-05
   133.070023         2.24762171E-05
   133.196823         2.11650477E-05
   133.323608         2.00092618E-05
   133.450409         1.90038227E-05
   133.577194         1.81420146E-05
   133.703995         1.74172128E-05
   133.830780         1.68245351E-05
   133.957581         1.63622099E-05
   134.084366         1.60326745E-05
   134.211166         1.58433049E-05
   134.337952         1.58065923E-05
   134.464752         1.59399515E-05
   134.591537         1.62649922E-05
   134.718338         1.68063252E-05
   134.845123         1.75900768E-05
   134.971924         1.86419911E-05
   135.098709         1.99854730E-05
   135.225510         2.16394346E-05
   135.352295         2.36162687E-05
   135.479095         2.59200297E-05
   135.605881         2.85448496E-05
   135.732666         3.14738609E-05
   135.859467         3.46785382E-05
   135.986252         3.81186728E-05
   136.113052         4.17428346E-05
   136.239838         4.54895235E-05
   136.366638         4.92887957E-05
   136.493423         5.30644284E-05
   136.620224         5.67364150E-05
   136.747009         6.02238724E-05
   136.873810         6.34479366E-05
   137.000595         6.63348328E-05
   137.127396         6.88187429E-05
   137.254181         7.08444932E-05
   137.380981         7.23697958E-05
   137.507767         7.33670895E-05
   137.634567         7.38247545E-05
   137.761353         7.37477894E-05
   137.888153         7.31577966E-05
   138.014938         7.20923417E-05
   138.141739         7.06037536E-05
   138.268524         6.87573265E-05
   138.395325         6.66290725E-05
   138.522110         6.43031162E-05
   138.648911         6.18688064E-05
   138.775696         5.94176963E-05
   138.902496         5.70405173E-05
   139.029282         5.48241696E-05
   139.156082         5.28490236E-05
   139.282867         5.11863582E-05
   139.409653         4.98962800E-05
   139.536453         4.90259990E-05
   139.663239         4.86085628E-05
   139.790039         4.86621248E-05
   139.916824         4.91896099E-05
   140.043625         5.01788927E-05
   140.170410         5.16034124E-05
   140.297211         5.34232349E-05
   140.423996         5.55863735E-05
   140.550797         5.80305496E-05
   140.677582         6.06850663E-05
   140.804382         6.34729295E-05
   140.931168         6.63130631E-05
   141.057968         6.91225505E-05
   141.184753         7.18187657E-05
   141.311554         7.43215642E-05
   141.438339         7.65552250E-05
   141.565140         7.84501608E-05
   141.691925         7.99445188E-05
   141.818726         8.09854173E-05
   141.945511         8.15300154E-05
   142.072311         8.15462627E-05
   142.199097         8.10133643E-05
   142.325897         7.99219779E-05
   142.452682         7.82742063E-05
   142.579483         7.60832918E-05
   142.706268         7.33731576E-05
   142.833069         7.01777026E-05
   142.959854         6.65399784E-05
   143.086655         6.25112589E-05
   143.213440         5.81499080E-05
   143.340225         5.35203144E-05
   143.467026         4.86917379E-05
   143.593811         4.37370581E-05
   143.720612         3.87315631E-05
   143.847397         3.37517231E-05
   143.974197         2.88739284E-05
   144.100983         2.41732560E-05
   144.227783         1.97222071E-05
   144.354568         1.55894159E-05
   144.481369         1.18384432E-05
   144.608154         8.52650919E-06
   144.734955         5.70331031E-06
   144.861740         3.40990982E-06
   144.988541         1.67772714E-06
   145.115326         5.27656368E-07
   145.242126        -3.06290815E-08
   145.368912         8.57352078E-10
   145.495712         6.08234188E-07
   145.622498         1.76584456E-06
   145.749298         3.43665761E-06
   145.876083         5.57304702E-06
   146.002884         8.11779319E-06
   146.129669         1.10055280E-05
   146.256470         1.41643704E-05
   146.383255         1.75178247E-05
   146.510056         2.09868740E-05
   146.636841         2.44921794E-05
   146.763641         2.79562955E-05
   146.890427         3.13058517E-05
   147.017212         3.44736764E-05
   147.144012         3.74005649E-05
   147.270798         4.00369681E-05
   147.397598         4.23441707E-05
   147.524384         4.42952478E-05
   147.651184         4.58754657E-05
   147.777969         4.70823798E-05
   147.904770         4.79254886E-05
   148.031555         4.84255434E-05
   148.158356         4.86134813E-05
   148.285141         4.85290766E-05
   148.411942         4.82193864E-05
   148.538727         4.77370850E-05
   148.665527         4.71385720E-05
   148.792313         4.64822042E-05
   148.919113         4.58265022E-05
   149.045898         4.52284621E-05
   149.172699         4.47419989E-05
   149.299484         4.44166471E-05
   149.426285         4.42964265E-05
   149.553070         4.44189900E-05
   149.679871         4.48149549E-05
   149.806656         4.55075860E-05
   149.933456         4.65125813E-05
   150.060242         4.78381262E-05
   150.187042         4.94850974E-05
   150.313828         5.14474086E-05
   150.440628         5.37123851E-05
   150.567413         5.62612404E-05
   150.694214         5.90695599E-05
   150.820999         6.21077706E-05
   150.947784         6.53415773E-05
   151.074585         6.87324209E-05
   151.201370         7.22378609E-05
   151.328171         7.58119495E-05
   151.454956         7.94056396E-05
   151.581757         8.29672063E-05
   151.708542         8.64426620E-05
   151.835342         8.97762948E-05
   151.962128         9.29112357E-05
   152.088928         9.57901357E-05
   152.215714         9.83558930E-05
   152.342514         1.00552534E-04
   152.469299         1.02326121E-04
   152.596100         1.03625789E-04
   152.722885         1.04404862E-04
   152.849686         1.04621962E-04
   152.976471         1.04242208E-04
   153.103271         1.03238344E-04
   153.230057         1.01591875E-04
   153.356857         9.92940477E-05
   153.483643         9.63466809E-05
   153.610443         9.27628425E-05
   153.737228         8.85672271E-05
   153.864029         8.37963089E-05
   153.990814         7.84981457E-05
   154.117615         7.27318475E-05
   154.244400         6.65667540E-05
   154.371201         6.00812527E-05
   154.497986         5.33613202E-05
   154.624771         4.64988079E-05
   154.751572         3.95895186E-05
   154.878357         3.27310554E-05
   155.005157         2.60207089E-05
   155.131943         1.95532048E-05
   155.258743         1.34186193E-05
   155.385529         7.70033148E-06
   155.512329         2.47324988E-06
   155.639114        -2.19773369E-06
   155.765915        -6.25898065E-06
   155.892700        -9.66900643E-06
   156.019501        -1.23989403E-05
   156.146286        -1.44327005E-05
   156.273087        -1.57666727E-05
   156.399872        -1.64090507E-05
   156.526672        -1.63788973E-05
   156.653458        -1.57048380E-05
   156.780258        -1.44236110E-05
   156.907043        -1.25784209E-05
   157.033844        -1.02172544E-05
   157.160629        -7.39122333E-06
   157.287430        -4.15304930E-06
   157.414215        -5.55626627E-07
   157.541016         3.34910169E-06
   157.667801         7.51104335E-06
   157.794601         1.18825601E-05
   157.921387         1.64187149E-05
   158.048187         2.10773051E-05
   158.174973         2.58186228E-05
   158.301773         3.06049551E-05
   158.428558         3.53999712E-05
   158.555344         4.01679936E-05
   158.682144         4.48733263E-05
   158.808929         4.94795859E-05
   158.935730         5.39492175E-05
   159.062515         5.82432112E-05
   159.189316         6.23211599E-05
   159.316101         6.61414888E-05
   159.442902         6.96621573E-05
   159.569687         7.28415398E-05
   159.696487         7.56396184E-05
   159.823273         7.80194387E-05
   159.950073         7.99486224E-05
   160.076859         8.14010127E-05
   160.203659         8.23582741E-05
