  -4.50000000         0.00000000    
  -4.37320757         0.00000000    
  -4.24641466         0.00000000    
  -4.11962223         0.00000000    
  -3.99282932        -2.71015284E-25
  -3.86603665         4.42091434E-22
  -3.73924398         2.59980665E-21
  -3.61245155         5.59208870E-21
  -3.48565888        -1.85242110E-21
  -3.35886621        -4.32847879E-20
  -3.23207355        -1.18876478E-19
  -3.10528088        -1.02767297E-19
  -2.97848821         4.02221484E-19
  -2.85169554         2.12551089E-18
  -2.72490287         5.88766687E-18
  -2.59811020         1.18625740E-17
  -2.47131753         1.83745914E-17
  -2.34452486         2.07045524E-17
  -2.21773219         1.09092004E-17
  -2.09093952        -2.00393917E-17
  -1.96414697        -7.68974361E-17
  -1.83735430        -1.52243174E-16
  -1.71056163        -2.19341961E-16
  -1.58376896        -2.31767908E-16
  -1.45697629        -1.36270899E-16
  -1.33018374         9.86096170E-17
  -1.20339108         4.44754554E-16
  -1.07659841         7.85281757E-16
 -0.949805737         9.18503787E-16
 -0.823013067         6.14431506E-16
 -0.696220458        -2.77062174E-16
 -0.569427788        -1.69755906E-15
 -0.442635119        -3.28844046E-15
 -0.315842479        -4.39971698E-15
 -0.189049825        -4.23813613E-15
  -6.22571707E-02    -2.14229604E-15
   6.45354837E-02     2.08590228E-15
  0.191328138         7.90423279E-15
  0.318120778         1.39208628E-14
  0.444913447         1.80280951E-14
  0.571706116         1.77900162E-14
  0.698498726         1.10266554E-14
  0.825291395        -3.51643229E-15
  0.952084064        -2.55562021E-14
   1.07887673        -5.28728638E-14
   1.20566940        -8.12722353E-14
   1.33246195        -1.05027071E-13
   1.45925462        -1.17843804E-13
   1.58604729        -1.14282146E-13
   1.71283996        -9.14013128E-14
   1.83963263        -5.02614714E-14
   1.96642530         3.16611641E-15
   2.09321785         5.80750183E-14
   2.22001052         1.00089662E-13
   2.34680319         1.13637202E-13
   2.47359586         8.50491213E-14
   2.60038853         5.82628563E-15
   2.72718120        -1.24524604E-13
   2.85397387        -2.96539838E-13
   2.98076653        -4.89984138E-13
   3.10755920        -6.74263542E-13
   3.23435187        -8.10132994E-13
   3.36114454        -8.52866389E-13
   3.48793697        -7.57174325E-13
   3.61472964        -4.84101528E-13
   3.74152231        -9.78105197E-15
   3.86831498         6.64770105E-13
   3.99510765         1.50445921E-12
   4.12190056         2.43383764E-12
   4.24869299         3.33617335E-12
   4.37548542         4.05970093E-12
   4.50227833         4.43152633E-12
   4.62907076         4.27793087E-12
   4.75586367         3.44815647E-12
   4.88265610         1.83774957E-12
   5.00944901        -5.92598236E-13
   5.13624144        -3.80596379E-12
   5.26303434        -7.68775234E-12
   5.38982677        -1.20542569E-11
   5.51661968        -1.66703786E-11
   5.64341211        -2.12747979E-11
   5.77020502        -2.56104235E-11
   5.89699745        -2.94573012E-11
   6.02379036        -3.26643955E-11
   6.15058279        -3.51755673E-11
   6.27737522        -3.70442843E-11
   6.40416813        -3.84319764E-11
   6.53096056        -3.95868789E-11
   6.65775347        -4.08043946E-11
   6.78454590        -4.23754330E-11
   6.91133881        -4.45346329E-11
   7.03813124        -4.74241896E-11
   7.16492414        -5.10889282E-11
   7.29171658        -5.55142460E-11
   7.41850948        -6.07108669E-11
   7.54530191        -6.68412756E-11
   7.67209482        -7.43758527E-11
   7.79888725        -8.42647133E-11
   7.92567968        -9.81156753E-11
   8.05247211        -1.18378737E-10
   8.17926502        -1.48551491E-10
   8.30605793        -1.93429231E-10
   8.43285084        -2.59425897E-10
   8.55964279        -3.54979962E-10
   8.68643570        -4.91032826E-10
   8.81322861        -6.81521339E-10
   8.94002151        -9.43775946E-10
   9.06681347        -1.29865696E-09
   9.19360638        -1.77021342E-09
   9.32039928        -2.38462028E-09
   9.44719219        -3.16814597E-09
   9.57398415        -4.14394385E-09
   9.70077705        -5.32753086E-09
   9.82756996        -6.72095313E-09
   9.95436192        -8.30577029E-09
   10.0811548        -1.00352020E-08
   10.2079477        -1.18259544E-08
   10.3347406        -1.35504337E-08
   10.4615326        -1.50302206E-08
   10.5883255        -1.60317803E-08
   10.7151184        -1.62654263E-08
   10.8419113        -1.53885349E-08
   10.9687033        -1.30138265E-08
   11.0954962        -8.72339445E-09
   11.2222891        -2.08875450E-09
   11.3490820         7.30317584E-09
   11.4758739         1.98187937E-08
   11.6026669         3.57424739E-08
   11.7294598         5.52390595E-08
   11.8562517         7.83168517E-08
   11.9830446         1.04794616E-07
   12.1098375         1.34276590E-07
   12.2366304         1.66140609E-07
   12.3634224         1.99544502E-07
   12.4902153         2.33456561E-07
   12.6170082         2.66715318E-07
   12.7438011         2.98124263E-07
   12.8705931         3.26585507E-07
   12.9973860         3.51275162E-07
   13.1241789         3.71861887E-07
   13.2509708         3.88767319E-07
   13.3777637         4.03464895E-07
   13.5045567         4.18810458E-07
   13.6313496         4.39395535E-07
   13.7581415         4.71911704E-07
   13.8849344         5.25510586E-07
   14.0117273         6.12143822E-07
   14.1385202         7.46864828E-07
   14.2653122         9.48071659E-07
   14.3921051         1.23767518E-06
   14.5188980         1.64117137E-06
   14.6456909         2.18760556E-06
   14.7724829         2.90941125E-06
   14.8992758         3.84211990E-06
   15.0260687         5.02393141E-06
   15.1528606         6.49514959E-06
   15.2796535         8.29748569E-06
   15.4064465         1.04732499E-05
   15.5332394         1.30644285E-05
   15.6600313         1.61116986E-05
   15.7868242         1.96533620E-05
   15.9136171         2.37242730E-05
   16.0404091         2.83547506E-05
   16.1672020         3.35695331E-05
   16.2939949         3.93867631E-05
   16.4207878         4.58170944E-05
   16.5475807         5.28628443E-05
   16.6743736         6.05173191E-05
   16.8011646         6.87642605E-05
   16.9279575         7.75774461E-05
   17.0547504         8.69204086E-05
   17.1815434         9.67464002E-05
   17.3083363         1.06998406E-04
   17.4351292         1.17609401E-04
   17.5619221         1.28502768E-04
   17.6887150         1.39592768E-04
   17.8155060         1.50785330E-04
   17.9422989         1.61978882E-04
   18.0690918         1.73065375E-04
   18.1958847         1.83931508E-04
   18.3226776         1.94460095E-04
   18.4494705         2.04531490E-04
   18.5762634         2.14025466E-04
   18.7030544         2.22822928E-04
   18.8298473         2.30807971E-04
   18.9566402         2.37870045E-04
   19.0834332         2.43906150E-04
   19.2102261         2.48823198E-04
   19.3370190         2.52540252E-04
   19.4638119         2.54990911E-04
   19.5906048         2.56125437E-04
   19.7173958         2.55912688E-04
   19.8441887         2.54341780E-04
   19.9709816         2.51423509E-04
   20.0977745         2.47191114E-04
   20.2245674         2.41700705E-04
   20.3513603         2.35031053E-04
   20.4781532         2.27282697E-04
   20.6049442         2.18576635E-04
   20.7317371         2.09052072E-04
   20.8585300         1.98863869E-04
   20.9853230         1.88179183E-04
   21.1121159         1.77173744E-04
   21.2389088         1.66027821E-04
   21.3657017         1.54921829E-04
   21.4924946         1.44031947E-04
   21.6192856         1.33525726E-04
   21.7460785         1.23557940E-04
   21.8728714         1.14266884E-04
   21.9996643         1.05771047E-04
   22.1264572         9.81664998E-05
   22.2532501         9.15249620E-05
   22.3800430         8.58927524E-05
   22.5068340         8.12904327E-05
   22.6336269         7.77135137E-05
   22.7604198         7.51337720E-05
   22.8872128         7.35013818E-05
   23.0140057         7.27478109E-05
   23.1407986         7.27890874E-05
   23.2675915         7.35295325E-05
   23.3943844         7.48657840E-05
   23.5211754         7.66906742E-05
   23.6479683         7.88972320E-05
   23.7747612         8.13823935E-05
   23.9015541         8.40502107E-05
   24.0283470         8.68148127E-05
   24.1551399         8.96025158E-05
   24.2819328         9.23535408E-05
   24.4087238         9.50229587E-05
   24.5355167         9.75808580E-05
   24.6623096         1.00012185E-04
   24.7891026         1.02315636E-04
   24.9158955         1.04502462E-04
   25.0426884         1.06594380E-04
   25.1694813         1.08621622E-04
   25.2962742         1.10620756E-04
   25.4230652         1.12631984E-04
   25.5498581         1.14697024E-04
   25.6766510         1.16856776E-04
   25.8034439         1.19149190E-04
   25.9302368         1.21607642E-04
   26.0570297         1.24259299E-04
   26.1838226         1.27124003E-04
   26.3106136         1.30213302E-04
   26.4374065         1.33530048E-04
   26.5641994         1.37068200E-04
   26.6909924         1.40812903E-04
   26.8177853         1.44741032E-04
   26.9445782         1.48821549E-04
   27.0713711         1.53016503E-04
   27.1981640         1.57281844E-04
   27.3249550         1.61568794E-04
   27.4517479         1.65824982E-04
   27.5785408         1.69995837E-04
   27.7053337         1.74026034E-04
   27.8321266         1.77860959E-04
   27.9589195         1.81448166E-04
   28.0857124         1.84738863E-04
   28.2125034         1.87689438E-04
   28.3392963         1.90262828E-04
   28.4660892         1.92430220E-04
   28.5928822         1.94171909E-04
   28.7196751         1.95478759E-04
   28.8464680         1.96353198E-04
   28.9732609         1.96809502E-04
   29.1000538         1.96874433E-04
   29.2268448         1.96587382E-04
   29.3536377         1.95999848E-04
   29.4804306         1.95175293E-04
   29.6072235         1.94187756E-04
   29.7340164         1.93120766E-04
   29.8608093         1.92065490E-04
   29.9876022         1.91118932E-04
   30.1143932         1.90381441E-04
   30.2411861         1.89954299E-04
   30.3679790         1.89937055E-04
   30.4947720         1.90424864E-04
   30.6215649         1.91505795E-04
   30.7483578         1.93258442E-04
   30.8751507         1.95749628E-04
   31.0019417         1.99032322E-04
   31.1287346         2.03144213E-04
   31.2555275         2.08106285E-04
   31.3823204         2.13922016E-04
   31.5091133         2.20577233E-04
   31.6359062         2.28040197E-04
   31.7626991         2.36262349E-04
   31.8894920         2.45179370E-04
   32.0162849         2.54712941E-04
   32.1430779         2.64772709E-04
   32.2698708         2.75258179E-04
   32.3966637         2.86061520E-04
   32.5234528         2.97069811E-04
   32.6502457         3.08167713E-04
   32.7770386         3.19239654E-04
   32.9038315         3.30172596E-04
   33.0306244         3.40857863E-04
   33.1574173         3.51193303E-04
   33.2842102         3.61084967E-04
   33.4110031         3.70448310E-04
   33.5377960         3.79209610E-04
   33.6645889         3.87306034E-04
   33.7913818         3.94686125E-04
   33.9181747         4.01309837E-04
   34.0449677         4.07148240E-04
   34.1717606         4.12182824E-04
   34.2985535         4.16404393E-04
   34.4253426         4.19812743E-04
   34.5521355         4.22415207E-04
   34.6789284         4.24225553E-04
   34.8057213         4.25262522E-04
   34.9325142         4.25549311E-04
   35.0593071         4.25111764E-04
   35.1861000         4.23977908E-04
   35.3128929         4.22176847E-04
   35.4396858         4.19738004E-04
   35.5664787         4.16690396E-04
   35.6932716         4.13062342E-04
   35.8200645         4.08880966E-04
   35.9468575         4.04172140E-04
   36.0736504         3.98960168E-04
   36.2004433         3.93268070E-04
   36.3272324         3.87117470E-04
   36.4540253         3.80528771E-04
   36.5808182         3.73521470E-04
   36.7076111         3.66114109E-04
   36.8344040         3.58324556E-04
   36.9611969         3.50170478E-04
   37.0879898         3.41669132E-04
   37.2147827         3.32837895E-04
   37.3415756         3.23694141E-04
   37.4683685         3.14255594E-04
   37.5951614         3.04540532E-04
   37.7219543         2.94567639E-04
   37.8487473         2.84356414E-04
   37.9755402         2.73927057E-04
   38.1023293         2.63300550E-04
   38.2291222         2.52498663E-04
   38.3559151         2.41544039E-04
   38.4827080         2.30460326E-04
   38.6095009         2.19272071E-04
   38.7362938         2.08005018E-04
   38.8630867         1.96686029E-04
   38.9898796         1.85343190E-04
   39.1166725         1.74005909E-04
   39.2434654         1.62704819E-04
   39.3702583         1.51472195E-04
   39.4970512         1.40341828E-04
   39.6238441         1.29349399E-04
   39.7506371         1.18532596E-04
   39.8774300         1.07931235E-04
   40.0042191         9.75875810E-05
   40.1310120         8.75464539E-05
   40.2578049         7.78552712E-05
   40.3845978         6.85641280E-05
   40.5113907         5.97257131E-05
   40.6381836         5.13950763E-05
   40.7649765         4.36293740E-05
   40.8917694         3.64873376E-05
   41.0185623         3.00287174E-05
   41.1453552         2.43134127E-05
   41.2721481         1.94004006E-05
   41.3989410         1.53466444E-05
   41.5257339         1.22055862E-05
   41.6525269         1.00256975E-05
   41.7793198         8.84887231E-06
   41.9061089         8.70873737E-06
   42.0329018         9.62895501E-06
   42.1596947         1.16215433E-05
   42.2864876         1.46853972E-05
   42.4132805         1.88048962E-05
   42.5400734         2.39487854E-05
   42.6668663         3.00692664E-05
   42.7936592         3.71015049E-05
   42.9204521         4.49635299E-05
   43.0472450         5.35565960E-05
   43.1740379         6.27659247E-05
   43.3008308         7.24621059E-05
   43.4276237         8.25027237E-05
   43.5544167         9.27346118E-05
   43.6812096         1.02996462E-04
   43.8079987         1.13121736E-04
   43.9347916         1.22942030E-04
   44.0615845         1.32290486E-04
   44.1883774         1.41005381E-04
   44.3151703         1.48933861E-04
   44.4419632         1.55935399E-04
   44.5687561         1.61885284E-04
   44.6955490         1.66677622E-04
   44.8223419         1.70228217E-04
   44.9491348         1.72476735E-04
   45.0759277         1.73388500E-04
   45.2027206         1.72955668E-04
   45.3295135         1.71197709E-04
   45.4563065         1.68161438E-04
   45.5830994         1.63920195E-04
   45.7098885         1.58572511E-04
   45.8366814         1.52240042E-04
   45.9634743         1.45065118E-04
   46.0902672         1.37207564E-04
   46.2170601         1.28841377E-04
   46.3438530         1.20150893E-04
   46.4706459         1.11326794E-04
   46.5974388         1.02561979E-04
   46.7242317         9.40474056E-05
   46.8510246         8.59679494E-05
   46.9778175         7.84984877E-05
   47.1046104         7.18002120E-05
   47.2314034         6.60171572E-05
   47.3581963         6.12732838E-05
   47.4849892         5.76699204E-05
   47.6117783         5.52837810E-05
   47.7385712         5.41655572E-05
   47.8653641         5.43390306E-05
   47.9921570         5.58008651E-05
   48.1189499         5.85209127E-05
   48.2457428         6.24431195E-05
   48.3725357         6.74869952E-05
   48.4993286         7.35495778E-05
   48.6261215         8.05079035E-05
   48.7529144         8.82218446E-05
   48.8797073         9.65372528E-05
   49.0065002         1.05289459E-04
   49.1332932         1.14306880E-04
   49.2600861         1.23414720E-04
   49.3868790         1.32438654E-04
   49.5136681         1.41208540E-04
   49.6404610         1.49561805E-04
   49.7672539         1.57346716E-04
   49.8940468         1.64425321E-04
   50.0208397         1.70676081E-04
   50.1476326         1.75996131E-04
   50.2744255         1.80303032E-04
   50.4012184         1.83536118E-04
   50.5280113         1.85657394E-04
   50.6548042         1.86651858E-04
   50.7815971         1.86527381E-04
   50.9083900         1.85314115E-04
   51.0351830         1.83063428E-04
   51.1619759         1.79846480E-04
   51.2887688         1.75752211E-04
   51.4155579         1.70885309E-04
   51.5423508         1.65363672E-04
   51.6691437         1.59315619E-04
   51.7959366         1.52876994E-04
   51.9227295         1.46188162E-04
   52.0495224         1.39390759E-04
   52.1763153         1.32624729E-04
   52.3031082         1.26025203E-04
   52.4299011         1.19719698E-04
   52.5566940         1.13825496E-04
   52.6834869         1.08447290E-04
   52.8102798         1.03675222E-04
   52.9370728         9.95832961E-05
   53.0638657         9.62281483E-05
   53.1906586         9.36483266E-05
   53.3174477         9.18640653E-05
   53.4442406         9.08774018E-05
   53.5710335         9.06728383E-05
   53.6978264         9.12183823E-05
   53.8246193         9.24670239E-05
   53.9514122         9.43585328E-05
   54.0782051         9.68214590E-05
   54.2049980         9.97753159E-05
   54.3317909         1.03132894E-04
   54.4585838         1.06802625E-04
   54.5853767         1.10690875E-04
   54.7121696         1.14704191E-04
   54.8389626         1.18751348E-04
   54.9657555         1.22745289E-04
   55.0925484         1.26604704E-04
   55.2193375         1.30255445E-04
   55.3461304         1.33631591E-04
   55.4729233         1.36676186E-04
   55.5997162         1.39341835E-04
   55.7265091         1.41590732E-04
   55.8533020         1.43394704E-04
   55.9800949         1.44734935E-04
   56.1068878         1.45601502E-04
   56.2336807         1.45992759E-04
   56.3604736         1.45914702E-04
   56.4872665         1.45380138E-04
   56.6140594         1.44407924E-04
   56.7408524         1.43022073E-04
   56.8676453         1.41250959E-04
   56.9944382         1.39126583E-04
   57.1212273         1.36683782E-04
   57.2480202         1.33959591E-04
   57.3748131         1.30992703E-04
   57.5016060         1.27822917E-04
   57.6283989         1.24490718E-04
   57.7551918         1.21036923E-04
   57.8819847         1.17502314E-04
   58.0087776         1.13927323E-04
   58.1355705         1.10351728E-04
   58.2623634         1.06814332E-04
   58.3891563         1.03352620E-04
   58.5159492         1.00002413E-04
   58.6427422         9.67975066E-05
   58.7695351         9.37692093E-05
   58.8963280         9.09458540E-05
   59.0231171         8.83523098E-05
   59.1499100         8.60093933E-05
   59.2767029         8.39333225E-05
   59.4034958         8.21352223E-05
   59.5302887         8.06206590E-05
   59.6570816         7.93891959E-05
   59.7838745         7.84342628E-05
   59.9106674         7.77430614E-05
   60.0374603         7.72967760E-05
   60.1642532         7.70709521E-05
   60.2910461         7.70360784E-05
   60.4178391         7.71585183E-05
   60.5446320         7.74015280E-05
   60.6714249         7.77265814E-05
   60.7982178         7.80947958E-05
   60.9250069         7.84685690E-05
   61.0517998         7.88131729E-05
   61.1785927         7.90983468E-05
   61.3053856         7.92997889E-05
   61.4321785         7.94005100E-05
   61.5589714         7.93918443E-05
   61.6857643         7.92741630E-05
   61.8125572         7.90572303E-05
   61.9393501         7.87601166E-05
   62.0661430         7.84106596E-05
   62.1929359         7.80444971E-05
   62.3197289         7.77037130E-05
   62.4465218         7.74351938E-05
   62.5733147         7.72884887E-05
   62.7001076         7.73136126E-05
   62.8268967         7.75586523E-05
   62.9536896         7.80673581E-05
   63.0804825         7.88769175E-05
   63.2072754         8.00158159E-05
   63.3340683         8.15021413E-05
   63.4608612         8.33422891E-05
   63.5876541         8.55300823E-05
   63.7144470         8.80466177E-05
   63.8412399         9.08604707E-05
   63.9680328         9.39286110E-05
   64.0948257         9.71977861E-05
   64.2216187         1.00606419E-04
   64.3484116         1.04086881E-04
   64.4752045         1.07568099E-04
   64.6019974         1.10978362E-04
   64.7287903         1.14248149E-04
   64.8555832         1.17312906E-04
   64.9823761         1.20115685E-04
   65.1091690         1.22609345E-04
   65.2359619         1.24758430E-04
   65.3627548         1.26540399E-04
   65.4895477         1.27946449E-04
   65.6163330         1.28981483E-04
   65.7431259         1.29663676E-04
   65.8699188         1.30023473E-04
   65.9967117         1.30101776E-04
   66.1235046         1.29948065E-04
   66.2502975         1.29617969E-04
   66.3770905         1.29170599E-04
   66.5038834         1.28665924E-04
   66.6306763         1.28162123E-04
   66.7574692         1.27713123E-04
   66.8842621         1.27366438E-04
   67.0110550         1.27161387E-04
   67.1378479         1.27127758E-04
   67.2646408         1.27285020E-04
   67.3914337         1.27642168E-04
   67.5182266         1.28197877E-04
   67.6450195         1.28941261E-04
   67.7718124         1.29853084E-04
   67.8986053         1.30907298E-04
   68.0253983         1.32072557E-04
   68.1521912         1.33314126E-04
   68.2789841         1.34595626E-04
   68.4057770         1.35880706E-04
   68.5325699         1.37134499E-04
   68.6593628         1.38324933E-04
   68.7861557         1.39423457E-04
   68.9129486         1.40405638E-04
   69.0397415         1.41251250E-04
   69.1665344         1.41944038E-04
   69.2933273         1.42471239E-04
   69.4201126         1.42822755E-04
   69.5469055         1.42990248E-04
   69.6736984         1.42966135E-04
   69.8004913         1.42742647E-04
   69.9272842         1.42311095E-04
   70.0540771         1.41661236E-04
   70.1808701         1.40780932E-04
   70.3076630         1.39656171E-04
   70.4344559         1.38271353E-04
   70.5612488         1.36609975E-04
   70.6880417         1.34655435E-04
   70.8148346         1.32392393E-04
   70.9416275         1.29808046E-04
   71.0684204         1.26893632E-04
   71.1952133         1.23646110E-04
   71.3220062         1.20069497E-04
   71.4487991         1.16176212E-04
   71.5755920         1.11988164E-04
   71.7023849         1.07537329E-04
   71.8291779         1.02866063E-04
   71.9559708         9.80269106E-05
   72.0827637         9.30819006E-05
   72.2095566         8.81014421E-05
   72.3363495         8.31628204E-05
   72.4631424         7.83481883E-05
   72.5899353         7.37423543E-05
   72.7167282         6.94302071E-05
   72.8435211         6.54940595E-05
   72.9703140         6.20108622E-05
   73.0971069         5.90494965E-05
   73.2238922         5.66682902E-05
   73.3506851         5.49127035E-05
   73.4774780         5.38135719E-05
   73.6042709         5.33856437E-05
   73.7310638         5.36268562E-05
   73.8578568         5.45181465E-05
   73.9846497         5.60237968E-05
   74.1114426         5.80926026E-05
   74.2382355         6.06593712E-05
   74.3650284         6.36471450E-05
   74.4918213         6.69697838E-05
   74.6186142         7.05349812E-05
   74.7454071         7.42474294E-05
   74.8722000         7.80122355E-05
   74.9989929         8.17381660E-05
   75.1257858         8.53408492E-05
   75.2525787         8.87455317E-05
   75.3793716         9.18894802E-05
   75.5061646         9.47239023E-05
   75.6329575         9.72150665E-05
   75.7597504         9.93449212E-05
   75.8865433         1.01110978E-04
   76.0133362         1.02525511E-04
   76.1401291         1.03614169E-04
   76.2669220         1.04414059E-04
   76.3937149         1.04971354E-04
   76.5205078         1.05338520E-04
   76.6473007         1.05571526E-04
   76.7740936         1.05726751E-04
   76.9008865         1.05858184E-04
   77.0276718         1.06014748E-04
   77.1544647         1.06237982E-04
   77.2812576         1.06560197E-04
   77.4080505         1.07003187E-04
   77.5348434         1.07577471E-04
   77.6616364         1.08282220E-04
   77.7884293         1.09105749E-04
   77.9152222         1.10026565E-04
   78.0420151         1.11014866E-04
   78.1688080         1.12034410E-04
   78.2956009         1.13044654E-04
   78.4223938         1.14003116E-04
   78.5491867         1.14867653E-04
   78.6759796         1.15598836E-04
   78.8027725         1.16162009E-04
   78.9295654         1.16529161E-04
   79.0563583         1.16680465E-04
   79.1831512         1.16605363E-04
   79.3099442         1.16303199E-04
   79.4367371         1.15783449E-04
   79.5635300         1.15065341E-04
   79.6903229         1.14177143E-04
   79.8171158         1.13155074E-04
   79.9439087         1.12041831E-04
   80.0707016         1.10884983E-04
   80.1974945         1.09735091E-04
   80.3242874         1.08643835E-04
   80.4510803         1.07662076E-04
   80.5778732         1.06837964E-04
   80.7046585         1.06215259E-04
   80.8314514         1.05831685E-04
   80.9582443         1.05717656E-04
   81.0850372         1.05895255E-04
   81.2118301         1.06377505E-04
   81.3386230         1.07168053E-04
   81.4654160         1.08261163E-04
   81.5922089         1.09641995E-04
   81.7190018         1.11287263E-04
   81.8457947         1.13166112E-04
   81.9725876         1.15241273E-04
   82.0993805         1.17470285E-04
   82.2261734         1.19806966E-04
   82.3529663         1.22203041E-04
   82.4797592         1.24609753E-04
   82.6065521         1.26979445E-04
   82.7333450         1.29267151E-04
   82.8601379         1.31432025E-04
   82.9869308         1.33438502E-04
   83.1137238         1.35257229E-04
   83.2405167         1.36865696E-04
   83.3673096         1.38248564E-04
   83.4941025         1.39397540E-04
   83.6208954         1.40311065E-04
   83.7476883         1.40993594E-04
   83.8744812         1.41454759E-04
   84.0012741         1.41708093E-04
   84.1280670         1.41769822E-04
   84.2548599         1.41657278E-04
   84.3816528         1.41387412E-04
   84.5084381         1.40975288E-04
   84.6352310         1.40432690E-04
   84.7620239         1.39767013E-04
   84.8888168         1.38980322E-04
   85.0156097         1.38068834E-04
   85.1424026         1.37022813E-04
   85.2691956         1.35826849E-04
   85.3959885         1.34460555E-04
   85.5227814         1.32899615E-04
   85.6495743         1.31117209E-04
   85.7763672         1.29085733E-04
   85.9031601         1.26778628E-04
   86.0299530         1.24172424E-04
   86.1567459         1.21248813E-04
   86.2835388         1.17996518E-04
   86.4103317         1.14413102E-04
   86.5371246         1.10506393E-04
   86.6639175         1.06295556E-04
   86.7907104         1.01811638E-04
   86.9175034         9.70976180E-05
   87.0442963         9.22078907E-05
   87.1710892         8.72072706E-05
   87.2978821         8.21693029E-05
   87.4246750         7.71743144E-05
   87.5514679         7.23069606E-05
   87.6782608         6.76536220E-05
   87.8050537         6.32995288E-05
   87.9318466         5.93259756E-05
   88.0586395         5.58075262E-05
   88.1854324         5.28094715E-05
   88.3122177         5.03856281E-05
   88.4390106         4.85765704E-05
   88.5658035         4.74083972E-05
   88.6925964         4.68920334E-05
   88.8193893         4.70232226E-05
   88.9461823         4.77829635E-05
   89.0729752         4.91386709E-05
   89.1997681         5.10457430E-05
   89.3265610         5.34494684E-05
   89.4533539         5.62873502E-05
   89.5801468         5.94915036E-05
   89.7069397         6.29910937E-05
   89.8337326         6.67146960E-05
   89.9605255         7.05924977E-05
   90.0873184         7.45582220E-05
   90.2141113         7.85506854E-05
   90.3409042         8.25149400E-05
   90.4676971         8.64029644E-05
   90.5944901         9.01740204E-05
   90.7212830         9.37945006E-05
   90.8480759         9.72375274E-05
   90.9748688         1.00482168E-04
   91.1016617         1.03512568E-04
   91.2284546         1.06316904E-04
   91.3552475         1.08886474E-04
   91.4820404         1.11214766E-04
   91.6088333         1.13296897E-04
   91.7356262         1.15129173E-04
   91.8624191         1.16708972E-04
   91.9892120         1.18034899E-04
   92.1159973         1.19107157E-04
   92.2427902         1.19928125E-04
   92.3695831         1.20503144E-04
   92.4963760         1.20841309E-04
   92.6231689         1.20956254E-04
   92.7499619         1.20866949E-04
   92.8767548         1.20598059E-04
   93.0035477         1.20180302E-04
   93.1303406         1.19650249E-04
   93.2571335         1.19049844E-04
   93.3839264         1.18425407E-04
   93.5107193         1.17826268E-04
   93.6375122         1.17302981E-04
   93.7643051         1.16905292E-04
   93.8910980         1.16679927E-04
   94.0178909         1.16668220E-04
   94.1446838         1.16903866E-04
   94.2714767         1.17410869E-04
   94.3982697         1.18201649E-04
   94.5250626         1.19275726E-04
   94.6518555         1.20618824E-04
   94.7786484         1.22202517E-04
   94.9054413         1.23984559E-04
   95.0322342         1.25909923E-04
   95.1590271         1.27912397E-04
   95.2858200         1.29916865E-04
   95.4126129         1.31842229E-04
   95.5394058         1.33604495E-04
   95.6661987         1.35120368E-04
   95.7929916         1.36310788E-04
   95.9197769         1.37104435E-04
   96.0465698         1.37441093E-04
   96.1733627         1.37274590E-04
   96.3001556         1.36575080E-04
   96.4269485         1.35330993E-04
   96.5537415         1.33549984E-04
   96.6805344         1.31259250E-04
   96.8073273         1.28505038E-04
   96.9341202         1.25351173E-04
   97.0609131         1.21876998E-04
   97.1877060         1.18174408E-04
   97.3144989         1.14344548E-04
   97.4412918         1.10493813E-04
   97.5680847         1.06729865E-04
   97.6948776         1.03157436E-04
   97.8216705         9.98743417E-05
   97.9484634         9.69677640E-05
   98.0752563         9.45110951E-05
   98.2020493         9.25612403E-05
   98.3288422         9.11567404E-05
   98.4556351         9.03166801E-05
   98.5824280         9.00403320E-05
   98.7092209         9.03076943E-05
   98.8360138         9.10808376E-05
   98.9628067         9.23060215E-05
   99.0895996         9.39163438E-05
   99.2163925         9.58349992E-05
   99.3431854         9.79788019E-05
   99.4699783         1.00261735E-04
   99.5967712         1.02598598E-04
   99.7235565         1.04908351E-04
   99.8503494         1.07117048E-04
   99.9771423         1.09160399E-04
   100.103935         1.10985689E-04
   100.230728         1.12552996E-04
   100.357521         1.13835886E-04
   100.484314         1.14821320E-04
   100.611107         1.15508978E-04
   100.737900         1.15909999E-04
   100.864693         1.16045332E-04
   100.991486         1.15943556E-04
   101.118279         1.15638693E-04
   101.245071         1.15167764E-04
   101.371864         1.14568538E-04
   101.498657         1.13877402E-04
   101.625450         1.13127651E-04
   101.752243         1.12348003E-04
   101.879036         1.11561596E-04
   102.005829         1.10785470E-04
   102.132622         1.10030407E-04
   102.259415         1.09301203E-04
   102.386208         1.08597342E-04
   102.513000         1.07913933E-04
   102.639793         1.07242871E-04
   102.766586         1.06574160E-04
   102.893379         1.05897285E-04
   103.020172         1.05202431E-04
   103.146965         1.04481653E-04
   103.273758         1.03729777E-04
   103.400551         1.02944992E-04
   103.527336         1.02129234E-04
   103.654129         1.01288068E-04
   103.780922         1.00430523E-04
   103.907715         9.95683949E-05
   104.034508         9.87156163E-05
   104.161301         9.78871321E-05
   104.288094         9.70980109E-05
   104.414886         9.63622806E-05
   104.541679         9.56919394E-05
   104.668472         9.50960530E-05
   104.795265         9.45800202E-05
   104.922058         9.41450198E-05
   105.048851         9.37877630E-05
   105.175644         9.35005664E-05
   105.302437         9.32715702E-05
   105.429230         9.30854148E-05
   105.556023         9.29240050E-05
   105.682816         9.27675719E-05
   105.809608         9.25958593E-05
   105.936401         9.23893895E-05
   106.063194         9.21307874E-05
   106.189987         9.18060541E-05
   106.316780         9.14057673E-05
   106.443573         9.09261362E-05
   106.570366         9.03697801E-05
   106.697159         8.97463178E-05
   106.823952         8.90726442E-05
   106.950745         8.83729590E-05
   107.077538         8.76784106E-05
   107.204330         8.70264776E-05
   107.331116         8.64600588E-05
   107.457909         8.60262226E-05
   107.584702         8.57748018E-05
   107.711494         8.57566702E-05
   107.838287         8.60219952E-05
   107.965080         8.66183764E-05
   108.091873         8.75888945E-05
   108.218666         8.89703151E-05
   108.345459         9.07913491E-05
   108.472252         9.30710303E-05
   108.599045         9.58174060E-05
   108.725838         9.90264016E-05
   108.852631         1.02681006E-04
   108.979424         1.06750813E-04
   109.106216         1.11191868E-04
   109.233009         1.15947056E-04
   109.359802         1.20946788E-04
   109.486595         1.26110099E-04
   109.613388         1.31346227E-04
   109.740181         1.36556555E-04
   109.866974         1.41636760E-04
   109.993767         1.46479375E-04
   110.120560         1.50976572E-04
   110.247353         1.55022921E-04
   110.374146         1.58518364E-04
   110.500938         1.61371136E-04
   110.627731         1.63500590E-04
   110.754524         1.64839847E-04
   110.881317         1.65338119E-04
   111.008102         1.64962708E-04
   111.134895         1.63700417E-04
   111.261688         1.61558506E-04
   111.388481         1.58565133E-04
   111.515274         1.54769034E-04
   111.642067         1.50238717E-04
   111.768860         1.45060912E-04
   111.895653         1.39338750E-04
   112.022446         1.33189125E-04
   112.149239         1.26739746E-04
   112.276031         1.20126009E-04
   112.402824         1.13487265E-04
   112.529617         1.06963234E-04
   112.656410         1.00690253E-04
   112.783203         9.47976587E-05
   112.909996         8.94044424E-05
   113.036789         8.46161856E-05
   113.163582         8.05225063E-05
   113.290375         7.71949271E-05
   113.417168         7.46855003E-05
   113.543961         7.30257598E-05
   113.670753         7.22265322E-05
   113.797546         7.22782206E-05
   113.924339         7.31517066E-05
   114.051132         7.47998274E-05
   114.177925         7.71592822E-05
   114.304718         8.01529532E-05
   114.431511         8.36925101E-05
   114.558304         8.76812410E-05
   114.685097         9.20169041E-05
   114.811882         9.65945364E-05
   114.938675         1.01309255E-04
   115.065468         1.06058716E-04
   115.192261         1.10745365E-04
   115.319054         1.15278352E-04
   115.445847         1.19575096E-04
   115.572639         1.23562539E-04
   115.699432         1.27177831E-04
   115.826225         1.30368833E-04
   115.953018         1.33094174E-04
   116.079811         1.35323033E-04
   116.206604         1.37034644E-04
   116.333397         1.38217700E-04
   116.460190         1.38869538E-04
   116.586983         1.38995252E-04
   116.713776         1.38606876E-04
   116.840569         1.37722469E-04
   116.967361         1.36365430E-04
   117.094154         1.34563772E-04
   117.220947         1.32349640E-04
   117.347740         1.29758831E-04
   117.474533         1.26830462E-04
   117.601326         1.23606820E-04
   117.728119         1.20133212E-04
   117.854912         1.16457864E-04
   117.981705         1.12631868E-04
   118.108498         1.08708977E-04
   118.235291         1.04745362E-04
   118.362083         1.00799327E-04
   118.488876         9.69307002E-05
   118.615662         9.32002877E-05
   118.742455         8.96689380E-05
   118.869247         8.63965251E-05
   118.996040         8.34407983E-05
   119.122833         8.08559271E-05
   119.249626         7.86911478E-05
   119.376419         7.69891194E-05
   119.503212         7.57844318E-05
   119.630005         7.51021726E-05
   119.756798         7.49565806E-05
   119.883591         7.53500644E-05
   120.010384         7.62724376E-05
   120.137177         7.77006207E-05
   120.263969         7.95985979E-05
   120.390762         8.19179913E-05
   120.517555         8.45990508E-05
   120.644348         8.75720580E-05
   120.771141         9.07592912E-05
   120.897934         9.40773534E-05
   121.024727         9.74398063E-05
   121.151520         1.00760044E-04
   121.278313         1.03954357E-04
   121.405106         1.06944892E-04
   121.531898         1.09662542E-04
   121.658691         1.12049573E-04
   121.785484         1.14061761E-04
   121.912277         1.15670133E-04
   122.039070         1.16862007E-04
   122.165863         1.17641437E-04
   122.292656         1.18028969E-04
   122.419441         1.18060721E-04
   122.546234         1.17786782E-04
   122.673027         1.17268923E-04
   122.799820         1.16577874E-04
   122.926613         1.15790157E-04
   123.053406         1.14984658E-04
   123.180199         1.14239068E-04
   123.306992         1.13626484E-04
   123.433784         1.13212191E-04
   123.560577         1.13050824E-04
   123.687370         1.13184105E-04
   123.814163         1.13639093E-04
   123.940956         1.14427123E-04
   124.067749         1.15543546E-04
   124.194542         1.16968018E-04
   124.321335         1.18665594E-04
   124.448128         1.20588440E-04
   124.574921         1.22678000E-04
   124.701714         1.24867685E-04
   124.828506         1.27085776E-04
   124.955299         1.29258449E-04
   125.082092         1.31312845E-04
   125.208885         1.33179899E-04
   125.335678         1.34797039E-04
   125.462471         1.36110277E-04
   125.589264         1.37076058E-04
   125.716057         1.37662500E-04
   125.842850         1.37850104E-04
   125.969643         1.37631971E-04
   126.096436         1.37013587E-04
   126.223221         1.36012022E-04
   126.350014         1.34654809E-04
   126.476807         1.32978501E-04
   126.603600         1.31026929E-04
   126.730392         1.28849351E-04
   126.857185         1.26498620E-04
   126.983978         1.24029248E-04
   127.110771         1.21495694E-04
   127.237564         1.18950571E-04
   127.364357         1.16443312E-04
   127.491150         1.14018876E-04
   127.617943         1.11716712E-04
   127.744736         1.09570123E-04
   127.871529         1.07605672E-04
   127.998322         1.05843057E-04
   128.125107         1.04295097E-04
   128.251907         1.02967999E-04
   128.378693         1.01861748E-04
   128.505493         1.00970741E-04
   128.632278         1.00284473E-04
   128.759079         9.97882453E-05
   128.885864         9.94640504E-05
   129.012665         9.92914211E-05
   129.139450         9.92482892E-05
   129.266251         9.93118592E-05
   129.393036         9.94593574E-05
   129.519836         9.96687158E-05
   129.646622         9.99192052E-05
   129.773422         1.00191908E-04
   129.900208         1.00470104E-04
   130.027008         1.00739642E-04
   130.153793         1.00989062E-04
   130.280594         1.01209735E-04
   130.407379         1.01395912E-04
   130.534180         1.01544625E-04
   130.660965         1.01655678E-04
   130.787766         1.01731377E-04
   130.914551         1.01776357E-04
   131.041351         1.01797188E-04
   131.168137         1.01802027E-04
   131.294937         1.01800222E-04
   131.421722         1.01801910E-04
   131.548523         1.01817619E-04
   131.675308         1.01857855E-04
   131.802109         1.01932739E-04
   131.928894         1.02051570E-04
   132.055679         1.02222446E-04
   132.182480         1.02451952E-04
   132.309265         1.02744838E-04
   132.436066         1.03103768E-04
   132.562851         1.03529128E-04
   132.689651         1.04019004E-04
   132.816437         1.04569255E-04
   132.943237         1.05173618E-04
   133.070023         1.05824030E-04
   133.196823         1.06510925E-04
   133.323608         1.07223612E-04
   133.450409         1.07950669E-04
   133.577194         1.08680390E-04
   133.703995         1.09401262E-04
   133.830780         1.10102352E-04
   133.957581         1.10773704E-04
   134.084366         1.11406684E-04
   134.211166         1.11994137E-04
   134.337952         1.12530543E-04
   134.464752         1.13012058E-04
   134.591537         1.13436385E-04
   134.718338         1.13802671E-04
   134.845123         1.14111179E-04
   134.971924         1.14363072E-04
   135.098709         1.14560149E-04
   135.225510         1.14704635E-04
   135.352295         1.14798997E-04
   135.479095         1.14845789E-04
   135.605881         1.14847666E-04
   135.732666         1.14807335E-04
   135.859467         1.14727671E-04
   135.986252         1.14611925E-04
   136.113052         1.14463968E-04
   136.239838         1.14288501E-04
   136.366638         1.14091396E-04
   136.493423         1.13879891E-04
   136.620224         1.13662827E-04
   136.747009         1.13450711E-04
   136.873810         1.13255708E-04
   137.000595         1.13091366E-04
   137.127396         1.12972346E-04
   137.254181         1.12913847E-04
   137.380981         1.12930989E-04
   137.507767         1.13038084E-04
   137.634567         1.13247763E-04
   137.761353         1.13570204E-04
   137.888153         1.14012269E-04
   138.014938         1.14576760E-04
   138.141739         1.15261784E-04
   138.268524         1.16060313E-04
   138.395325         1.16959920E-04
   138.522110         1.17942720E-04
   138.648911         1.18985554E-04
   138.775696         1.20060467E-04
   138.902496         1.21135381E-04
   139.029282         1.22175014E-04
   139.156082         1.23142017E-04
   139.282867         1.23998208E-04
   139.409653         1.24705970E-04
   139.536453         1.25229664E-04
   139.663239         1.25537001E-04
   139.790039         1.25600520E-04
   139.916824         1.25398758E-04
   140.043625         1.24917322E-04
   140.170410         1.24149679E-04
   140.297211         1.23097707E-04
   140.423996         1.21771998E-04
   140.550797         1.20191769E-04
   140.677582         1.18384552E-04
   140.804382         1.16385527E-04
   140.931168         1.14236631E-04
   141.057968         1.11985304E-04
   141.184753         1.09683147E-04
   141.311554         1.07384294E-04
   141.438339         1.05143772E-04
   141.565140         1.03015751E-04
   141.691925         1.01051839E-04
   141.818726         9.92995338E-05
   141.945511         9.78007374E-05
   142.072311         9.65906365E-05
   142.199097         9.56966760E-05
   142.325897         9.51378825E-05
   142.452682         9.49244204E-05
   142.579483         9.50575268E-05
   142.706268         9.55295764E-05
   142.833069         9.63246130E-05
   142.959854         9.74191062E-05
   143.086655         9.87828316E-05
   143.213440         1.00380108E-04
   143.340225         1.02170947E-04
   143.467026         1.04112492E-04
   143.593811         1.06160194E-04
   143.720612         1.08269225E-04
   143.847397         1.10395500E-04
   143.974197         1.12496695E-04
   144.100983         1.14533192E-04
   144.227783         1.16468706E-04
   144.354568         1.18270953E-04
   144.481369         1.19912067E-04
   144.608154         1.21368859E-04
   144.734955         1.22622921E-04
   144.861740         1.23660589E-04
   144.988541         1.24472688E-04
   145.115326         1.25054372E-04
   145.242126         1.25404695E-04
   145.368912         1.25526247E-04
   145.495712         1.25424645E-04
   145.622498         1.25108243E-04
   145.749298         1.24587648E-04
   145.876083         1.23875361E-04
   146.002884         1.22985468E-04
   146.129669         1.21933248E-04
   146.256470         1.20734847E-04
   146.383255         1.19407021E-04
   146.510056         1.17966832E-04
   146.636841         1.16431540E-04
   146.763641         1.14818453E-04
   146.890427         1.13144895E-04
   147.017212         1.11428148E-04
   147.144012         1.09685519E-04
   147.270798         1.07934306E-04
   147.397598         1.06191852E-04
   147.524384         1.04475512E-04
   147.651184         1.02802667E-04
   147.777969         1.01190766E-04
   147.904770         9.96571616E-05
   148.031555         9.82191195E-05
   148.158356         9.68937529E-05
   148.285141         9.56978474E-05
   148.411942         9.46477739E-05
   148.538727         9.37591249E-05
   148.665527         9.30465394E-05
   148.792313         9.25232307E-05
   148.919113         9.22006730E-05
   149.045898         9.20882012E-05
   149.172699         9.21926185E-05
   149.299484         9.25178392E-05
   149.426285         9.30645620E-05
   149.553070         9.38301018E-05
   149.679871         9.48082088E-05
   149.806656         9.59890385E-05
   149.933456         9.73591232E-05
   150.060242         9.89015825E-05
   150.187042         1.00596175E-04
   150.313828         1.02419697E-04
   150.440628         1.04346414E-04
   150.567413         1.06348554E-04
   150.694214         1.08396991E-04
   150.820999         1.10461959E-04
   150.947784         1.12513721E-04
   151.074585         1.14523311E-04
   151.201370         1.16463241E-04
   151.328171         1.18308119E-04
   151.454956         1.20035213E-04
   151.581757         1.21624842E-04
   151.708542         1.23060803E-04
   151.835342         1.24330545E-04
   151.962128         1.25425373E-04
   152.088928         1.26340470E-04
   152.215714         1.27074702E-04
   152.342514         1.27630570E-04
   152.469299         1.28013620E-04
   152.596100         1.28232045E-04
   152.722885         1.28296175E-04
   152.849686         1.28217813E-04
   152.976471         1.28009720E-04
   153.103271         1.27684994E-04
   153.230057         1.27256557E-04
   153.356857         1.26736777E-04
   153.483643         1.26137107E-04
   153.610443         1.25467879E-04
   153.737228         1.24738101E-04
   153.864029         1.23955382E-04
   153.990814         1.23125894E-04
   154.117615         1.22254511E-04
   154.244400         1.21345001E-04
   154.371201         1.20400393E-04
   154.497986         1.19423348E-04
   154.624771         1.18416567E-04
   154.751572         1.17383112E-04
   154.878357         1.16326846E-04
   155.005157         1.15252617E-04
   155.131943         1.14166513E-04
   155.258743         1.13075912E-04
   155.385529         1.11989488E-04
   155.512329         1.10917172E-04
   155.639114         1.09869921E-04
   155.765915         1.08859582E-04
   155.892700         1.07898522E-04
   156.019501         1.06999280E-04
   156.146286         1.06174099E-04
   156.273087         1.05434417E-04
   156.399872         1.04790299E-04
   156.526672         1.04250001E-04
   156.653458         1.03819548E-04
   156.780258         1.03502513E-04
   156.907043         1.03299775E-04
   157.033844         1.03209546E-04
   157.160629         1.03227430E-04
   157.287430         1.03346676E-04
   157.414215         1.03558428E-04
   157.541016         1.03852202E-04
   157.667801         1.04216269E-04
   157.794601         1.04638231E-04
   157.921387         1.05105646E-04
   158.048187         1.05606581E-04
   158.174973         1.06130326E-04
   158.301773         1.06667881E-04
   158.428558         1.07212436E-04
   158.555344         1.07759661E-04
   158.682144         1.08307795E-04
   158.808929         1.08857646E-04
   158.935730         1.09412395E-04
   159.062515         1.09977213E-04
   159.189316         1.10558853E-04
   159.316101         1.11165027E-04
   159.442902         1.11803776E-04
   159.569687         1.12482747E-04
   159.696487         1.13208465E-04
   159.823273         1.13985589E-04
   159.950073         1.14816212E-04
   160.076859         1.15699266E-04
   160.203659         1.16629992E-04
