  -4.50000000         0.00000000    
  -4.37320757         0.00000000    
  -4.24641466         0.00000000    
  -4.11962223         0.00000000    
  -3.99282932         0.00000000    
  -3.86603665         0.00000000    
  -3.73924398         0.00000000    
  -3.61245155         0.00000000    
  -3.48565888         0.00000000    
  -3.35886621         0.00000000    
  -3.23207355         0.00000000    
  -3.10528088         0.00000000    
  -2.97848821         0.00000000    
  -2.85169554         0.00000000    
  -2.72490287         0.00000000    
  -2.59811020         0.00000000    
  -2.47131753         0.00000000    
  -2.34452486         0.00000000    
  -2.21773219         0.00000000    
  -2.09093952         0.00000000    
  -1.96414697         0.00000000    
  -1.83735430         0.00000000    
  -1.71056163         0.00000000    
  -1.58376896         0.00000000    
  -1.45697629         0.00000000    
  -1.33018374         0.00000000    
  -1.20339108         0.00000000    
  -1.07659841         0.00000000    
 -0.949805737         0.00000000    
 -0.823013067         0.00000000    
 -0.696220458         0.00000000    
 -0.569427788         0.00000000    
 -0.442635119         0.00000000    
 -0.315842479         0.00000000    
 -0.189049825         0.00000000    
  -6.22571707E-02     0.00000000    
   6.45354837E-02     0.00000000    
  0.191328138         0.00000000    
  0.318120778         0.00000000    
  0.444913447         0.00000000    
  0.571706116         0.00000000    
  0.698498726         0.00000000    
  0.825291395         0.00000000    
  0.952084064         0.00000000    
   1.07887673         0.00000000    
   1.20566940         0.00000000    
   1.33246195         0.00000000    
   1.45925462         0.00000000    
   1.58604729         0.00000000    
   1.71283996         0.00000000    
   1.83963263         0.00000000    
   1.96642530         0.00000000    
   2.09321785         0.00000000    
   2.22001052         0.00000000    
   2.34680319         0.00000000    
   2.47359586         0.00000000    
   2.60038853         0.00000000    
   2.72718120         0.00000000    
   2.85397387         0.00000000    
   2.98076653         0.00000000    
   3.10755920         0.00000000    
   3.23435187         0.00000000    
   3.36114454         0.00000000    
   3.48793697         0.00000000    
   3.61472964         0.00000000    
   3.74152231         0.00000000    
   3.86831498         0.00000000    
   3.99510765         0.00000000    
   4.12190056         0.00000000    
   4.24869299         0.00000000    
   4.37548542         0.00000000    
   4.50227833         0.00000000    
   4.62907076         0.00000000    
   4.75586367         0.00000000    
   4.88265610         0.00000000    
   5.00944901         0.00000000    
   5.13624144         0.00000000    
   5.26303434         0.00000000    
   5.38982677         0.00000000    
   5.51661968         0.00000000    
   5.64341211         0.00000000    
   5.77020502         0.00000000    
   5.89699745         0.00000000    
   6.02379036         0.00000000    
   6.15058279         0.00000000    
   6.27737522         0.00000000    
   6.40416813         0.00000000    
   6.53096056         0.00000000    
   6.65775347         0.00000000    
   6.78454590         0.00000000    
   6.91133881         0.00000000    
   7.03813124         0.00000000    
   7.16492414         0.00000000    
   7.29171658         0.00000000    
   7.41850948         0.00000000    
   7.54530191         0.00000000    
   7.67209482         0.00000000    
   7.79888725         0.00000000    
   7.92567968         0.00000000    
   8.05247211         0.00000000    
   8.17926502         0.00000000    
   8.30605793         0.00000000    
   8.43285084         0.00000000    
   8.55964279         0.00000000    
   8.68643570         0.00000000    
   8.81322861         0.00000000    
   8.94002151         0.00000000    
   9.06681347         0.00000000    
   9.19360638         0.00000000    
   9.32039928         0.00000000    
   9.44719219         0.00000000    
   9.57398415         0.00000000    
   9.70077705         0.00000000    
   9.82756996         0.00000000    
   9.95436192         0.00000000    
   10.0811548         0.00000000    
   10.2079477         0.00000000    
   10.3347406         0.00000000    
   10.4615326         0.00000000    
   10.5883255         0.00000000    
   10.7151184         0.00000000    
   10.8419113         0.00000000    
   10.9687033         0.00000000    
   11.0954962         0.00000000    
   11.2222891         0.00000000    
   11.3490820         0.00000000    
   11.4758739         0.00000000    
   11.6026669         0.00000000    
   11.7294598         0.00000000    
   11.8562517         0.00000000    
   11.9830446         0.00000000    
   12.1098375         0.00000000    
   12.2366304         0.00000000    
   12.3634224         0.00000000    
   12.4902153         0.00000000    
   12.6170082         0.00000000    
   12.7438011         0.00000000    
   12.8705931         0.00000000    
   12.9973860         0.00000000    
   13.1241789         0.00000000    
   13.2509708         0.00000000    
   13.3777637         0.00000000    
   13.5045567         0.00000000    
   13.6313496         0.00000000    
   13.7581415         0.00000000    
   13.8849344         0.00000000    
   14.0117273         0.00000000    
   14.1385202         0.00000000    
   14.2653122         0.00000000    
   14.3921051         0.00000000    
   14.5188980         0.00000000    
   14.6456909         0.00000000    
   14.7724829         0.00000000    
   14.8992758         0.00000000    
   15.0260687         0.00000000    
   15.1528606         0.00000000    
   15.2796535         0.00000000    
   15.4064465         0.00000000    
   15.5332394         0.00000000    
   15.6600313         0.00000000    
   15.7868242         0.00000000    
   15.9136171         0.00000000    
   16.0404091         0.00000000    
   16.1672020         0.00000000    
   16.2939949         0.00000000    
   16.4207878         0.00000000    
   16.5475807         0.00000000    
   16.6743736         0.00000000    
   16.8011646         0.00000000    
   16.9279575         0.00000000    
   17.0547504         0.00000000    
   17.1815434         0.00000000    
   17.3083363         0.00000000    
   17.4351292         0.00000000    
   17.5619221         0.00000000    
   17.6887150         0.00000000    
   17.8155060         0.00000000    
   17.9422989         0.00000000    
   18.0690918         0.00000000    
   18.1958847         0.00000000    
   18.3226776         0.00000000    
   18.4494705         0.00000000    
   18.5762634         0.00000000    
   18.7030544         0.00000000    
   18.8298473         0.00000000    
   18.9566402         0.00000000    
   19.0834332         0.00000000    
   19.2102261         5.56777548E-35
   19.3370190         1.11355510E-34
   19.4638119         1.67033270E-34
   19.5906048         1.54081917E-34
   19.7173958         3.17271941E-34
   19.8441887         4.20148956E-34
   19.9709816        -1.22837208E-34
   20.0977745        -1.68411827E-33
   20.2245674        -3.57577704E-33
   20.3513603        -4.96720823E-33
   20.4781532        -4.97874277E-33
   20.6049442        -2.89335151E-33
   20.7317371         8.11408486E-34
   20.8585300         4.92392874E-33
   20.9853230         9.76790843E-33
   21.1121159         1.48507798E-32
   21.2389088         1.67258417E-32
   21.3657017         1.34785341E-32
   21.4924946         4.48629807E-33
   21.6192856        -8.17613332E-33
   21.7460785        -1.80587803E-32
   21.8728714        -1.33818806E-32
   21.9996643         2.19882959E-33
   22.1264572         2.30026597E-32
   22.2532501         4.59681768E-32
   22.3800430         5.91061658E-32
   22.5068340         1.83743991E-31
   22.6336269         9.66093762E-31
   22.7604198         2.56523637E-30
   22.8872128         5.17082925E-30
   23.0140057         8.13639800E-30
   23.1407986         1.12520418E-29
   23.2675915         1.27360243E-29
   23.3943844         1.25966840E-29
   23.5211754         1.02094306E-29
   23.6479683         6.14368869E-30
   23.7747612         1.47947935E-30
   23.9015541        -3.45164262E-30
   24.0283470        -1.39072093E-29
   24.1551399        -2.94750247E-29
   24.2819328        -4.71346166E-29
   24.4087238        -6.75224659E-29
   24.5355167        -8.89035383E-29
   24.6623096        -9.54770682E-29
   24.7891026        -9.50012491E-29
   24.9158955        -8.55890128E-29
   25.0426884        -7.25804213E-29
   25.1694813        -5.37632793E-29
   25.2962742        -2.46518777E-29
   25.4230652         4.76905205E-31
   25.5498581         1.79873446E-29
   25.6766510         1.97940414E-29
   25.8034439         7.94984986E-30
   25.9302368        -1.52649298E-29
   26.0570297        -4.62121714E-29
   26.1838226        -9.12657335E-29
   26.3106136        -1.34487255E-28
   26.4374065        -1.74036900E-28
   26.5641994        -2.04695923E-28
   26.6909924        -2.14486749E-28
   26.8177853        -1.93129595E-28
   26.9445782        -1.38069436E-28
   27.0713711        -3.52053163E-29
   27.1981640         1.30192672E-28
   27.3249550         3.70701912E-28
   27.4517479         7.05426250E-28
   27.5785408         1.13741917E-27
   27.7053337         1.67128272E-27
   27.8321266         2.31166617E-27
   27.9589195         3.06368654E-27
   28.0857124         3.90812863E-27
   28.2125034         4.82118582E-27
   28.3392963         5.74627276E-27
   28.4660892         6.60324495E-27
   28.5928822         7.28077401E-27
   28.7196751         7.61617548E-27
   28.8464680         7.41659444E-27
   28.9732609         6.46449710E-27
   29.1000538         4.52743875E-27
   29.2268448         1.37500074E-27
   29.3536377        -3.20087920E-27
   29.4804306        -9.35176808E-27
   29.6072235        -1.71429089E-26
   29.7340164        -2.65122530E-26
   29.8608093        -3.72408815E-26
   29.9876022        -4.89087783E-26
   30.1143932        -6.08712869E-26
   30.2411861        -7.22249737E-26
   30.3679790        -8.18007467E-26
   30.4947720        -8.81674212E-26
   30.6215649        -8.96620168E-26
   30.7483578        -8.44501299E-26
   30.8751507        -7.06224706E-26
   31.0019417        -4.63268150E-26
   31.1287346        -9.94087384E-27
   31.2555275         3.97190849E-26
   31.3823204         1.03165183E-25
   31.5091133         1.79976323E-25
   31.6359062         2.68537521E-25
   31.7626991         3.65790882E-25
   31.8894920         4.67026511E-25
   32.0162849         5.65740719E-25
   32.1430779         6.53590883E-25
   32.2698708         7.20480815E-25
   32.3966637         7.54804745E-25
   32.5234528         7.43883409E-25
   32.6502457         6.74605595E-25
   32.7770386         5.34289377E-25
   32.9038315         3.11755488E-25
   33.0306244        -1.40552345E-27
   33.1574173        -4.09415876E-25
   33.2842102        -9.10804602E-25
   33.4110031        -1.49689769E-24
   33.5377960        -2.15041668E-24
   33.6645889        -2.84431313E-24
   33.7913818        -3.54098992E-24
   33.9181747        -4.19207075E-24
   34.0449677        -4.73887245E-24
   34.1717606        -5.11374428E-24
   34.2985535        -5.24239447E-24
   34.4253426        -5.04730444E-24
   34.5521355        -4.45226863E-24
   34.6789284        -3.38802585E-24
   34.8057213        -1.79887778E-24
   34.9325142         3.49920924E-25
   35.0593071         3.06431106E-24
   35.1861000         6.31354176E-24
   35.3128929         1.00227720E-23
   35.4396858         1.40667910E-23
   35.5664787         1.82655489E-23
   35.6932716         2.23822463E-23
   35.8200645         2.61247460E-23
   35.9468575         2.91509948E-23
   36.0736504         3.10790686E-23
   36.2004433         3.15023083E-23
   36.3272324         3.00097393E-23
   36.4540253         2.62116817E-23
   36.5808182         1.97701780E-23
   36.7076111         1.04333008E-23
   36.8344040        -1.92787547E-24
   36.9611969        -1.72814544E-23
   37.0879898        -3.53982335E-23
   37.2147827        -5.58191981E-23
   37.3415756        -7.78299509E-23
   37.4683685        -1.00445331E-22
   37.5951614        -1.22407345E-22
   37.7219543        -1.42199739E-22
   37.8487473        -1.58082020E-22
   37.9755402        -1.68144894E-22
   38.1023293        -1.70388983E-22
   38.2291222        -1.62826596E-22
   38.3559151        -1.43605943E-22
   38.4827080        -1.11154604E-22
   38.6095009        -6.43383342E-23
   38.7362938        -2.62849736E-24
   38.8630867         7.37298685E-23
   38.9898796         1.63559277E-22
   39.1166725         2.64612018E-22
   39.2434654         3.73465912E-22
   39.3702583         4.85466970E-22
   39.4970512         5.94732612E-22
   39.6238441         6.94228091E-22
   39.7506371         7.75926767E-22
   39.8774300         8.31063525E-22
   40.0042191         8.50485356E-22
   40.1310120         8.25099989E-22
   40.2578049         7.46415695E-22
   40.3845978         6.07162687E-22
   40.5113907         4.01974790E-22
   40.6381836         1.28106341E-22
   40.7649765        -2.13850144E-22
   40.8917694        -6.19285800E-22
   41.0185623        -1.07898421E-21
   41.1453552        -1.57866834E-21
   41.2721481        -2.09873957E-21
   41.3989410        -2.61426272E-21
   41.5257339        -3.09525189E-21
   41.6525269        -3.50729507E-21
   41.7793198        -3.81255986E-21
   41.9061089        -3.97119840E-21
   42.0329018        -3.94315140E-21
   42.1596947        -3.69033988E-21
   42.2864876        -3.17919114E-21
   42.4132805        -2.38343672E-21
   42.5400734        -1.28707647E-21
   42.6668663         1.12623665E-22
   42.7936592         1.80225126E-21
   42.9204521         3.74967353E-21
   43.0472450         5.90197366E-21
   43.1740379         8.18410721E-21
   43.3008308         1.04985036E-20
   43.4276237         1.27258183E-20
   43.5544167         1.47270283E-20
   43.6812096         1.63470228E-20
   43.8079987         1.74197823E-20
   43.9347916         1.77752083E-20
   44.0615845         1.72475155E-20
   44.1883774         1.56850715E-20
   44.3151703         1.29614428E-20
   44.4419632         8.98724304E-21
   44.5687561         3.72234951E-21
   44.6955490        -2.81213297E-21
   44.8223419        -1.05228425E-20
   44.9491348        -1.92348573E-20
   45.0759277        -2.86849434E-20
   45.2027206        -3.85182307E-20
   45.3295135        -4.82891660E-20
   45.4563065        -5.74674877E-20
   45.5830994        -6.54499293E-20
   45.7098885        -7.15781033E-20
   45.8366814        -7.51627680E-20
   45.9634743        -7.55144878E-20
   46.0902672        -7.19801389E-20
   46.2170601        -6.39846240E-20
   46.3438530        -5.10763155E-20
   46.4706459        -3.29747118E-20
   46.5974388        -9.61808135E-21
   46.7242317         1.87914400E-20
   46.8510246         5.17481380E-20
   46.9778175         8.84116036E-20
   47.1046104         1.27587401E-19
   47.2314034         1.67722773E-19
   47.3581963         2.06920523E-19
   47.4849892         2.42973474E-19
   47.6117783         2.73421811E-19
   47.7385712         2.95634377E-19
   47.8653641         3.06913915E-19
   47.9921570         3.04625158E-19
   48.1189499         2.86343510E-19
   48.2457428         2.50019786E-19
   48.3725357         1.94155549E-19
   48.4993286         1.17981559E-19
   48.6261215         2.16308877E-20
   48.7529144        -9.37038470E-20
   48.8797073        -2.25639801E-19
   49.0065002        -3.70511438E-19
   49.1332932        -5.23328222E-19
   49.2600861        -6.77793190E-19
   49.3868790        -8.26392309E-19
   49.5136681        -9.60562349E-19
   49.6404610        -1.07094298E-18
   49.7672539        -1.14771320E-18
   49.8940468        -1.18101126E-18
   50.0208397        -1.16142941E-18
   50.1476326        -1.08057137E-18
   50.2744255        -9.31654868E-19
   50.4012184        -7.10134504E-19
   50.5280113        -4.14318794E-19
   50.6548042        -4.59461284E-20
   50.7815971         3.89314675E-19
   50.9083900         8.81479126E-19
   51.0351830         1.41601482E-18
   51.1619759         1.97380101E-18
   51.2887688         2.53131205E-18
   51.4155579         3.06105506E-18
   51.5423508         3.53227752E-18
   51.6691437         3.91196004E-18
   51.7959366         4.16607985E-18
   51.9227295         4.26113655E-18
   52.0495224         4.16590077E-18
   52.1763153         3.85332907E-18
   52.3031082         3.30258560E-18
   52.4299011         2.50107550E-18
   52.5566940         1.44639716E-18
   52.6834869         1.48101803E-19
   52.8102798        -1.37086213E-18
   52.9370728        -3.07313748E-18
   53.0638657        -4.90649666E-18
   53.1906586        -6.80404154E-18
   53.3174477        -8.68515572E-18
   53.4442406        -1.04572760E-17
   53.5710335        -1.20185298E-17
   53.6978264        -1.32612214E-17
   53.8246193        -1.40761507E-17
   53.9514122        -1.43576469E-17
   54.0782051        -1.40092119E-17
   54.2049980        -1.29495563E-17
   54.3317909        -1.11188137E-17
   54.4585838        -8.48463804E-18
   54.5853767        -5.04789078E-18
   54.7121696        -8.47560895E-19
   54.8389626         4.03542337E-18
   54.9657555         9.47584361E-18
   55.0925484         1.53036090E-17
   55.2193375         2.13052559E-17
   55.3461304         2.72277318E-17
   55.4729233         3.27845988E-17
   55.5997162         3.76647394E-17
   55.7265091         4.15434588E-17
   55.8533020         4.40958172E-17
   55.9800949         4.50118371E-17
   56.1068878         4.40131521E-17
   56.2336807         4.08704812E-17
   56.3604736         3.54211973E-17
   56.4872665         2.75862203E-17
   56.6140594         1.73852702E-17
   56.7408524         4.94959071E-18
   56.8676453        -9.46882250E-18
   56.9944382        -2.54924111E-17
   57.1212273        -4.26183899E-17
   57.2480202        -6.02250881E-17
   57.3748131        -7.75845254E-17
   57.5016060        -9.38816908E-17
   57.6283989        -1.08240382E-16
   57.7551918        -1.19755199E-16
   57.8819847        -1.27529175E-16
   58.0087776        -1.30715752E-16
   58.1355705        -1.28564037E-16
   58.2623634        -1.20465224E-16
   58.3891563        -1.05998629E-16
   58.5159492        -8.49748416E-17
   58.6427422        -5.74736935E-17
   58.7695351        -2.38747370E-17
   58.8963280         1.51221338E-17
   59.0231171         5.84881809E-17
   59.1499100         1.04871189E-16
   59.2767029         1.52616133E-16
   59.4034958         1.99802274E-16
   59.5302887         2.44296584E-16
   59.6570816         2.83823297E-16
   59.7838745         3.16048374E-16
   59.9106674         3.38676462E-16
   60.0374603         3.49557712E-16
   60.1642532         3.46800647E-16
   60.2910461         3.28886535E-16
   60.4178391         2.94780542E-16
   60.5446320         2.44033845E-16
   60.6714249         1.76871438E-16
   60.7982178         9.42598182E-17
   60.9250069        -2.05081566E-18
   61.0517998        -1.09514293E-16
   61.1785927        -2.24810617E-16
   61.3053856        -3.43904720E-16
   61.4321785        -4.62143611E-16
   61.5589714        -5.74391570E-16
   61.6857643        -6.75201514E-16
   61.8125572        -7.59019183E-16
   61.9393501        -8.20413560E-16
   62.0661430        -8.54327066E-16
   62.1929359        -8.56335857E-16
   62.3197289        -8.22909714E-16
   62.4465218        -7.51660531E-16
   62.5733147        -6.41565942E-16
   62.7001076        -4.93156505E-16
   62.8268967        -3.08654306E-16
   62.9536896        -9.20510938E-17
   63.0804825         1.50882614E-16
   63.2072754         4.12665902E-16
   63.3340683         6.84257249E-16
   63.4608612         9.55287675E-16
   63.5876541         1.21437547E-15
   63.7144470         1.44951562E-15
   63.8412399         1.64853554E-15
   63.9680328         1.79960196E-15
   64.0948257         1.89176338E-15
   64.2216187         1.91550424E-15
   64.3484116         1.86329249E-15
   64.4752045         1.73009021E-15
   64.6019974         1.51380659E-15
   64.7287903         1.21566349E-15
   64.8555832         8.40451819E-16
   64.9823761         3.96656185E-16
   65.1091690        -1.03568803E-16
   65.2359619        -6.44584820E-16
   65.3627548        -1.20762408E-15
   65.4895477        -1.77131106E-15
   65.6163330        -2.31234637E-15
   65.7431259        -2.80633260E-15
   65.8699188        -3.22872485E-15
   65.9967117        -3.55586761E-15
   66.1235046        -3.76608933E-15
   66.2502975        -3.84080060E-15
   66.3770905        -3.76555951E-15
   66.5038834        -3.53104531E-15
   66.6306763        -3.13389379E-15
   66.7574692        -2.57734698E-15
   66.8842621        -1.87166668E-15
   67.0110550        -1.03428165E-15
   67.1378479        -8.96324375E-17
   67.2646408         9.31302243E-16
   67.3914337         1.99180306E-15
   67.5182266         3.05052584E-15
   67.6450195         4.06290958E-15
   67.7718124         4.98284411E-15
   67.8986053         5.76453905E-15
   68.0253983         6.36453865E-15
   68.1521912         6.74379257E-15
   68.2789841         6.86970317E-15
   68.4057770         6.71805886E-15
   68.5325699         6.27475951E-15
   68.6593628         5.53722675E-15
   68.7861557         4.51543439E-15
   68.9129486         3.23246132E-15
   69.0397415         1.72451514E-15
   69.1665344         4.03795429E-17
   69.2933273        -1.75973625E-15
   69.4201126        -3.60594546E-15
   69.5469055        -5.42100155E-15
   69.6736984        -7.12311764E-15
   69.8004913        -8.62922523E-15
   69.9272842        -9.85854532E-15
   70.0540771        -1.07363374E-14
   70.1808701        -1.11977036E-14
   70.3076630        -1.11912382E-14
   70.4344559        -1.06823924E-14
   70.5612488        -9.65635517E-15
   70.6880417        -8.12030242E-15
   70.8148346        -6.10484216E-15
   70.9416275        -3.66454871E-15
   71.0684204        -8.77481770E-16
   71.1952133         2.15638071E-15
   71.3220062         5.31780286E-15
   71.4487991         8.47201761E-15
   71.5755920         1.14734518E-14
   71.7023849         1.41713076E-14
   71.8291779         1.64158492E-14
   71.9559708         1.80651545E-14
   72.0827637         1.89920779E-14
   72.2095566         1.90911621E-14
   72.3363495         1.82851577E-14
   72.4631424         1.65308644E-14
   72.5899353         1.38239775E-14
   72.7167282         1.02026355E-14
   72.8435211         5.74943264E-15
   72.9703140         5.91664107E-16
   73.0971069        -5.10034028E-15
   73.2238922        -1.11168746E-14
   73.3506851        -1.72145386E-14
   73.4774780        -2.31238284E-14
   73.6042709        -2.85585053E-14
   73.7310638        -3.32264564E-14
   73.8578568        -3.68417726E-14
   73.9846497        -3.91375504E-14
   74.1114426        -3.98789888E-14
   74.2382355        -3.88762813E-14
   74.3650284        -3.59966844E-14
   74.4918213        -3.11752746E-14
   74.6186142        -2.44237376E-14
   74.7454071        -1.58368039E-14
   74.8722000        -5.59575249E-15
   74.9989929         6.03132690E-15
   75.1257858         1.86927923E-14
   75.2525787         3.19604098E-14
   75.3793716         4.53399593E-14
   75.5061646         5.82854687E-14
   75.6329575         7.02166732E-14
   75.7597504         8.05392943E-14
   75.8865433         8.86676325E-14
   76.0133362         9.40486228E-14
   76.1401291         9.61866627E-14
   76.2669220         9.46682104E-14
   76.3937149         8.91851900E-14
   76.5205078         7.95562211E-14
   76.6473007         6.57446848E-14
   76.7740936         4.78727165E-14
   76.9008865         2.62301675E-14
   77.0276718         1.27799770E-15
   77.1544647        -2.63546458E-14
   77.2812576        -5.58798443E-14
   77.4080505        -8.63671249E-14
   77.5348434        -1.16766162E-13
   77.6616364        -1.45935876E-13
   77.7884293        -1.72679010E-13
   77.9152222        -1.95781515E-13
   78.0420151        -2.14055729E-13
   78.1688080        -2.26385601E-13
   78.2956009        -2.31773043E-13
   78.4223938        -2.29383488E-13
   78.5491867        -2.18588873E-13
   78.6759796        -1.99006637E-13
   78.8027725        -1.70532818E-13
   78.9295654        -1.33367709E-13
   79.0563583        -8.80327712E-14
   79.1831512        -3.53774423E-14
   79.3099442         2.34248706E-14
   79.4367371         8.68925158E-14
   79.5635300         1.53262846E-13
   79.6903229         2.20531357E-13
   79.8171158         2.86501617E-13
   79.9439087         3.48845274E-13
   80.0707016         4.05170933E-13
   80.1974945         4.53099689E-13
   80.3242874         4.90345557E-13
   80.4510803         5.14798436E-13
   80.5778732         5.24606563E-13
   80.7046585         5.18256390E-13
   80.8314514         4.94646316E-13
   80.9582443         4.53152029E-13
   81.0850372         3.93680666E-13
   81.2118301         3.16711121E-13
   81.3386230         2.23318529E-13
   81.4654160         1.15181234E-13
   81.5922089        -5.43130739E-15
   81.7190018        -1.35690206E-13
   81.8457947        -2.72258561E-13
   81.9725876        -4.11362378E-13
   82.0993805        -5.48879681E-13
   82.2261734        -6.80446205E-13
   82.3529663        -8.01575006E-13
   82.4797592        -9.07787842E-13
   82.6065521        -9.94753867E-13
   82.7333450        -1.05843220E-12
   82.8601379        -1.09521485E-12
   82.9869308        -1.10206408E-12
   83.1137238        -1.07664138E-12
   83.2405167        -1.01742280E-12
   83.3673096        -9.23795328E-13
   83.4941025        -7.96132691E-13
   83.6208954        -6.35845001E-13
   83.7476883        -4.45400769E-13
   83.8744812        -2.28317690E-13
   84.0012741         1.08778267E-14
   84.1280670         2.66723357E-13
   84.2548599         5.32925646E-13
   84.3816528         8.02496036E-13
   84.5084381         1.06791344E-12
   84.6352310         1.32131220E-12
   84.7620239         1.55469138E-12
   84.8888168         1.76013804E-12
   85.0156097         1.93006050E-12
   85.1424026         2.05742519E-12
   85.2691956         2.13598909E-12
   85.3959885         2.16052263E-12
   85.5227814         2.12701341E-12
   85.6495743         2.03284763E-12
   85.7763672         1.87695887E-12
   85.9031601         1.65994063E-12
   86.0299530         1.38411776E-12
   86.1567459         1.05357162E-12
   86.2835388         6.74116741E-13
   86.4103317         2.53226937E-13
   86.5371246        -2.00088061E-13
   86.6639175        -6.75455839E-13
   86.7907104        -1.16136061E-12
   86.9175034        -1.64540408E-12
   87.0442963        -2.11460428E-12
   87.1710892        -2.55572148E-12
   87.2978821        -2.95560841E-12
   87.4246750        -3.30156930E-12
   87.5514679        -3.58172563E-12
   87.6782608        -3.78537045E-12
   87.8050537        -3.90330693E-12
   87.9318466        -3.92815901E-12
   88.0586395        -3.85464403E-12
   88.1854324        -3.67979605E-12
   88.3122177        -3.40313845E-12
   88.4390106        -3.02679214E-12
   88.5658035        -2.55551981E-12
   88.6925964        -1.99669816E-12
   88.8193893        -1.36022107E-12
   88.9461823        -6.58333251E-13
   89.0729752         9.46055029E-14
   89.1997681         8.82416644E-13
   89.3265610         1.68745454E-12
   89.4533539         2.49100762E-12
   89.5801468         3.27373567E-12
   89.7069397         4.01613161E-12
   89.8337326         4.69899857E-12
   89.9605255         5.30392830E-12
   90.0873184         5.81376787E-12
   90.2141113         6.21306132E-12
   90.3409042         6.48845344E-12
   90.4676971         6.62905191E-12
   90.5944901         6.62672348E-12
   90.7212830         6.47633509E-12
   90.8480759         6.17591612E-12
   90.9748688         5.72675197E-12
   91.1016617         5.13339848E-12
   91.2284546         4.40361896E-12
   91.3552475         3.54825349E-12
   91.4820404         2.58101461E-12
   91.6088333         1.51822587E-12
   91.7356262         3.78504465E-13
   91.8624191        -8.17598430E-13
   91.9892120        -2.04799198E-12
   92.1159973        -3.28946093E-12
   92.2427902        -4.51809640E-12
   92.3695831        -5.70972306E-12
   92.4963760        -6.84032648E-12
   92.6231689        -7.88645624E-12
   92.7499619        -8.82561385E-12
   92.8767548        -9.63661009E-12
   93.0035477        -1.02998885E-11
   93.1303406        -1.07978192E-11
   93.2571335        -1.11149570E-11
   93.3839264        -1.12382725E-11
   93.5107193        -1.11573476E-11
   93.6375122        -1.08645497E-11
   93.7643051        -1.03551820E-11
   93.8910980        -9.62761901E-12
   94.0178909        -8.68342290E-12
   94.1446838        -7.52745349E-12
   94.2714767        -6.16796588E-12
   94.3982697        -4.61669591E-12
   94.5250626        -2.88893453E-12
   94.6518555        -1.00358751E-12
   94.7786484         1.01679396E-12
   94.9054413         3.14601036E-12
   95.0322342         5.35425914E-12
   95.1590271         7.60822742E-12
   95.2858200         9.87125746E-12
   95.4126129         1.21035907E-11
   95.5394058         1.42627091E-11
   95.6661987         1.63037708E-11
   95.7929916         1.81801744E-11
   95.9197769         1.98442252E-11
   96.0465698         2.12479374E-11
   96.1733627         2.23439565E-11
   96.3001556         2.30865795E-11
   96.4269485         2.34328980E-11
   96.5537415         2.33439986E-11
   96.6805344         2.27862312E-11
   96.8073273         2.17325064E-11
   96.9341202         2.01635878E-11
   97.0609131         1.80693151E-11
   97.1877060         1.54497699E-11
   97.3144989         1.23162730E-11
   97.4412918         8.69222663E-12
   97.5680847         4.61372520E-12
   97.6948776         1.29893234E-13
   97.8216705        -4.69706652E-12
   97.9484634        -9.79216361E-12
   98.0752563        -1.50682626E-11
   98.2020493        -2.04270958E-11
   98.3288422        -2.57606506E-11
   98.4556351        -3.09529173E-11
   98.5824280        -3.58819779E-11
   98.7092209        -4.04224154E-11
   98.8360138        -4.44480182E-11
   98.9628067        -4.78346356E-11
   99.0895996        -5.04632516E-11
   99.2163925        -5.22231113E-11
   99.3431854        -5.30148564E-11
   99.4699783        -5.27535966E-11
   99.5967712        -5.13717922E-11
   99.7235565        -4.88219083E-11
   99.8503494        -4.50787532E-11
   99.9771423        -4.01413798E-11
   100.103935        -3.40345703E-11
   100.230728        -2.68097558E-11
   100.357521        -1.85454013E-11
   100.484314        -9.34676381E-12
   100.611107         6.54921972E-13
   100.737900         1.13039066E-11
   100.864693         2.24219601E-11
   100.991486         3.38109749E-11
   101.118279         4.52560905E-11
   101.245071         5.65292674E-11
   101.371864         6.73932854E-11
   101.498657         7.76060119E-11
   101.625450         8.69249603E-11
   101.752243         9.51119392E-11
   101.879036         1.01937798E-10
   102.005829         1.07187148E-10
   102.132622         1.10662916E-10
   102.259415         1.12190826E-10
   102.386208         1.11623481E-10
   102.513000         1.08844198E-10
   102.639793         1.03770485E-10
   102.766586         9.63570265E-11
   102.893379         8.65982494E-11
   103.020172         7.45303680E-11
   103.146965         6.02329089E-11
   103.273758         4.38297072E-11
   103.400551         2.54892860E-11
   103.527336         5.42474442E-12
   103.654129        -1.61070705E-11
   103.780922        -3.88069264E-11
   103.907715        -6.23352411E-11
   104.034508        -8.63148025E-11
   104.161301        -1.10334179E-10
   104.288094        -1.33951850E-10
   104.414886        -1.56701124E-10
   104.541679        -1.78095774E-10
   104.668472        -1.97636602E-10
   104.795265        -2.14818732E-10
   104.922058        -2.29139735E-10
   105.048851        -2.40108627E-10
   105.175644        -2.47255577E-10
   105.302437        -2.50142212E-10
   105.429230        -2.48372767E-10
   105.556023        -2.41605458E-10
   105.682816        -2.29564173E-10
   105.809608        -2.12050308E-10
   105.936401        -1.88954338E-10
   106.063194        -1.60266911E-10
   106.189987        -1.26089125E-10
   106.316780        -8.66416591E-11
   106.443573        -4.22723245E-11
   106.570366         6.53832977E-12
   106.697159         5.91737007E-11
   106.823952         1.14880612E-10
   106.950745         1.72771727E-10
   107.077538         2.31831512E-10
   107.204330         2.90925728E-10
   107.331116         3.48814783E-10
   107.457909         4.04171030E-10
   107.584702         4.55599947E-10
   107.711494         5.01665376E-10
   107.838287         5.40917922E-10
   107.965080         5.71927117E-10
   108.091873         5.93316174E-10
   108.218666         6.03798733E-10
   108.345459         6.02217443E-10
   108.472252         5.87582427E-10
   108.599045         5.59110702E-10
   108.725838         5.16262477E-10
   108.852631         4.58776767E-10
   108.979424         3.86701893E-10
   109.106216         3.00422187E-10
   109.233009         2.00678502E-10
   109.359802         8.85817877E-11
   109.486595        -3.43811229E-11
   109.613388        -1.66350392E-10
   109.740181        -3.05105607E-10
   109.866974        -4.48087872E-10
   109.993767        -5.92432214E-10
   110.120560        -7.35009997E-10
   110.247353        -8.72481254E-10
   110.374146        -1.00135644E-09
   110.500938        -1.11806697E-09
   110.627731        -1.21904231E-09
   110.754524        -1.30079436E-09
   110.881317        -1.36000555E-09
   111.008102        -1.39361966E-09
   111.134895        -1.39893297E-09
   111.261688        -1.37368461E-09
   111.388481        -1.31614142E-09
   111.515274        -1.22517774E-09
   111.642067        -1.10034570E-09
   111.768860        -9.41934641E-10
   111.895653        -7.51017470E-10
   112.022446        -5.29481126E-10
   112.149239        -2.80040796E-10
   112.276031        -6.23489801E-12
   112.402824         2.87598723E-10
   112.529617         5.96367011E-10
   112.656410         9.14286313E-10
   112.783203         1.23496779E-09
   112.909996         1.55152036E-09
   113.036789         1.85667315E-09
   113.163582         2.14291429E-09
   113.290375         2.40264275E-09
   113.417168         2.62833222E-09
   113.543961         2.81270207E-09
   113.670753         2.94889535E-09
   113.797546         3.03065528E-09
   113.924339         3.05250070E-09
   114.051132         3.00989300E-09
   114.177925         2.89939472E-09
   114.304718         2.71880873E-09
   114.431511         2.46730347E-09
   114.558304         2.14551155E-09
   114.685097         1.75560511E-09
   114.811882         1.30134103E-09
   114.938675         7.88075216E-10
   115.065468         2.22745100E-10
   115.192261        -3.86183835E-10
   115.319054        -1.02880482E-09
   115.445847        -1.69389269E-09
   115.572639        -2.36905784E-09
   115.699432        -3.04093550E-09
   115.826225        -3.69540065E-09
   115.953018        -4.31781544E-09
   116.079811        -4.89329333E-09
   116.206604        -5.40698597E-09
   116.333397        -5.84438364E-09
   116.460190        -6.19162321E-09
   116.586983        -6.43579900E-09
   116.713776        -6.56527410E-09
   116.840569        -6.56997745E-09
   116.967361        -6.44169074E-09
   117.094154        -6.17431217E-09
   117.220947        -5.76409143E-09
   117.347740        -5.20983789E-09
   117.474533        -4.51308235E-09
   117.601326        -3.67820441E-09
   117.728119        -2.71250711E-09
   117.854912        -1.62624514E-09
   117.981705        -4.32595765E-10
   118.108498         8.52420357E-10
   118.235291         2.21007790E-09
   118.362083         3.61914121E-09
   118.488876         5.05611242E-09
   118.615662         6.49553300E-09
   118.742455         7.91033994E-09
   118.869247         9.27226207E-09
   118.996040         1.05522622E-08
   119.122833         1.17210170E-08
   119.249626         1.27494211E-08
   119.376419         1.36091209E-08
   119.503212         1.42730565E-08
   119.630005         1.47160115E-08
   119.756798         1.49151660E-08
   119.883591         1.48506230E-08
   120.010384         1.45059325E-08
   120.137177         1.38685703E-08
   120.263969         1.29303750E-08
   120.390762         1.16879484E-08
   120.517555         1.01429807E-08
   120.644348         8.30252223E-09
   120.771141         6.17917095E-09
   120.897934         3.79118070E-09
   121.024727         1.16248355E-09
   121.151520        -1.67738190E-09
   121.278313        -4.69344119E-09
   121.405106        -7.84554910E-09
   121.531898        -1.10887575E-08
   121.658691        -1.43737822E-08
   121.785484        -1.76475616E-08
   121.912277        -2.08539177E-08
   122.039070        -2.39342928E-08
   122.165863        -2.68285731E-08
   122.292656        -2.94759861E-08
   122.419441        -3.18160431E-08
   122.546234        -3.37895507E-08
   122.673027        -3.53396352E-08
   122.799820        -3.64128105E-08
   122.926613        -3.69600208E-08
   123.053406        -3.69376778E-08
   123.180199        -3.63086947E-08
   123.306992        -3.50434242E-08
   123.433784        -3.31205499E-08
   123.560577        -3.05278931E-08
   123.687370        -2.72631162E-08
   123.814163        -2.33342874E-08
   123.940956        -1.87603177E-08
   124.067749        -1.35712579E-08
   124.194542        -7.80840992E-09
   124.321335        -1.52427793E-09
   124.448128         5.21765831E-09
   124.574921         1.23433681E-08
   124.701714         1.97688728E-08
   124.828506         2.74010254E-08
   124.955299         3.51384948E-08
   125.082092         4.28728768E-08
   125.208885         5.04900051E-08
   125.335678         5.78713895E-08
   125.462471         6.48957723E-08
   125.589264         7.14407875E-08
   125.716057         7.73847120E-08
   125.842850         8.26082456E-08
   125.969643         8.69963515E-08
   126.096436         9.04400679E-08
   126.223221         9.28382988E-08
   126.350014         9.40995619E-08
   126.476807         9.41435943E-08
   126.603600         9.29029369E-08
   126.730392         9.03242920E-08
   126.857185         8.63697807E-08
   126.983978         8.10180012E-08
   127.110771         7.42648751E-08
   127.237564         6.61243575E-08
   127.364357         5.66288136E-08
   127.491150         4.58293279E-08
   127.617943         3.37956614E-08
   127.744736         2.06160866E-08
   127.871529         6.39697806E-09
   127.998322        -8.73778561E-09
   128.125107        -2.46475853E-08
   128.251907        -4.11760048E-08
   128.378693        -5.81518869E-08
   128.505493        -7.53905312E-08
   128.632278        -9.26949824E-08
   128.759079        -1.09857403E-07
   128.885864        -1.26660453E-07
   129.012665        -1.42878733E-07
   129.139450        -1.58280258E-07
   129.266251        -1.72627850E-07
   129.393036        -1.85680577E-07
   129.519836        -1.97195121E-07
   129.646622        -2.06926998E-07
   129.773422        -2.14631910E-07
   129.900208        -2.20066809E-07
   130.027008        -2.22991048E-07
   130.153793        -2.23167362E-07
   130.280594        -2.20362807E-07
   130.407379        -2.14349598E-07
   130.534180        -2.04905945E-07
   130.660965        -1.91816682E-07
   130.787766        -1.74873975E-07
   130.914551        -1.53877949E-07
   131.041351        -1.28637097E-07
   131.168137        -9.89688687E-08
   131.294937        -6.47000959E-08
   131.421722        -2.56672568E-08
   131.548523         1.82830924E-08
   131.675308         6.72941312E-08
   131.802109         1.21498601E-07
   131.928894         1.81018677E-07
   132.055679         2.45965964E-07
   132.182480         3.16441543E-07
   132.309265         3.92536322E-07
   132.436066         4.74331102E-07
   132.562851         5.61897252E-07
   132.689651         6.55297072E-07
   132.816437         7.54584448E-07
   132.943237         8.59806050E-07
   133.070023         9.71001668E-07
   133.196823         1.08820609E-06
   133.323608         1.21144956E-06
   133.450409         1.34075924E-06
   133.577194         1.47616038E-06
   133.703995         1.61767809E-06
   133.830780         1.76533808E-06
   133.957581         1.91916797E-06
   134.084366         2.07919857E-06
   134.211166         2.24546466E-06
   134.337952         2.41800535E-06
   134.464752         2.59686476E-06
   134.591537         2.78209177E-06
   134.718338         2.97374004E-06
   134.845123         3.17186664E-06
   134.971924         3.37653069E-06
   135.098709         3.58779243E-06
   135.225510         3.80570918E-06
   135.352295         4.03033391E-06
   135.479095         4.26171027E-06
   135.605881         4.49986965E-06
   135.732666         4.74482704E-06
   135.859467         4.99657381E-06
   135.986252         5.25507403E-06
   136.113052         5.52026040E-06
   136.239838         5.79202424E-06
   136.366638         6.07021229E-06
   136.493423         6.35462175E-06
   136.620224         6.64499203E-06
   136.747009         6.94100117E-06
   136.873810         7.24226084E-06
   137.000595         7.54831126E-06
   137.127396         7.85861903E-06
   137.254181         8.17257478E-06
   137.380981         8.48948912E-06
   137.507767         8.80859443E-06
   137.634567         9.12904670E-06
   137.761353         9.44992462E-06
   137.888153         9.77023774E-06
   138.014938         1.00889256E-05
   138.141739         1.04048704E-05
   138.268524         1.07169008E-05
   138.395325         1.10237997E-05
   138.522110         1.13243186E-05
   138.648911         1.16171877E-05
   138.775696         1.19011220E-05
   138.902496         1.21748390E-05
   139.029282         1.24370754E-05
   139.156082         1.26865925E-05
   139.282867         1.29221926E-05
   139.409653         1.31427360E-05
   139.536453         1.33471476E-05
   139.663239         1.35344335E-05
   139.790039         1.37036905E-05
   139.916824         1.38541145E-05
   140.043625         1.39850117E-05
   140.170410         1.40958073E-05
   140.297211         1.41860473E-05
   140.423996         1.42554045E-05
   140.550797         1.43036814E-05
   140.677582         1.43308107E-05
   140.804382         1.43368534E-05
   140.931168         1.43219977E-05
   141.057968         1.42865501E-05
   141.184753         1.42309364E-05
   141.311554         1.41556920E-05
   141.438339         1.40614511E-05
   141.565140         1.39489412E-05
   141.691925         1.38189680E-05
   141.818726         1.36724138E-05
   141.945511         1.35102200E-05
   142.072311         1.33333779E-05
   142.199097         1.31429169E-05
   142.325897         1.29398986E-05
   142.452682         1.27254034E-05
   142.579483         1.25005245E-05
   142.706268         1.22663560E-05
   142.833069         1.20239865E-05
   142.959854         1.17744967E-05
   143.086655         1.15189496E-05
   143.213440         1.12583866E-05
   143.340225         1.09938264E-05
   143.467026         1.07262595E-05
   143.593811         1.04566461E-05
   143.720612         1.01859196E-05
   143.847397         9.91497836E-06
   143.974197         9.64469109E-06
   144.100983         9.37589266E-06
   144.227783         9.10938343E-06
   144.354568         8.84593646E-06
   144.481369         8.58628573E-06
   144.608154         8.33113336E-06
   144.734955         8.08114601E-06
   144.861740         7.83695305E-06
   144.988541         7.59914519E-06
   145.115326         7.36827224E-06
   145.242126         7.14484258E-06
   145.368912         6.92931735E-06
   145.495712         6.72210899E-06
   145.622498         6.52357767E-06
   145.749298         6.33402806E-06
   145.876083         6.15370845E-06
   146.002884         5.98280531E-06
   146.129669         5.82144457E-06
   146.256470         5.66968993E-06
   146.383255         5.52754136E-06
   146.510056         5.39493658E-06
   146.636841         5.27175462E-06
   146.763641         5.15781448E-06
   146.890427         5.05288199E-06
   147.017212         4.95667382E-06
   147.144012         4.86886256E-06
   147.270798         4.78908260E-06
   147.397598         4.71693920E-06
   147.524384         4.65201174E-06
   147.651184         4.59386683E-06
   147.777969         4.54206156E-06
   147.904770         4.49615391E-06
   148.031555         4.45570686E-06
   148.158356         4.42029796E-06
   148.285141         4.38952338E-06
   148.411942         4.36300206E-06
   148.538727         4.34037793E-06
   148.665527         4.32132356E-06
   148.792313         4.30553973E-06
   148.919113         4.29275224E-06
   149.045898         4.28271096E-06
   149.172699         4.27518398E-06
   149.299484         4.26995257E-06
   149.426285         4.26680526E-06
   149.553070         4.26552697E-06
   149.679871         4.26589486E-06
   149.806656         4.26766701E-06
   149.933456         4.27057421E-06
   150.060242         4.27431405E-06
   150.187042         4.27853956E-06
   150.313828         4.28285693E-06
   150.440628         4.28681778E-06
   150.567413         4.28991780E-06
   150.694214         4.29159536E-06
   150.820999         4.29123202E-06
   150.947784         4.28815565E-06
   151.074585         4.28164731E-06
   151.201370         4.27094710E-06
   151.328171         4.25526514E-06
   151.454956         4.23379288E-06
   151.581757         4.20571587E-06
   151.708542         4.17023057E-06
   151.835342         4.12655800E-06
   151.962128         4.07396055E-06
   152.088928         4.01175930E-06
   152.215714         3.93934943E-06
   152.342514         3.85621479E-06
   152.469299         3.76194293E-06
   152.596100         3.65623646E-06
   152.722885         3.53892256E-06
   152.849686         3.40995985E-06
   152.976471         3.26944382E-06
   153.103271         3.11760732E-06
   153.230057         2.95481800E-06
   153.356857         2.78157449E-06
   153.483643         2.59849776E-06
   153.610443         2.40631925E-06
   153.737228         2.20586912E-06
   153.864029         1.99805777E-06
   153.990814         1.78386074E-06
   154.117615         1.56429724E-06
   154.244400         1.34041079E-06
   154.371201         1.11324937E-06
   154.497986         8.83844109E-07
   154.624771         6.53190966E-07
   154.751572         4.22231096E-07
   154.878357         1.91835326E-07
   155.005157        -3.72101603E-08
   155.131943        -2.64215970E-07
   155.258743        -4.88597379E-07
   155.385529        -7.09880396E-07
   155.512329        -9.27703695E-07
   155.639114        -1.14181773E-06
   155.765915        -1.35208097E-06
   155.892700        -1.55845271E-06
   156.019501        -1.76098376E-06
   156.146286        -1.95980556E-06
   156.273087        -2.15511704E-06
   156.399872        -2.34716913E-06
   156.526672        -2.53625171E-06
   156.653458        -2.72267721E-06
   156.780258        -2.90676621E-06
   156.907043        -3.08883386E-06
   157.033844        -3.26917757E-06
   157.160629        -3.44806585E-06
   157.287430        -3.62572996E-06
   157.414215        -3.80235792E-06
   157.541016        -3.97809026E-06
   157.667801        -4.15301838E-06
   157.794601        -4.32718616E-06
   157.921387        -4.50059269E-06
   158.048187        -4.67319842E-06
   158.174973        -4.84493285E-06
   158.301773        -5.01570139E-06
   158.428558        -5.18539582E-06
   158.555344        -5.35390473E-06
   158.682144        -5.52112260E-06
   158.808929        -5.68695896E-06
   158.935730        -5.85134694E-06
   159.062515        -6.01424927E-06
   159.189316        -6.17566320E-06
   159.316101        -6.33562331E-06
   159.442902        -6.49419871E-06
   159.569687        -6.65149355E-06
   159.696487        -6.80764151E-06
   159.823273        -6.96279585E-06
   159.950073        -7.11712255E-06
   160.076859        -7.27078623E-06
   160.203659        -7.42393968E-06
