  -4.50000000         0.00000000    
  -4.37320757         0.00000000    
  -4.24641466         0.00000000    
  -4.11962223         0.00000000    
  -3.99282932         0.00000000    
  -3.86603665         0.00000000    
  -3.73924398         4.14197594E-33
  -3.61245155        -8.09769332E-33
  -3.48565888        -3.07342872E-31
  -3.35886621        -1.88162810E-30
  -3.23207355        -5.54733276E-30
  -3.10528088         2.43905591E-29
  -2.97848821         1.52842775E-28
  -2.85169554         4.98727552E-28
  -2.72490287         1.13632746E-27
  -2.59811020         1.89085818E-27
  -2.47131753         2.06156163E-27
  -2.34452486         5.70906543E-28
  -2.21773219        -2.44164853E-27
  -2.09093952        -1.22597979E-27
  -1.96414697         2.35214348E-26
  -1.83735430         1.14505564E-25
  -1.71056163         3.43535563E-25
  -1.58376896         8.01929224E-25
  -1.45697629         1.56224249E-24
  -1.33018374         2.60400717E-24
  -1.20339108         3.71544454E-24
  -1.07659841         4.41592423E-24
 -0.949805737         3.98121178E-24
 -0.823013067         1.67451169E-24
 -0.696220458        -2.73808078E-24
 -0.569427788        -8.20520102E-24
 -0.442635119        -1.15317454E-23
 -0.315842479        -6.85242605E-24
 -0.189049825         1.39767078E-23
  -6.22571707E-02     5.94677177E-23
   6.45354837E-02     1.34748562E-22
  0.191328138         2.36294714E-22
  0.318120778         3.46442920E-22
  0.444913447         4.30050564E-22
  0.571706116         4.36400680E-22
  0.698498726         3.09305697E-22
  0.825291395         6.81502931E-24
  0.952084064        -4.71232941E-22
   1.07887673        -1.05404610E-21
   1.20566940        -1.58003442E-21
   1.33246195        -1.80036042E-21
   1.45925462        -1.41941770E-21
   1.58604729        -1.79639683E-22
   1.71283996         2.01428779E-21
   1.83963263         4.95393420E-21
   1.96642530         8.00848077E-21
   2.09321785         1.00818154E-20
   2.22001052         9.69843257E-21
   2.34680319         5.25308480E-21
   2.47359586        -4.57900490E-21
   2.60038853        -2.03276017E-20
   2.72718120        -4.12205910E-20
   2.85397387        -6.48365425E-20
   2.98076653        -8.70735872E-20
   3.10755920        -1.02548902E-19
   3.23435187        -1.05452390E-19
   3.36114454        -9.07593231E-20
   3.48793697        -5.55903176E-20
   3.61472964        -4.35354941E-22
   3.74152231         7.00392501E-20
   3.86831498         1.46798373E-19
   3.99510765         2.16921808E-19
   4.12190056         2.64691437E-19
   4.24869299         2.73142716E-19
   4.37548542         2.25983675E-19
   4.50227833         1.09921240E-19
   4.62907076        -8.24252910E-20
   4.75586367        -3.48826614E-19
   4.88265610        -6.73033696E-19
   5.00944901        -1.02031591E-18
   5.13624144        -1.33444220E-18
   5.26303434        -1.53838233E-18
   5.38982677        -1.54130352E-18
   5.51661968        -1.25379994E-18
   5.64341211        -6.11463024E-19
   5.77020502         3.96003981E-19
   5.89699745         1.69630435E-18
   6.02379036         3.11557061E-18
   6.15058279         4.37865741E-18
   6.27737522         5.13631515E-18
   6.40416813         5.02152936E-18
   6.53096056         3.72936364E-18
   6.65775347         1.10599311E-18
   6.78454590        -2.77416112E-18
   6.91133881        -7.56652795E-18
   7.03813124        -1.26689419E-17
   7.16492414        -1.72971390E-17
   7.29171658        -2.06162013E-17
   7.41850948        -2.19043762E-17
   7.54530191        -2.07125860E-17
   7.67209482        -1.69778358E-17
   7.79888725        -1.10543044E-17
   7.92567968        -3.64239181E-18
   8.05247211         4.37914379E-18
   8.17926502         1.21853845E-17
   8.30605793         1.92446961E-17
   8.43285084         2.54944973E-17
   8.55964279         3.13831034E-17
   8.68643570         3.77264074E-17
   8.81322861         4.53635145E-17
   8.94002151         5.46463438E-17
   9.06681347         6.48541629E-17
   9.19360638         7.36786712E-17
   9.32039928         7.69648679E-17
   9.44719219         6.89005451E-17
   9.57398415         4.28130950E-17
   9.70077705        -7.35730667E-18
   9.82756996        -8.49837553E-17
   9.95436192        -1.88340555E-16
   10.0811548        -3.08313243E-16
   10.2079477        -4.26857330E-16
   10.3347406        -5.16904821E-16
   10.4615326        -5.44348000E-16
   10.5883255        -4.72478207E-16
   10.7151184        -2.68826499E-16
   10.8419113         8.62173066E-17
   10.9687033         5.90236963E-16
   11.0954962         1.21083085E-15
   11.2222891         1.88088769E-15
   11.3490820         2.49906144E-15
   11.4758739         2.93685995E-15
   11.6026669         3.05284269E-15
   11.7294598         2.71311705E-15
   11.8562517         1.81596198E-15
   11.9830446         3.17142026E-16
   12.1098375        -1.74834800E-15
   12.2366304        -4.25250392E-15
   12.3634224        -6.97230173E-15
   12.4902153        -9.60177406E-15
   12.6170082        -1.17784971E-14
   12.7438011        -1.31223945E-14
   12.8705931        -1.32825354E-14
   12.9973860        -1.19858245E-14
   13.1241789        -9.08071581E-15
   13.2509708        -4.56929001E-15
   13.3777637         1.37726350E-15
   13.5045567         8.42244585E-15
   13.6313496         1.60869615E-14
   13.7581415         2.37864114E-14
   13.8849344         3.08781355E-14
   14.0117273         3.67100115E-14
   14.1385202         4.06641036E-14
   14.2653122         4.21903316E-14
   14.3921051         4.08281671E-14
   14.5188980         3.62185257E-14
   14.6456909         2.81116107E-14
   14.7724829         1.63790304E-14
   14.8992758         1.03836446E-15
   15.0260687        -1.77030309E-14
   15.1528606        -3.93843486E-14
   15.2796535        -6.32133099E-14
   15.4064465        -8.79877836E-14
   15.5332394        -1.12038451E-13
   15.6600313        -1.33217520E-13
   15.7868242        -1.48959526E-13
   15.9136171        -1.56434476E-13
   16.0404091        -1.52802020E-13
   16.1672020        -1.35559044E-13
   16.2939949        -1.02955086E-13
   16.4207878        -5.44287549E-14
   16.5475807         8.99470470E-15
   16.6743736         8.44152154E-14
   16.8011646         1.66946047E-13
   16.9279575         2.49835254E-13
   17.0547504         3.24850769E-13
   17.1815434         3.82929636E-13
   17.3083363         4.15054872E-13
   17.4351292         4.13284939E-13
   17.5619221         3.71833559E-13
   17.6887150         2.88076312E-13
   17.8155060         1.63358029E-13
   17.9422989         3.48509229E-15
   18.0690918        -1.81182950E-13
   18.1958847        -3.76092278E-13
   18.3226776        -5.63304774E-13
   18.4494705        -7.22718164E-13
   18.5762634        -8.33614102E-13
   18.7030544        -8.76417591E-13
   18.8298473        -8.34554377E-13
   18.9566402        -6.96257613E-13
   19.0834332        -4.56226691E-13
   19.2102261        -1.17014241E-13
   19.3370190         3.09943640E-13
   19.4638119         8.03728937E-13
   19.5906048         1.33386032E-12
   19.7173958         1.86079884E-12
   19.8441887         2.33711878E-12
   19.9709816         2.70943359E-12
   20.0977745         2.92112927E-12
   20.2245674         2.91594656E-12
   20.3513603         2.64238154E-12
   20.4781532         2.05877849E-12
   20.6049442         1.13890136E-12
   20.7317371        -1.22383657E-13
   20.8585300        -1.70379607E-12
   20.9853230        -3.55324927E-12
   21.1121159        -5.58506149E-12
   21.2389088        -7.67935715E-12
   21.3657017        -9.68419962E-12
   21.4924946        -1.14209042E-11
   21.6192856        -1.26925970E-11
   21.7460785        -1.32960188E-11
   21.8728714        -1.30359673E-11
   21.9996643        -1.17417820E-11
   22.1264572        -9.28478475E-12
   22.2532501        -5.59544468E-12
   22.3800430        -6.78938513E-13
   22.5068340         5.37222133E-12
   22.6336269         1.23697710E-11
   22.7604198         2.00265516E-11
   22.8872128         2.79594473E-11
   23.0140057         3.56989091E-11
   23.1407986         4.27050999E-11
   23.2675915         4.83907775E-11
   23.3943844         5.21497671E-11
   23.5211754         5.33907397E-11
   23.6479683         5.15746335E-11
   23.7747612         4.62542539E-11
   23.9015541         3.71143533E-11
   24.0283470         2.40099989E-11
   24.1551399         7.00091504E-12
   24.2819328        -1.36205361E-11
   24.4087238        -3.73099919E-11
   24.5355167        -6.32628672E-11
   24.6623096        -9.04191513E-11
   24.7891026        -1.17482593E-10
   24.9158955        -1.42955384E-10
   25.0426884        -1.65188668E-10
   25.1694813        -1.82447446E-10
   25.2962742        -1.92989541E-10
   25.4230652        -1.95154851E-10
   25.5498581        -1.87461852E-10
   25.6766510        -1.68708311E-10
   25.8034439        -1.38069833E-10
   25.9302368        -9.51932908E-11
   26.0570297        -4.02781350E-11
   26.1838226         2.58576893E-11
   26.3106136         1.01733261E-10
   26.4374065         1.85184701E-10
   26.5641994         2.73375045E-10
   26.6909924         3.62834651E-10
   26.8177853         4.49536047E-10
   26.9445782         5.29002786E-10
   27.0713711         5.96453276E-10
   27.1981640         6.46976028E-10
   27.3249550         6.75734635E-10
   27.4517479         6.78195500E-10
   27.5785408         6.50371201E-10
   27.7053337         5.89074900E-10
   27.8321266         4.92168029E-10
   27.9589195         3.58794827E-10
   28.0857124         1.89589844E-10
   28.2125034        -1.31567352E-11
   28.3392963        -2.45386433E-10
   28.4660892        -5.01225950E-10
   28.5928822        -7.73017816E-10
   28.7196751        -1.05143139E-09
   28.8464680        -1.32566613E-09
   28.9732609        -1.58374058E-09
   29.1000538        -1.81286952E-09
   29.2268448        -1.99991157E-09
   29.3536377        -2.13189288E-09
   29.4804306        -2.19656915E-09
   29.6072235        -2.18302021E-09
   29.7340164        -2.08224793E-09
   29.8608093        -1.88774552E-09
   29.9876022        -1.59602276E-09
   30.1143932        -1.20705335E-09
   30.2411861        -7.24610094E-10
   30.3679790        -1.56477845E-10
   30.4947720         4.85480878E-10
   30.6215649         1.18542709E-09
   30.7483578         1.92381155E-09
   30.8751507         2.67780953E-09
   31.0019417         3.42192341E-09
   31.1287346         4.12872225E-09
   31.2555275         4.76970508E-09
   31.3823204         5.31627453E-09
   31.5091133         5.74074344E-09
   31.6359062         6.01738570E-09
   31.7626991         6.12344531E-09
   31.8894920         6.04011552E-09
   32.0162849         5.75339021E-09
   32.1430779         5.25480948E-09
   32.2698708         4.54203164E-09
   32.3966637         3.61923203E-09
   32.5234528         2.49729726E-09
   32.6502457         1.19382404E-09
   32.7770386        -2.67086797E-10
   32.9038315        -1.85523574E-09
   33.0306244        -3.53490170E-09
   33.1574173        -5.26559507E-09
   33.2842102        -7.00293290E-09
   33.4110031        -8.69964545E-09
   33.5377960        -1.03066737E-08
   33.6645889        -1.17743069E-08
   33.7913818        -1.30533939E-08
   33.9181747        -1.40965550E-08
   34.0449677        -1.48593919E-08
   34.1717606        -1.53016746E-08
   34.2985535        -1.53885136E-08
   34.4253426        -1.50914374E-08
   34.5521355        -1.43894230E-08
   34.6789284        -1.32698226E-08
   34.8057213        -1.17291652E-08
   34.9325142        -9.77384129E-09
   35.0593071        -7.42058592E-09
   35.1861000        -4.69679540E-09
   35.3128929        -1.64060332E-09
   35.4396858         1.69929304E-09
   35.5664787         5.26407407E-09
   35.6932716         8.98555452E-09
   35.8200645         1.27872184E-08
   35.9468575         1.65856058E-08
   36.0736504         2.02919761E-08
   36.2004433         2.38142661E-08
   36.3272324         2.70592828E-08
   36.4540253         2.99351228E-08
   36.5808182         3.23537321E-08
   36.7076111         3.42335227E-08
   36.8344040         3.55019800E-08
   36.9611969         3.60982462E-08
   37.0879898         3.59754004E-08
   37.2147827         3.51025484E-08
   37.3415756         3.34665486E-08
   37.4683685         3.10732844E-08
   37.5951614         2.79483849E-08
   37.7219543         2.41374547E-08
   37.8487473         1.97056096E-08
   37.9755402         1.47364645E-08
   38.1023293         9.33040045E-09
   38.2291222         3.60232422E-09
   38.3559151        -2.32127628E-09
   38.4827080        -8.30568947E-09
   38.6095009        -1.42117509E-08
   38.7362938        -1.99000620E-08
   38.8630867        -2.52352503E-08
   38.9898796        -3.00904546E-08
   39.1166725        -3.43517002E-08
   39.2434654        -3.79220282E-08
   39.3702583        -4.07253857E-08
   39.4970512        -4.27099707E-08
   39.6238441        -4.38509922E-08
   39.7506371        -4.41526957E-08
   39.8774300        -4.36495959E-08
   40.0042191        -4.24067323E-08
   40.1310120        -4.05189979E-08
   40.2578049        -3.81094480E-08
   40.3845978        -3.53265008E-08
   40.5113907        -3.23402176E-08
   40.6381836        -2.93374356E-08
   40.7649765        -2.65161599E-08
   40.8917694        -2.40788847E-08
   41.0185623        -2.22254641E-08
   41.1453552        -2.11451194E-08
   41.2721481        -2.10082760E-08
   41.3989410        -2.19579448E-08
   41.5257339        -2.41013449E-08
   41.6525269        -2.75014891E-08
   41.7793198        -3.21693889E-08
   41.9061089        -3.80568110E-08
   42.0329018        -4.50500828E-08
   42.1596947        -5.29649711E-08
   42.2864876        -6.15430693E-08
   42.4132805        -7.04498291E-08
   42.5400734        -7.92743720E-08
   42.6668663        -8.75313404E-08
   42.7936592        -9.46650758E-08
   42.9204521        -1.00055821E-07
   43.0472450        -1.03028405E-07
   43.1740379        -1.02862884E-07
   43.3008308        -9.88079947E-08
   43.4276237        -9.00958597E-08
   43.5544167        -7.59589227E-08
   43.6812096        -5.56483819E-08
   43.8079987        -2.84532362E-08
   43.9347916         6.27937258E-09
   44.0615845         4.91241856E-08
   44.1883774         1.00558168E-07
   44.3151703         1.60941610E-07
   44.4419632         2.30501200E-07
   44.5687561         3.09314402E-07
   44.6955490         3.97297640E-07
   44.8223419         4.94196343E-07
   44.9491348         5.99579323E-07
   45.0759277         7.12836254E-07
   45.2027206         8.33180081E-07
   45.3295135         9.59651402E-07
   45.4563065         1.09112955E-06
   45.5830994         1.22634538E-06
   45.7098885         1.36389667E-06
   45.8366814         1.50226992E-06
   45.9634743         1.63986090E-06
   46.0902672         1.77499828E-06
   46.2170601         1.90597029E-06
   46.3438530         2.03104787E-06
   46.4706459         2.14851252E-06
   46.5974388         2.25667986E-06
   46.7242317         2.35392326E-06
   46.8510246         2.43869772E-06
   46.9778175         2.50955691E-06
   47.1046104         2.56517546E-06
   47.2314034         2.60436195E-06
   47.3581963         2.62607591E-06
   47.4849892         2.62943718E-06
   47.6117783         2.61373771E-06
   47.7385712         2.57845250E-06
   47.8653641         2.52324389E-06
   47.9921570         2.44796752E-06
   48.1189499         2.35268362E-06
   48.2457428         2.23765073E-06
   48.3725357         2.10333837E-06
   48.4993286         1.95042753E-06
   48.6261215         1.77980598E-06
   48.7529144         1.59256854E-06
   48.8797073         1.39001736E-06
   49.0065002         1.17364743E-06
   49.1332932         9.45144507E-07
   49.2600861         7.06355877E-07
   49.3868790         4.59286838E-07
   49.5136681         2.06062097E-07
   49.6404610        -5.11013525E-08
   49.7672539        -3.09927799E-07
   49.8940468        -5.68133203E-07
   50.0208397        -8.23468781E-07
   50.1476326        -1.07377571E-06
   50.2744255        -1.31703882E-06
   50.4012184        -1.55145324E-06
   50.5280113        -1.77547975E-06
   50.6548042        -1.98790531E-06
   50.7815971        -2.18790251E-06
   50.9083900        -2.37508084E-06
   51.0351830        -2.54953716E-06
   51.1619759        -2.71188605E-06
   51.2887688        -2.86329441E-06
   51.4155579        -3.00548186E-06
   51.5423508        -3.14073804E-06
   51.6691437        -3.27188309E-06
   51.7959366        -3.40225279E-06
   51.9227295        -3.53562950E-06
   52.0495224        -3.67618145E-06
   52.1763153        -3.82837152E-06
   52.3031082        -3.99684814E-06
   52.4299011        -4.18633317E-06
   52.5566940        -4.40148551E-06
   52.6834869        -4.64675713E-06
   52.8102798        -4.92625395E-06
   52.9370728        -5.24357665E-06
   53.0638657        -5.60167427E-06
   53.1906586        -6.00270641E-06
   53.3174477        -6.44790271E-06
   53.4442406        -6.93745233E-06
   53.5710335        -7.47039849E-06
   53.6978264        -8.04457522E-06
   53.8246193        -8.65655511E-06
   53.9514122        -9.30162423E-06
   54.0782051        -9.97381994E-06
   54.2049980        -1.06659518E-05
   54.3317909        -1.13697160E-05
   54.4585838        -1.20758041E-05
   54.5853767        -1.27740504E-05
   54.7121696        -1.34536349E-05
   54.8389626        -1.41032860E-05
   54.9657555        -1.47115206E-05
   55.0925484        -1.52669199E-05
   55.2193375        -1.57583636E-05
   55.3461304        -1.61753578E-05
   55.4729233        -1.65082765E-05
   55.5997162        -1.67486469E-05
   55.7265091        -1.68894221E-05
   55.8533020        -1.69251980E-05
   55.9800949        -1.68524275E-05
   56.1068878        -1.66696263E-05
   56.2336807        -1.63774712E-05
   56.3604736        -1.59789324E-05
   56.4872665        -1.54792997E-05
   56.6140594        -1.48861936E-05
   56.7408524        -1.42095087E-05
   56.8676453        -1.34613256E-05
   56.9944382        -1.26557406E-05
   57.1212273        -1.18086855E-05
   57.2480202        -1.09376751E-05
   57.3748131        -1.00615225E-05
   57.5016060        -9.20002913E-06
   57.6283989        -8.37363496E-06
   57.7551918        -7.60304010E-06
   57.8819847        -6.90882780E-06
   58.0087776        -6.31107150E-06
   58.1355705        -5.82892608E-06
   58.2623634        -5.48024855E-06
   58.3891563        -5.28122109E-06
   58.5159492        -5.24598317E-06
   58.6427422        -5.38631639E-06
   58.7695351        -5.71134478E-06
   58.8963280        -6.22727021E-06
   59.0231171        -6.93717629E-06
   59.1499100        -7.84085569E-06
   59.2767029        -8.93470406E-06
   59.4034958        -1.02116792E-05
   59.5302887        -1.16613028E-05
   59.6570816        -1.32697378E-05
   59.7838745        -1.50199130E-05
   59.9106674        -1.68917286E-05
   60.0374603        -1.88623144E-05
   60.1642532        -2.09063328E-05
   60.2910461        -2.29963644E-05
   60.4178391        -2.51033252E-05
   60.5446320        -2.71969293E-05
   60.6714249        -2.92461991E-05
   60.7982178        -3.12200063E-05
   60.9250069        -3.30875919E-05
   61.0517998        -3.48191679E-05
   61.1785927        -3.63864856E-05
   61.3053856        -3.77633551E-05
   61.4321785        -3.89261841E-05
   61.5589714        -3.98544689E-05
   61.6857643        -4.05312567E-05
   61.8125572        -4.09434870E-05
   61.9393501        -4.10823268E-05
   62.0661430        -4.09433997E-05
   62.1929359        -4.05269529E-05
   62.3197289        -3.98378434E-05
   62.4465218        -3.88855842E-05
   62.5733147        -3.76841381E-05
   62.7001076        -3.62517021E-05
   62.8268967        -3.46104061E-05
   62.9536896        -3.27858615E-05
   63.0804825        -3.08067101E-05
   63.2072754        -2.87040693E-05
   63.3340683        -2.65109302E-05
   63.4608612        -2.42615333E-05
   63.5876541        -2.19907306E-05
   63.7144470        -1.97333138E-05
   63.8412399        -1.75234218E-05
   63.9680328        -1.53938945E-05
   64.0948257        -1.33757585E-05
   64.2216187        -1.14977292E-05
   64.3484116        -9.78576554E-06
   64.4752045        -8.26277392E-06
   64.6019974        -6.94832534E-06
   64.7287903        -5.85849693E-06
   64.8555832        -5.00580472E-06
   64.9823761        -4.39920723E-06
   65.1091690        -4.04419688E-06
   65.2359619        -3.94294921E-06
   65.3627548        -4.09454333E-06
   65.4895477        -4.49521531E-06
   65.6163330        -5.13864870E-06
   65.7431259        -6.01627062E-06
   65.8699188        -7.11756684E-06
   65.9967117        -8.43036742E-06
   66.1235046        -9.94111542E-06
   66.2502975        -1.16351002E-05
   66.3770905        -1.34966540E-05
   66.5038834        -1.55092930E-05
   66.6306763        -1.76558224E-05
   66.7574692        -1.99183887E-05
   66.8842621        -2.22784802E-05
   67.0110550        -2.47169100E-05
   67.1378479        -2.72137913E-05
   67.2646408        -2.97484239E-05
   67.3914337        -3.22992746E-05
   67.5182266        -3.48439098E-05
   67.6450195        -3.73589755E-05
   67.7718124        -3.98202137E-05
   67.8986053        -4.22025078E-05
   68.0253983        -4.44800389E-05
   68.1521912        -4.66264355E-05
   68.2789841        -4.86150566E-05
   68.4057770        -5.04192940E-05
   68.5325699        -5.20129688E-05
   68.6593628        -5.33707826E-05
   68.7861557        -5.44687646E-05
   68.9129486        -5.52848760E-05
   69.0397415        -5.57994426E-05
   69.1665344        -5.59957844E-05
   69.2933273        -5.58607207E-05
   69.4201126        -5.53849677E-05
   69.5469055        -5.45636867E-05
   69.6736984        -5.33966995E-05
   69.8004913        -5.18888628E-05
   69.9272842        -5.00500828E-05
   70.0540771        -4.78954316E-05
   70.1808701        -4.54450383E-05
   70.3076630        -4.27237937E-05
   70.4344559        -3.97610966E-05
   70.5612488        -3.65903143E-05
   70.6880417        -3.32482559E-05
   70.8148346        -2.97744718E-05
   70.9416275        -2.62105568E-05
   71.0684204        -2.25993117E-05
   71.1952133        -1.89839593E-05
   71.3220062        -1.54073005E-05
   71.4487991        -1.19108927E-05
   71.5755920        -8.53432084E-06
   71.7023849        -5.31444311E-06
   71.8291779        -2.28482463E-06
   71.9559708         5.24798224E-07
   72.0827637         3.08891413E-06
   72.2095566         5.38649965E-06
   72.3363495         7.40115183E-06
   72.4631424         9.12109226E-06
   72.5899353         1.05390372E-05
   72.7167282         1.16519559E-05
   72.8435211         1.24606950E-05
   72.9703140         1.29695400E-05
   73.0971069         1.31856950E-05
   73.2238922         1.31186816E-05
   73.3506851         1.27797521E-05
   73.4774780         1.21812682E-05
   73.6042709         1.13361066E-05
   73.7310638         1.02571030E-05
   73.8578568         8.95655012E-06
   73.9846497         7.44579347E-06
   74.1114426         5.73488251E-06
   74.2382355         3.83237511E-06
   74.3650284         1.74519698E-06
   74.4918213        -5.21358913E-07
   74.6186142        -2.96351755E-06
   74.7454071        -5.57882595E-06
   74.8722000        -8.36585787E-06
   74.9989929        -1.13238348E-05
   75.1257858        -1.44521882E-05
   75.2525787        -1.77500897E-05
   75.3793716        -2.12159466E-05
   75.5061646        -2.48468841E-05
   75.6329575        -2.86383092E-05
   75.7597504        -3.25834117E-05
   75.8865433        -3.66728418E-05
   76.0133362        -4.08943306E-05
   76.1401291        -4.52325185E-05
   76.2669220        -4.96688517E-05
   76.3937149        -5.41814552E-05
   76.5205078        -5.87453360E-05
   76.6473007        -6.33324889E-05
   76.7740936        -6.79121440E-05
   76.9008865        -7.24513156E-05
   77.0276718        -7.69149847E-05
   77.1544647        -8.12668804E-05
   77.2812576        -8.54698446E-05
   77.4080505        -8.94865443E-05
   77.5348434        -9.32800467E-05
   77.6616364        -9.68144377E-05
   77.7884293        -1.00055375E-04
   77.9152222        -1.02970691E-04
   78.0420151        -1.05530838E-04
   78.1688080        -1.07709348E-04
   78.2956009        -1.09483190E-04
   78.4223938        -1.10833033E-04
   78.5491867        -1.11743335E-04
   78.6759796        -1.12202659E-04
   78.8027725        -1.12203423E-04
   78.9295654        -1.11741872E-04
   79.0563583        -1.10818008E-04
   79.1831512        -1.09435263E-04
   79.3099442        -1.07600143E-04
   79.4367371        -1.05321953E-04
   79.5635300        -1.02612408E-04
   79.6903229        -9.94851143E-05
   79.8171158        -9.59552272E-05
   79.9439087        -9.20390012E-05
   80.0707016        -8.77534258E-05
   80.1974945        -8.31158104E-05
   80.3242874        -7.81434792E-05
   80.4510803        -7.28535379E-05
   80.5778732        -6.72625974E-05
   80.7046585        -6.13867232E-05
   80.8314514        -5.52412857E-05
   80.9582443        -4.88410187E-05
   81.0850372        -4.22000485E-05
   81.2118301        -3.53320575E-05
   81.3386230        -2.82504752E-05
   81.4654160        -2.09686605E-05
   81.5922089        -1.35002392E-05
   81.7190018        -5.85935277E-06
   81.8457947         1.93900496E-06
   81.9725876         9.87871590E-06
   82.0993805         1.79422277E-05
   82.2261734         2.61103596E-05
   82.3529663         3.43620122E-05
   82.4797592         4.26741171E-05
   82.6065521         5.10214813E-05
   82.7333450         5.93768127E-05
   82.8601379         6.77107528E-05
   82.9869308         7.59921240E-05
   83.1137238         8.41880174E-05
   83.2405167         9.22641993E-05
   83.3673096         1.00185462E-04
   83.4941025         1.07916065E-04
   83.6208954         1.15420167E-04
   83.7476883         1.22662386E-04
   83.8744812         1.29608481E-04
   84.0012741         1.36225630E-04
   84.1280670         1.42483259E-04
   84.2548599         1.48353342E-04
   84.3816528         1.53811066E-04
   84.5084381         1.58835202E-04
   84.6352310         1.63408404E-04
   84.7620239         1.67517559E-04
   84.8888168         1.71153995E-04
   85.0156097         1.74313551E-04
   85.1424026         1.76996604E-04
   85.2691956         1.79208015E-04
   85.3959885         1.80956820E-04
   85.5227814         1.82256161E-04
   85.6495743         1.83122800E-04
   85.7763672         1.83576718E-04
   85.9031601         1.83640732E-04
   86.0299530         1.83339842E-04
   86.1567459         1.82700911E-04
   86.2835388         1.81751922E-04
   86.4103317         1.80521660E-04
   86.5371246         1.79039023E-04
   86.6639175         1.77332739E-04
   86.7907104         1.75430832E-04
   86.9175034         1.73360444E-04
   87.0442963         1.71147476E-04
   87.1710892         1.68816376E-04
   87.2978821         1.66390208E-04
   87.4246750         1.63890436E-04
   87.5514679         1.61337099E-04
   87.6782608         1.58748953E-04
   87.8050537         1.56143578E-04
   87.9318466         1.53537549E-04
   88.0586395         1.50946842E-04
   88.1854324         1.48386869E-04
   88.3122177         1.45872866E-04
   88.4390106         1.43419937E-04
   88.5658035         1.41043434E-04
   88.6925964         1.38758929E-04
   88.8193893         1.36582210E-04
   88.9461823         1.34529415E-04
   89.0729752         1.32616769E-04
   89.1997681         1.30860528E-04
   89.3265610         1.29276639E-04
   89.4533539         1.27880470E-04
   89.5801468         1.26686384E-04
   89.7069397         1.25707345E-04
   89.8337326         1.24954502E-04
   89.9605255         1.24436614E-04
   90.0873184         1.24159749E-04
   90.2141113         1.24126687E-04
   90.3409042         1.24336686E-04
   90.4676971         1.24785089E-04
   90.5944901         1.25463092E-04
   90.7212830         1.26357627E-04
   90.8480759         1.27451305E-04
   90.9748688         1.28722531E-04
   91.1016617         1.30145650E-04
   91.2284546         1.31691268E-04
   91.3552475         1.33326728E-04
   91.4820404         1.35016642E-04
   91.6088333         1.36723393E-04
   91.7356262         1.38407981E-04
   91.8624191         1.40030781E-04
   91.9892120         1.41552227E-04
   92.1159973         1.42933772E-04
   92.2427902         1.44138598E-04
   92.3695831         1.45132450E-04
   92.4963760         1.45884405E-04
   92.6231689         1.46367456E-04
   92.7499619         1.46559163E-04
   92.8767548         1.46442006E-04
   93.0035477         1.46003993E-04
   93.1303406         1.45238533E-04
   93.2571335         1.44144782E-04
   93.3839264         1.42727484E-04
   93.5107193         1.40996854E-04
   93.6375122         1.38968244E-04
   93.7643051         1.36661634E-04
   93.8910980         1.34101239E-04
   94.0178909         1.31314897E-04
   94.1446838         1.28333239E-04
   94.2714767         1.25189123E-04
   94.3982697         1.21916775E-04
   94.5250626         1.18550983E-04
   94.6518555         1.15126437E-04
   94.7786484         1.11676898E-04
   94.9054413         1.08234548E-04
   95.0322342         1.04829269E-04
   95.1590271         1.01488142E-04
   95.2858200         9.82349084E-05
   95.4126129         9.50895555E-05
   95.5394058         9.20680104E-05
   95.6661987         8.91818781E-05
   95.7929916         8.64382382E-05
   95.9197769         8.38397609E-05
   96.0465698         8.13845472E-05
   96.1733627         7.90662743E-05
   96.3001556         7.68743848E-05
   96.4269485         7.47943850E-05
   96.5537415         7.28079758E-05
   96.6805344         7.08935695E-05
   96.8073273         6.90265515E-05
   96.9341202         6.71797898E-05
   97.0609131         6.53240641E-05
   97.1877060         6.34285825E-05
   97.3144989         6.14614255E-05
   97.4412918         5.93902332E-05
   97.5680847         5.71826349E-05
   97.6948776         5.48068638E-05
   97.8216705         5.22323680E-05
   97.9484634         4.94303968E-05
   98.0752563         4.63745673E-05
   98.2020493         4.30415093E-05
   98.3288422         3.94114250E-05
   98.4556351         3.54686526E-05
   98.5824280         3.12022130E-05
   98.7092209         2.66062943E-05
   98.8360138         2.16806875E-05
   98.9628067         1.64311532E-05
   99.0895996         1.08697132E-05
   99.2163925         5.01482282E-06
   99.3431854        -1.10854023E-06
   99.4699783        -7.46892829E-06
   99.5967712        -1.40285983E-05
   99.7235565        -2.07438225E-05
   99.8503494        -2.75653310E-05
   99.9771423        -3.44389191E-05
   100.103935        -4.13061716E-05
   100.230728        -4.81053248E-05
   100.357521        -5.47722339E-05
   100.484314        -6.12414224E-05
   100.611107        -6.74472903E-05
   100.737900        -7.33252600E-05
   100.864693        -7.88130201E-05
   100.991486        -8.38517735E-05
   101.118279        -8.83873727E-05
   101.245071        -9.23715124E-05
   101.371864        -9.57627053E-05
   101.498657        -9.85272563E-05
   101.625450        -1.00639874E-04
   101.752243        -1.02084414E-04
   101.879036        -1.02854239E-04
   102.005829        -1.02952305E-04
   102.132622        -1.02391183E-04
   102.259415        -1.01192847E-04
   102.386208        -9.93882204E-05
   102.513000        -9.70164547E-05
   102.639793        -9.41241378E-05
   102.766586        -9.07643043E-05
   102.893379        -8.69953510E-05
   103.020172        -8.28797274E-05
   103.146965        -7.84826771E-05
   103.273758        -7.38710223E-05
   103.400551        -6.91117166E-05
   103.527336        -6.42706655E-05
   103.654129        -5.94115372E-05
   103.780922        -5.45946277E-05
   103.907715        -4.98759910E-05
   104.034508        -4.53065877E-05
   104.161301        -4.09316999E-05
   104.288094        -3.67904613E-05
   104.414886        -3.29156464E-05
   104.541679        -2.93335142E-05
   104.668472        -2.60639808E-05
   104.795265        -2.31207941E-05
   104.922058        -2.05119431E-05
   105.048851        -1.82401054E-05
   105.175644        -1.63032382E-05
   105.302437        -1.46951816E-05
   105.429230        -1.34062730E-05
   105.556023        -1.24240069E-05
   105.682816        -1.17336294E-05
   105.809608        -1.13186816E-05
   105.936401        -1.11614954E-05
   106.063194        -1.12435691E-05
   106.189987        -1.15459052E-05
   106.316780        -1.20492059E-05
   106.443573        -1.27340300E-05
   106.570366        -1.35808068E-05
   106.697159        -1.45698868E-05
   106.823952        -1.56814403E-05
   106.950745        -1.68954193E-05
   107.077538        -1.81914766E-05
   107.204330        -1.95489065E-05
   107.331116        -2.09466489E-05
   107.457909        -2.23633269E-05
   107.584702        -2.37773875E-05
   107.711494        -2.51672900E-05
   107.838287        -2.65118288E-05
   107.965080        -2.77904583E-05
   108.091873        -2.89837990E-05
   108.218666        -3.00740867E-05
   108.345459        -3.10457581E-05
   108.472252        -3.18859966E-05
   108.599045        -3.25852379E-05
   108.725838        -3.31376905E-05
   108.852631        -3.35417280E-05
   108.979424        -3.38001701E-05
   109.106216        -3.39204562E-05
   109.233009        -3.39146100E-05
   109.359802        -3.37990605E-05
   109.486595        -3.35942532E-05
   109.613388        -3.33240641E-05
   109.740181        -3.30150688E-05
   109.866974        -3.26955815E-05
   109.993767        -3.23946115E-05
   110.120560        -3.21406624E-05
   110.247353        -3.19605060E-05
   110.374146        -3.18779203E-05
   110.500938        -3.19124156E-05
   110.627731        -3.20780819E-05
   110.754524        -3.23825443E-05
   110.881317        -3.28261049E-05
   111.008102        -3.34010692E-05
   111.134895        -3.40913357E-05
   111.261688        -3.48722679E-05
   111.388481        -3.57108183E-05
   111.515274        -3.65660453E-05
   111.642067        -3.73897528E-05
   111.768860        -3.81276041E-05
   111.895653        -3.87203472E-05
   112.022446        -3.91052927E-05
   112.149239        -3.92179900E-05
   112.276031        -3.89939814E-05
   112.402824        -3.83706792E-05
   112.529617        -3.72892209E-05
   112.656410        -3.56962482E-05
   112.783203        -3.35456643E-05
   112.909996        -3.08001727E-05
   113.036789        -2.74325830E-05
   113.163582        -2.34269974E-05
   113.290375        -1.87795649E-05
   113.417168        -1.34990860E-05
   113.543961        -7.60714875E-06
   113.670753        -1.13811200E-06
   113.797546         5.86133410E-06
   113.924339         1.33328440E-05
   114.051132         2.12074046E-05
   114.177925         2.94064830E-05
   114.304718         3.78434524E-05
   114.431511         4.64251461E-05
   114.558304         5.50534751E-05
   114.685097         6.36272380E-05
   114.811882         7.20438329E-05
   114.938675         8.02010472E-05
   115.065468         8.79987201E-05
   115.192261         9.53404087E-05
   115.319054         1.02134858E-04
   115.445847         1.08297310E-04
   115.572639         1.13750822E-04
   115.699432         1.18427190E-04
   115.826225         1.22267840E-04
   115.953018         1.25224484E-04
   116.079811         1.27259642E-04
   116.206604         1.28346917E-04
   116.333397         1.28471162E-04
   116.460190         1.27628489E-04
   116.586983         1.25826104E-04
   116.713776         1.23082049E-04
   116.840569         1.19424803E-04
   116.967361         1.14892799E-04
   117.094154         1.09533830E-04
   117.220947         1.03404382E-04
   117.347740         9.65688960E-05
   117.474533         8.90989832E-05
   117.601326         8.10726269E-05
   117.728119         7.25731879E-05
   117.854912         6.36886107E-05
   117.981705         5.45104049E-05
   118.108498         4.51326741E-05
   118.235291         3.56511300E-05
   118.362083         2.61621481E-05
   118.488876         1.67616818E-05
   118.615662         7.54432585E-06
   118.742455        -1.39770657E-06
   118.869247        -9.97551524E-06
   118.996040        -1.81045034E-05
   119.122833        -2.57052216E-05
   119.249626        -3.27042835E-05
   119.376419        -3.90351379E-05
   119.503212        -4.46387894E-05
   119.630005        -4.94645392E-05
   119.756798        -5.34705105E-05
   119.883591        -5.66241579E-05
   120.010384        -5.89027404E-05
   120.137177        -6.02935143E-05
   120.263969        -6.07940419E-05
   120.390762        -6.04122179E-05
   120.517555        -5.91662283E-05
   120.644348        -5.70844059E-05
   120.771141        -5.42049711E-05
   120.897934        -5.05755888E-05
   121.024727        -4.62528442E-05
   121.151520        -4.13015514E-05
   121.278313        -3.57940044E-05
   121.405106        -2.98090345E-05
   121.531898        -2.34310010E-05
   121.658691        -1.67486287E-05
   121.785484        -9.85383213E-06
   121.912277        -2.84036923E-06
   122.039070         4.19749540E-06
   122.165863         1.11663940E-05
   122.292656         1.79752788E-05
   122.419441         2.45368228E-05
   122.546234         3.07687478E-05
   122.673027         3.65951819E-05
   122.799820         4.19477947E-05
   122.926613         4.67668542E-05
   123.053406         5.10022037E-05
   123.180199         5.46138908E-05
   123.306992         5.75727172E-05
   123.433784         5.98605584E-05
   123.560577         6.14703895E-05
   123.687370         6.24060995E-05
   123.814163         6.26820838E-05
   123.940956         6.23225933E-05
   124.067749         6.13608645E-05
   124.194542         5.98380357E-05
   124.321335         5.78019899E-05
   124.448128         5.53059945E-05
   124.574921         5.24072930E-05
   124.701714         4.91656283E-05
   124.828506         4.56418857E-05
   124.955299         4.18966156E-05
   125.082092         3.79888152E-05
   125.208885         3.39747603E-05
   125.335678         2.99070380E-05
   125.462471         2.58337932E-05
   125.589264         2.17981669E-05
   125.716057         1.78379541E-05
   125.842850         1.39855420E-05
   125.969643         1.02679815E-05
   126.096436         6.70734380E-06
   126.223221         3.32114610E-06
   126.350014         1.22994194E-07
   126.476807        -2.87675925E-06
   126.603600        -5.67026018E-06
   126.730392        -8.25141797E-06
   126.857185        -1.06152056E-05
   126.983978        -1.27570529E-05
   127.110771        -1.46723305E-05
   127.237564        -1.63559926E-05
   127.364357        -1.78023856E-05
   127.491150        -1.90052051E-05
   127.617943        -1.99576371E-05
   127.744736        -2.06526583E-05
   127.871529        -2.10834842E-05
   127.998322        -2.12441428E-05
   128.125107        -2.11300812E-05
   128.251907        -2.07389021E-05
   128.378693        -2.00710274E-05
   128.505493        -1.91303916E-05
   128.632278        -1.79249910E-05
   128.759079        -1.64673893E-05
   128.885864        -1.47750206E-05
   129.012665        -1.28703696E-05
   129.139450        -1.07809028E-05
   129.266251        -8.53886195E-06
   129.393036        -6.18081913E-06
   129.519836        -3.74704678E-06
   129.646622        -1.28070553E-06
   129.773422         1.17309617E-06
   129.900208         3.56837586E-06
   130.027008         5.85945145E-06
   130.153793         8.00211728E-06
   130.280594         9.95485243E-06
   130.407379         1.16799638E-05
   130.534180         1.31446614E-05
   130.660965         1.43219777E-05
   130.787766         1.51915610E-05
   130.914551         1.57402665E-05
   131.041351         1.59625470E-05
   131.168137         1.58606053E-05
   131.294937         1.54443660E-05
   131.421722         1.47311748E-05
   131.548523         1.37453353E-05
   131.675308         1.25174429E-05
   131.802109         1.10835317E-05
   131.928894         9.48412617E-06
   132.055679         7.76315119E-06
   132.182480         5.96682003E-06
   132.309265         4.14244960E-06
   132.436066         2.33731748E-06
   132.562851         5.97546489E-07
   132.689651        -1.03293962E-06
   132.816437        -2.51335405E-06
   132.943237        -3.80686083E-06
   133.070023        -4.88126807E-06
   133.196823        -5.70955217E-06
   133.323608        -6.27024565E-06
   133.450409        -6.54768019E-06
   133.577194        -6.53206871E-06
   133.703995        -6.21947811E-06
   133.830780        -5.61166735E-06
   133.957581        -4.71583598E-06
   134.084366        -3.54430108E-06
   134.211166        -2.11408974E-06
   134.337952        -4.46515259E-07
   134.464752         1.43328396E-06
   134.591537         3.49683614E-06
   134.718338         5.71279043E-06
   134.845123         8.04739466E-06
   134.971924         1.04649625E-05
   135.098709         1.29283080E-05
   135.225510         1.53991878E-05
   135.352295         1.78387381E-05
   135.479095         2.02078954E-05
   135.605881         2.24678333E-05
   135.732666         2.45804149E-05
   135.859467         2.65086346E-05
   135.986252         2.82171150E-05
   136.113052         2.96725902E-05
   136.239838         3.08444251E-05
   136.366638         3.17051490E-05
   136.493423         3.22310116E-05
   136.620224         3.24024913E-05
   136.747009         3.22048254E-05
   136.873810         3.16285114E-05
   137.000595         3.06697293E-05
   137.127396         2.93307039E-05
   137.254181         2.76200044E-05
   137.380981         2.55527011E-05
   137.507767         2.31504237E-05
   137.634567         2.04412918E-05
   137.761353         1.74596880E-05
   137.888153         1.42458930E-05
   138.014938         1.08455661E-05
   138.141739         7.30910097E-06
   138.268524         3.69081317E-06
   138.395325         4.80466724E-08
   138.522110        -3.55986776E-06
   138.648911        -7.07269191E-06
   138.775696        -1.04304518E-05
   138.902496        -1.35746159E-05
   139.029282        -1.64492812E-05
   139.156082        -1.90023347E-05
   139.282867        -2.11865445E-05
   139.409653        -2.29605539E-05
   139.536453        -2.42897986E-05
   139.663239        -2.51472320E-05
   139.790039        -2.55139585E-05
   139.916824        -2.53796370E-05
   140.043625        -2.47427397E-05
   140.170410        -2.36106334E-05
   140.297211        -2.19994454E-05
   140.423996        -1.99337883E-05
   140.550797        -1.74462693E-05
   140.677582        -1.45768927E-05
   140.804382        -1.13722926E-05
   140.931168        -7.88484158E-06
   141.057968        -4.17167121E-06
   141.184753        -2.93600323E-07
   141.311554         3.68598080E-06
   141.438339         7.70228144E-06
   141.565140         1.16902702E-05
   141.691925         1.55858488E-05
   141.818726         1.93269880E-05
   141.945511         2.28548106E-05
   142.072311         2.61146342E-05
   142.199097         2.90568878E-05
   142.325897         3.16379774E-05
   142.452682         3.38210011E-05
   142.579483         3.55763514E-05
   142.706268         3.68821966E-05
   142.833069         3.77247852E-05
   142.959854         3.80986166E-05
   143.086655         3.80064484E-05
   143.213440         3.74591473E-05
   143.340225         3.64753796E-05
   143.467026         3.50811533E-05
   143.593811         3.33091994E-05
   143.720612         3.11982258E-05
   143.847397         2.87920611E-05
   143.974197         2.61386685E-05
   144.100983         2.32890870E-05
   144.227783         2.02963020E-05
   144.354568         1.72140972E-05
   144.481369         1.40958855E-05
   144.608154         1.09935363E-05
   144.734955         7.95630694E-06
   144.861740         5.02979401E-06
   144.988541         2.25502822E-06
   145.115326        -3.32326209E-07
   145.242126        -2.70259852E-06
   145.368912        -4.83259191E-06
   145.495712        -6.70587042E-06
   145.622498        -8.31286616E-06
   145.749298        -9.65078289E-06
   145.876083        -1.07233509E-05
   146.002884        -1.15403627E-05
   146.129669        -1.21170733E-05
   146.256470        -1.24734897E-05
   146.383255        -1.26334890E-05
   146.510056        -1.26239229E-05
   146.636841        -1.24736134E-05
   146.763641        -1.22123665E-05
   146.890427        -1.18699700E-05
   147.017212        -1.14752420E-05
   147.144012        -1.10551491E-05
   147.270798        -1.06340131E-05
   147.397598        -1.02328340E-05
   147.524384        -9.86872328E-06
   147.651184        -9.55448468E-06
   147.777969        -9.29838097E-06
   147.904770        -9.10397557E-06
   148.031555        -8.97017253E-06
   148.158356        -8.89142120E-06
   148.285141        -8.85795725E-06
   148.411942        -8.85628378E-06
   148.538727        -8.86966518E-06
   148.665527        -8.87874467E-06
   148.792313        -8.86222188E-06
   148.919113        -8.79758682E-06
   149.045898        -8.66183746E-06
   149.172699        -8.43225553E-06
   149.299484        -8.08713048E-06
   149.426285        -7.60643798E-06
   149.553070        -6.97249243E-06
   149.679871        -6.17050091E-06
   149.806656        -5.18904289E-06
   149.933456        -4.02044770E-06
   150.060242        -2.66106463E-06
   150.187042        -1.11143288E-06
   150.313828         6.23668768E-07
   150.440628         2.53527605E-06
   150.567413         4.61038735E-06
   150.694214         6.83221333E-06
   150.820999         9.18050227E-06
   150.947784         1.16319352E-05
   151.074585         1.41605587E-05
   151.201370         1.67382823E-05
   151.328171         1.93353826E-05
   151.454956         2.19210106E-05
   151.581757         2.44637231E-05
   151.708542         2.69319735E-05
   151.835342         2.92946006E-05
   151.962128         3.15212637E-05
   152.088928         3.35828699E-05
   152.215714         3.54519543E-05
   152.342514         3.71030292E-05
   152.469299         3.85128442E-05
   152.596100         3.96607247E-05
   152.722885         4.05287428E-05
   152.849686         4.11019719E-05
   152.976471         4.13686321E-05
   153.103271         4.13202361E-05
   153.230057         4.09517452E-05
   153.356857         4.02616351E-05
   153.483643         3.92520051E-05
   153.610443         3.79285993E-05
   153.737228         3.63008294E-05
   153.864029         3.43817774E-05
   153.990814         3.21881307E-05
   154.117615         2.97400675E-05
   154.244400         2.70611508E-05
   154.371201         2.41781017E-05
   154.497986         2.11205534E-05
   154.624771         1.79207509E-05
   154.751572         1.46131733E-05
   154.878357         1.12341222E-05
   155.005157         7.82122333E-06
   155.131943         4.41291786E-06
   155.258743         1.04788330E-06
   155.385529        -2.23556162E-06
   155.512329        -5.40008841E-06
   155.639114        -8.40999201E-06
   155.765915        -1.12318075E-05
   155.892700        -1.38349333E-05
   156.019501        -1.61921962E-05
   156.146286        -1.82803597E-05
   156.273087        -2.00806044E-05
   156.399872        -2.15788514E-05
   156.526672        -2.27660566E-05
   156.653458        -2.36383694E-05
   156.780258        -2.41971356E-05
   156.907043        -2.44488601E-05
   157.033844        -2.44049588E-05
   157.160629        -2.40814479E-05
   157.287430        -2.34984673E-05
   157.414215        -2.26797438E-05
   157.541016        -2.16519438E-05
   157.667801        -2.04439439E-05
   157.794601        -1.90860756E-05
   157.921387        -1.76093163E-05
   158.048187        -1.60444924E-05
   158.174973        -1.44215619E-05
   158.301773        -1.27688063E-05
   158.428558        -1.11122899E-05
   158.555344        -9.47522039E-06
   158.682144        -7.87758745E-06
   158.808929        -6.33580430E-06
   158.935730        -4.86256567E-06
   159.062515        -3.46677461E-06
   159.189316        -2.15365230E-06
   159.316101        -9.24949632E-07
   159.442902         2.20734478E-07
   159.569687         1.28754198E-06
   159.696487         2.28187378E-06
   159.823273         3.21187099E-06
   159.950073         4.08687993E-06
   160.076859         4.91692117E-06
   160.203659         5.71219880E-06
