  -4.50000000         0.00000000    
  -4.37320757         0.00000000    
  -4.24641466         0.00000000    
  -4.11962223         0.00000000    
  -3.99282932         0.00000000    
  -3.86603665         0.00000000    
  -3.73924398         0.00000000    
  -3.61245155        -7.57872476E-31
  -3.48565888        -1.69607058E-30
  -3.35886621        -1.61367305E-29
  -3.23207355        -4.53340948E-29
  -3.10528088         1.10474808E-28
  -2.97848821         1.05547268E-27
  -2.85169554         3.40933974E-27
  -2.72490287         4.84449497E-27
  -2.59811020        -7.63207981E-27
  -2.47131753        -6.73869822E-26
  -2.34452486        -2.21851007E-25
  -2.21773219        -4.68526777E-25
  -2.09093952        -5.81579321E-25
  -1.96414697         1.69420711E-25
  -1.83735430         3.23290996E-24
  -1.71056163         1.04550189E-23
  -1.58376896         2.25272058E-23
  -1.45697629         3.57342662E-23
  -1.33018374         3.77350762E-23
  -1.20339108         5.43954856E-24
  -1.07659841        -8.93405233E-23
 -0.949805737        -2.60185764E-22
 -0.823013067        -4.70639465E-22
 -0.696220458        -5.93288882E-22
 -0.569427788        -3.90597194E-22
 -0.442635119         4.42085780E-22
 -0.315842479         2.13610932E-21
 -0.189049825         4.61370084E-21
  -6.22571707E-02     7.22929925E-21
   6.45354837E-02     8.64273524E-21
  0.191328138         7.02578455E-21
  0.318120778         7.57120676E-22
  0.444913447        -1.04180191E-20
  0.571706116        -2.40816042E-20
  0.698498726        -3.43235170E-20
  0.825291395        -3.22163358E-20
  0.952084064        -8.24593896E-21
   1.07887673         4.32100540E-20
   1.20566940         1.18202287E-19
   1.33246195         1.98221943E-19
   1.45925462         2.48523908E-19
   1.58604729         2.22306806E-19
   1.71283996         7.21113440E-20
   1.83963263        -2.32460396E-19
   1.96642530        -6.84419165E-19
   2.09321785        -1.22259786E-18
   2.22001052        -1.72547022E-18
   2.34680319        -2.02123113E-18
   2.47359586        -1.91591119E-18
   2.60038853        -1.23586119E-18
   2.72718120         1.24153477E-19
   2.85397387         2.15851830E-18
   2.98076653         4.72344366E-18
   3.10755920         7.52824686E-18
   3.23435187         1.01408447E-17
   3.36114454         1.19979984E-17
   3.48793697         1.24133448E-17
   3.61472964         1.05894512E-17
   3.74152231         5.66182010E-18
   3.86831498        -3.17560614E-18
   3.99510765        -1.64067420E-17
   4.12190056        -3.37580481E-17
   4.24869299        -5.36210071E-17
   4.37548542        -7.24634569E-17
   4.50227833        -8.44721672E-17
   4.62907076        -8.17541444E-17
   4.75586367        -5.54223517E-17
   4.88265610         2.24044867E-18
   5.00944901         9.46286812E-17
   5.13624144         2.17164451E-16
   5.26303434         3.54078777E-16
   5.38982677         4.76874044E-16
   5.51661968         5.45776945E-16
   5.64341211         5.15145427E-16
   5.77020502         3.43007421E-16
   5.89699745         3.75767969E-18
   6.02379036        -4.98242038E-16
   6.15058279        -1.11748771E-15
   6.27737522        -1.76238175E-15
   6.40416813        -2.29987974E-15
   6.53096056        -2.57161024E-15
   6.65775347        -2.42097094E-15
   6.78454590        -1.72779125E-15
   6.91133881        -4.44431146E-16
   7.03813124         1.37464501E-15
   7.16492414         3.55807243E-15
   7.29171658         5.82423878E-15
   7.41850948         7.81260331E-15
   7.54530191         9.13821834E-15
   7.67209482         9.46290640E-15
   7.79888725         8.57212928E-15
   7.92567968         6.44392681E-15
   8.05247211         3.29599811E-15
   8.17926502        -4.00885871E-16
   8.30605793        -3.95043376E-15
   8.43285084        -6.50110154E-15
   8.55964279        -7.15466708E-15
   8.68643570        -5.10324857E-15
   8.81322861         2.18766362E-16
   8.94002151         8.98422097E-15
   9.06681347         2.08405392E-14
   9.19360638         3.48109433E-14
   9.32039928         4.92436326E-14
   9.44719219         6.18207268E-14
   9.57398415         6.96354256E-14
   9.70077705         6.93424200E-14
   9.82756996         5.73814474E-14
   9.95436192         3.02684039E-14
   10.0811548        -1.50587703E-14
   10.2079477        -8.08591543E-14
   10.3347406        -1.68199046E-13
   10.4615326        -2.76585992E-13
   10.5883255        -4.03659853E-13
   10.7151184        -5.44976607E-13
   10.8419113        -6.93911617E-13
   10.9687033        -8.41703931E-13
   11.0954962        -9.77648626E-13
   11.2222891        -1.08942987E-12
   11.3490820        -1.16357434E-12
   11.4758739        -1.18598642E-12
   11.6026669        -1.14252477E-12
   11.7294598        -1.01956974E-12
   11.8562517        -8.04539757E-13
   11.9830446        -4.86332437E-13
   12.1098375        -5.56802902E-14
   12.2366304         4.94542504E-13
   12.3634224         1.16902451E-12
   12.4902153         1.96962282E-12
   12.6170082         2.89480115E-12
   12.7438011         3.93877292E-12
   12.8705931         5.09026632E-12
   12.9973860         6.33088070E-12
   13.1241789         7.63301488E-12
   13.2509708         8.95744937E-12
   13.3777637         1.02507360E-11
   13.5045567         1.14425743E-11
   13.6313496         1.24434942E-11
   13.7581415         1.31431567E-11
   13.8849344         1.34096380E-11
   14.0117273         1.30901904E-11
   14.1385202         1.20138240E-11
   14.2653122         9.99625382E-12
   14.3921051         6.84766870E-12
   14.5188980         2.38365903E-12
   14.6456909        -3.56030808E-12
   14.7724829        -1.11108085E-11
   14.8992758        -2.03349334E-11
   15.0260687        -3.12157869E-11
   15.1528606        -4.36261548E-11
   15.2796535        -5.73018126E-11
   15.4064465        -7.18165041E-11
   15.5332394        -8.65613622E-11
   15.6600313        -1.00731680E-10
   15.7868242        -1.13324607E-10
   15.9136171        -1.23150226E-10
   16.0404091        -1.28859937E-10
   16.1672020        -1.28993455E-10
   16.2939949        -1.22046429E-10
   16.4207878        -1.06557985E-10
   16.5475807        -8.12170331E-11
   16.6743736        -4.49837945E-11
   16.8011646         2.77863258E-12
   16.9279575         6.21693322E-11
   17.0547504         1.32619721E-10
   17.1815434         2.12778295E-10
   17.3083363         3.00420772E-10
   17.4351292         3.92395477E-10
   17.5619221         4.84613738E-10
   17.6887150         5.72096870E-10
   17.8155060         6.49082510E-10
   17.9422989         7.09198422E-10
   18.0690918         7.45703721E-10
   18.1958847         7.51794460E-10
   18.3226776         7.20966675E-10
   18.4494705         6.47427167E-10
   18.5762634         5.26535260E-10
   18.7030544         3.55254798E-10
   18.8298473         1.32595657E-10
   18.9566402        -1.39983372E-10
   19.0834332        -4.58237087E-10
   19.2102261        -8.14889711E-10
   19.3370190        -1.19951005E-09
   19.4638119        -1.59852942E-09
   19.5906048        -1.99542383E-09
   19.7173958        -2.37107045E-09
   19.8441887        -2.70428147E-09
   19.9709816        -2.97252489E-09
   20.0977745        -3.15279980E-09
   20.2245674        -3.22266391E-09
   20.3513603        -3.16137116E-09
   20.4781532        -2.95107960E-09
   20.6049442        -2.57808819E-09
   20.7317371        -2.03404182E-09
   20.8585300        -1.31704447E-09
   20.9853230        -4.32625602E-10
   21.1121159         6.05505812E-10
   21.2389088         1.77498394E-09
   21.3657017         3.04462944E-09
   21.4924946         4.37465886E-09
   21.6192856         5.71731240E-09
   21.7460785         7.01789382E-09
   21.8728714         8.21624191E-09
   21.9996643         9.24861787E-09
   22.1264572         1.00499822E-08
   22.2532501         1.05565734E-08
   22.3800430         1.07087654E-08
   22.5068340         1.04540749E-08
   22.6336269         9.75019976E-09
   22.7604198         8.56800497E-09
   22.8872128         6.89427537E-09
   23.0140057         4.73412731E-09
   23.1407986         2.11291296E-09
   23.2675915        -9.22490750E-10
   23.3943844        -4.30315250E-09
   23.5211754        -7.93841348E-09
   23.6479683        -1.17171206E-08
   23.7747612        -1.55098761E-08
   23.9015541        -1.91722123E-08
   24.0283470        -2.25487735E-08
   24.1551399        -2.54783199E-08
   24.2819328        -2.77995298E-08
   24.4087238        -2.93573592E-08
   24.5355167        -3.00097831E-08
   24.6623096        -2.96347498E-08
   24.7891026        -2.81368635E-08
   24.9158955        -2.54538417E-08
   25.0426884        -2.15620855E-08
   25.1694813        -1.64813247E-08
   25.2962742        -1.02779527E-08
   25.4230652        -3.06679193E-09
   25.5498581         4.98891195E-09
   25.6766510         1.36793821E-08
   25.8034439         2.27522268E-08
   25.9302368         3.19183755E-08
   26.0570297         4.08599199E-08
   26.1838226         4.92398158E-08
   26.3106136         5.67129916E-08
   26.4374065         6.29387671E-08
   26.5641994         6.75939802E-08
   26.6909924         7.03864984E-08
   26.8177853         7.10684418E-08
   26.9445782         6.94487383E-08
   27.0713711         6.54043006E-08
   27.1981640         5.88893805E-08
   27.3249550         4.99425461E-08
   27.4517479         3.86909349E-08
   27.5785408         2.53512393E-08
   27.7053337         1.02274038E-08
   27.8321266        -6.29520480E-09
   27.9589195        -2.37591316E-08
   28.0857124        -4.16474393E-08
   28.2125034        -5.93993832E-08
   28.3392963        -7.64285346E-08
   28.4660892        -9.21428764E-08
   28.5928822        -1.05966208E-07
   28.7196751        -1.17359917E-07
   28.8464680        -1.25844338E-07
   28.9732609        -1.31018808E-07
   29.1000538        -1.32579601E-07
   29.2268448        -1.30334897E-07
   29.3536377        -1.24215759E-07
   29.4804306        -1.14282940E-07
   29.6072235        -1.00728947E-07
   29.7340164        -8.38745322E-08
   29.8608093        -6.41605098E-08
   29.9876022        -4.21341397E-08
   30.1143932        -1.84308870E-08
   30.2411861         6.24781604E-09
   30.3679790         3.11602797E-08
   30.4947720         5.55526007E-08
   30.6215649         7.86877692E-08
   30.7483578         9.98750238E-08
   30.8751507         1.18497717E-07
   31.0019417         1.34038885E-07
   31.1287346         1.46102735E-07
   31.2555275         1.54431632E-07
   31.3823204         1.58917118E-07
   31.5091133         1.59604596E-07
   31.6359062         1.56691243E-07
   31.7626991         1.50517025E-07
   31.8894920         1.41548782E-07
   32.0162849         1.30358586E-07
   32.1430779         1.17596414E-07
   32.2698708         1.03959010E-07
   32.3966637         9.01555808E-08
   32.5234528         7.68725243E-08
   32.6502457         6.47384155E-08
   32.7770386         5.42909646E-08
   32.9038315         4.59477185E-08
   33.0306244         3.99818809E-08
   33.1574173         3.65043853E-08
   33.2842102         3.54536525E-08
   33.4110031         3.65932245E-08
   33.5377960         3.95179001E-08
   33.6645889         4.36682832E-08
   33.7913818         4.83528559E-08
   33.9181747         5.27775654E-08
   34.0449677         5.60808004E-08
   34.1717606         5.73728229E-08
   34.2985535         5.57777078E-08
   34.4253426         5.04757303E-08
   34.5521355         4.07451317E-08
   34.6789284         2.59995740E-08
   34.8057213         5.82149484E-09
   34.9325142        -2.00117665E-08
   35.0593071        -5.15095557E-08
   35.1861000        -8.84581723E-08
   35.3128929        -1.30420972E-07
   35.4396858        -1.76747704E-07
   35.5664787        -2.26592036E-07
   35.6932716        -2.78938444E-07
   35.8200645        -3.32634841E-07
   35.9468575        -3.86430230E-07
   36.0736504        -4.39015992E-07
   36.2004433        -4.89066906E-07
   36.3272324        -5.35282084E-07
   36.4540253        -5.76421542E-07
   36.5808182        -6.11336759E-07
   36.7076111        -6.38994720E-07
   36.8344040        -6.58493605E-07
   36.9611969        -6.69067106E-07
   37.0879898        -6.70083978E-07
   37.2147827        -6.61032402E-07
   37.3415756        -6.41501913E-07
   37.4683685        -6.11157702E-07
   37.5951614        -5.69708789E-07
   37.7219543        -5.16880334E-07
   37.8487473        -4.52382977E-07
   37.9755402        -3.75889954E-07
   38.1023293        -2.87025358E-07
   38.2291222        -1.85358175E-07
   38.3559151        -7.04167604E-08
   38.4827080         5.82855648E-08
   38.6095009         2.01203179E-07
   38.7362938         3.58696354E-07
   38.8630867         5.30949876E-07
   38.9898796         7.17876503E-07
   39.1166725         9.19008528E-07
   39.2434654         1.13337796E-06
   39.3702583         1.35939240E-06
   39.4970512         1.59471256E-06
   39.6238441         1.83613474E-06
   39.7506371         2.07948233E-06
   39.8774300         2.31952231E-06
   40.0042191         2.54989845E-06
   40.1310120         2.76309834E-06
   40.2578049         2.95045743E-06
   40.3845978         3.10218752E-06
   40.5113907         3.20746403E-06
   40.6381836         3.25454198E-06
   40.7649765         3.23091194E-06
   40.8917694         3.12350767E-06
   41.0185623         2.91892889E-06
   41.1453552         2.60371053E-06
   41.2721481         2.16460694E-06
   41.3989410         1.58889532E-06
   41.5257339         8.64675371E-07
   41.6525269        -1.88164986E-08
   41.7793198        -1.07092376E-06
   41.9061089        -2.29930015E-06
   42.0329018        -3.70967655E-06
   42.1596947        -5.30566649E-06
   42.2864876        -7.08861990E-06
   42.4132805        -9.05754951E-06
   42.5400734        -1.12090866E-05
   42.6668663        -1.35375412E-05
   42.7936592        -1.60349809E-05
   42.9204521        -1.86914167E-05
   43.0472450        -2.14950178E-05
   43.1740379        -2.44324074E-05
   43.3008308        -2.74889517E-05
   43.4276237        -3.06491711E-05
   43.5544167        -3.38970931E-05
   43.6812096        -3.72166360E-05
   43.8079987        -4.05920473E-05
   43.9347916        -4.40082586E-05
   44.0615845        -4.74512126E-05
   44.1883774        -5.09081983E-05
   44.3151703        -5.43681235E-05
   44.4419632        -5.78216132E-05
   44.5687561        -6.12612203E-05
   44.6955490        -6.46813569E-05
   44.8223419        -6.80783269E-05
   44.9491348        -7.14501439E-05
   45.0759277        -7.47963131E-05
   45.2027206        -7.81175040E-05
   45.3295135        -8.14151790E-05
   45.4563065        -8.46912444E-05
   45.5830994        -8.79475047E-05
   45.7098885        -9.11851384E-05
   45.8366814        -9.44043713E-05
   45.9634743        -9.76037772E-05
   46.0902672        -1.00779915E-04
   46.2170601        -1.03926890E-04
   46.3438530        -1.07036118E-04
   46.4706459        -1.10095920E-04
   46.5974388        -1.13091512E-04
   46.7242317        -1.16004878E-04
   46.8510246        -1.18814918E-04
   46.9778175        -1.21497695E-04
   47.1046104        -1.24026687E-04
   47.2314034        -1.26373416E-04
   47.3581963        -1.28507934E-04
   47.4849892        -1.30399581E-04
   47.6117783        -1.32017783E-04
   47.7385712        -1.33332942E-04
   47.8653641        -1.34317292E-04
   47.9921570        -1.34945891E-04
   48.1189499        -1.35197552E-04
   48.2457428        -1.35055656E-04
   48.3725357        -1.34509028E-04
   48.4993286        -1.33552705E-04
   48.6261215        -1.32188317E-04
   48.7529144        -1.30424858E-04
   48.8797073        -1.28278625E-04
   49.0065002        -1.25773557E-04
   49.1332932        -1.22940983E-04
   49.2600861        -1.19819328E-04
   49.3868790        -1.16453732E-04
   49.5136681        -1.12895206E-04
   49.6404610        -1.09199842E-04
   49.7672539        -1.05427745E-04
   49.8940468        -1.01641919E-04
   50.0208397        -9.79069446E-05
   50.1476326        -9.42877377E-05
   50.2744255        -9.08480943E-05
   50.4012184        -8.76493796E-05
   50.5280113        -8.47491829E-05
   50.6548042        -8.22001311E-05
   50.7815971        -8.00486814E-05
   50.9083900        -7.83341457E-05
   51.0351830        -7.70879269E-05
   51.1619759        -7.63328208E-05
   51.2887688        -7.60826370E-05
   51.4155579        -7.63419448E-05
   51.5423508        -7.71061823E-05
   51.6691437        -7.83617725E-05
   51.7959366        -8.00866401E-05
   51.9227295        -8.22508300E-05
   52.0495224        -8.48173295E-05
   52.1763153        -8.77429920E-05
   52.3031082        -9.09796290E-05
   52.4299011        -9.44751009E-05
   52.5566940        -9.81746343E-05
   52.6834869        -1.02021964E-04
   52.8102798        -1.05960455E-04
   52.9370728        -1.09934488E-04
   53.0638657        -1.13890215E-04
   53.1906586        -1.17776719E-04
   53.3174477        -1.21546829E-04
   53.4442406        -1.25157734E-04
   53.5710335        -1.28571570E-04
   53.6978264        -1.31755733E-04
   53.8246193        -1.34683098E-04
   53.9514122        -1.37332157E-04
   54.0782051        -1.39686817E-04
   54.2049980        -1.41736193E-04
   54.3317909        -1.43474317E-04
   54.4585838        -1.44899677E-04
   54.5853767        -1.46014732E-04
   54.7121696        -1.46825347E-04
   54.8389626        -1.47340252E-04
   54.9657555        -1.47570492E-04
   55.0925484        -1.47528946E-04
   55.2193375        -1.47229686E-04
   55.3461304        -1.46687686E-04
   55.4729233        -1.45918428E-04
   55.5997162        -1.44937658E-04
   55.7265091        -1.43761106E-04
   55.8533020        -1.42404446E-04
   55.9800949        -1.40883276E-04
   56.1068878        -1.39213138E-04
   56.2336807        -1.37409530E-04
   56.3604736        -1.35488226E-04
   56.4872665        -1.33465335E-04
   56.6140594        -1.31357418E-04
   56.7408524        -1.29181892E-04
   56.8676453        -1.26956947E-04
   56.9944382        -1.24701823E-04
   57.1212273        -1.22436773E-04
   57.2480202        -1.20183155E-04
   57.3748131        -1.17963311E-04
   57.5016060        -1.15800452E-04
   57.6283989        -1.13718364E-04
   57.7551918        -1.11741276E-04
   57.8819847        -1.09893219E-04
   58.0087776        -1.08197884E-04
   58.1355705        -1.06677951E-04
   58.2623634        -1.05354658E-04
   58.3891563        -1.04247243E-04
   58.5159492        -1.03372549E-04
   58.6427422        -1.02744314E-04
   58.7695351        -1.02372927E-04
   58.8963280        -1.02264974E-04
   59.0231171        -1.02422870E-04
   59.1499100        -1.02844831E-04
   59.2767029        -1.03524595E-04
   59.4034958        -1.04451516E-04
   59.5302887        -1.05610707E-04
   59.6570816        -1.06983221E-04
   59.7838745        -1.08546490E-04
   59.9106674        -1.10274639E-04
   60.0374603        -1.12139169E-04
   60.1642532        -1.14109462E-04
   60.2910461        -1.16153467E-04
   60.4178391        -1.18238371E-04
   60.5446320        -1.20331337E-04
   60.6714249        -1.22400161E-04
   60.7982178        -1.24413957E-04
   60.9250069        -1.26343657E-04
   61.0517998        -1.28162807E-04
   61.1785927        -1.29847715E-04
   61.3053856        -1.31378081E-04
   61.4321785        -1.32737143E-04
   61.5589714        -1.33911948E-04
   61.6857643        -1.34893344E-04
   61.8125572        -1.35676033E-04
   61.9393501        -1.36258474E-04
   62.0661430        -1.36642630E-04
   62.1929359        -1.36833783E-04
   62.3197289        -1.36840201E-04
   62.4465218        -1.36672781E-04
   62.5733147        -1.36344635E-04
   62.7001076        -1.35870738E-04
   62.8268967        -1.35267459E-04
   62.9536896        -1.34552276E-04
   63.0804825        -1.33743219E-04
   63.2072754        -1.32858666E-04
   63.3340683        -1.31916939E-04
   63.4608612        -1.30936096E-04
   63.5876541        -1.29933600E-04
   63.7144470        -1.28926127E-04
   63.8412399        -1.27929539E-04
   63.9680328        -1.26958592E-04
   64.0948257        -1.26026964E-04
   64.2216187        -1.25147213E-04
   64.3484116        -1.24330661E-04
   64.4752045        -1.23587568E-04
   64.6019974        -1.22927013E-04
   64.7287903        -1.22357000E-04
   64.8555832        -1.21884565E-04
   64.9823761        -1.21515783E-04
   65.1091690        -1.21255878E-04
   65.2359619        -1.21109326E-04
   65.3627548        -1.21079989E-04
   65.4895477        -1.21171135E-04
   65.6163330        -1.21385594E-04
   65.7431259        -1.21725927E-04
   65.8699188        -1.22194469E-04
   65.9967117        -1.22793441E-04
   66.1235046        -1.23525097E-04
   66.2502975        -1.24391896E-04
   66.3770905        -1.25396415E-04
   66.5038834        -1.26541621E-04
   66.6306763        -1.27830761E-04
   66.7574692        -1.29267530E-04
   66.8842621        -1.30855900E-04
   67.0110550        -1.32600151E-04
   67.1378479        -1.34504779E-04
   67.2646408        -1.36574279E-04
   67.3914337        -1.38812960E-04
   67.5182266        -1.41224678E-04
   67.6450195        -1.43812504E-04
   67.7718124        -1.46578415E-04
   67.8986053        -1.49522792E-04
   68.0253983        -1.52644119E-04
   68.1521912        -1.55938484E-04
   68.2789841        -1.59399176E-04
   68.4057770        -1.63016361E-04
   68.5325699        -1.66776590E-04
   68.6593628        -1.70662621E-04
   68.7861557        -1.74653280E-04
   68.9129486        -1.78723276E-04
   69.0397415        -1.82843301E-04
   69.1665344        -1.86980178E-04
   69.2933273        -1.91097119E-04
   69.4201126        -1.95154469E-04
   69.5469055        -1.99109840E-04
   69.6736984        -2.02919415E-04
   69.8004913        -2.06538360E-04
   69.9272842        -2.09922204E-04
   70.0540771        -2.13027495E-04
   70.1808701        -2.15813299E-04
   70.3076630        -2.18242101E-04
   70.4344559        -2.20281145E-04
   70.5612488        -2.21903189E-04
   70.6880417        -2.23087773E-04
   70.8148346        -2.23821931E-04
   70.9416275        -2.24100892E-04
   71.0684204        -2.23928539E-04
   71.1952133        -2.23317620E-04
   71.3220062        -2.22289935E-04
   71.4487991        -2.20875867E-04
   71.5755920        -2.19114154E-04
   71.7023849        -2.17050867E-04
   71.8291779        -2.14738597E-04
   71.9559708        -2.12235303E-04
   72.0827637        -2.09602775E-04
   72.2095566        -2.06905199E-04
   72.3363495        -2.04207463E-04
   72.4631424        -2.01573494E-04
   72.5899353        -1.99064627E-04
   72.7167282        -1.96737747E-04
   72.8435211        -1.94643915E-04
   72.9703140        -1.92826934E-04
   73.0971069        -1.91322091E-04
   73.2238922        -1.90155130E-04
   73.3506851        -1.89341765E-04
   73.4774780        -1.88887032E-04
   73.6042709        -1.88785445E-04
   73.7310638        -1.89021128E-04
   73.8578568        -1.89568338E-04
   73.9846497        -1.90392515E-04
   74.1114426        -1.91451181E-04
   74.2382355        -1.92695545E-04
   74.3650284        -1.94071908E-04
   74.4918213        -1.95523535E-04
   74.6186142        -1.96992332E-04
   74.7454071        -1.98420705E-04
   74.8722000        -1.99753384E-04
   74.9989929        -2.00939088E-04
   75.1257858        -2.01931907E-04
   75.2525787        -2.02692841E-04
   75.3793716        -2.03190852E-04
   75.5061646        -2.03403324E-04
   75.6329575        -2.03316842E-04
   75.7597504        -2.02927171E-04
   75.8865433        -2.02238938E-04
   76.0133362        -2.01265211E-04
   76.1401291        -2.00026523E-04
   76.2669220        -1.98549853E-04
   76.3937149        -1.96867084E-04
   76.5205078        -1.95013548E-04
   76.6473007        -1.93026353E-04
   76.7740936        -1.90942592E-04
   76.9008865        -1.88797727E-04
   77.0276718        -1.86623816E-04
   77.1544647        -1.84448014E-04
   77.2812576        -1.82291609E-04
   77.4080505        -1.80168470E-04
   77.5348434        -1.78084752E-04
   77.6616364        -1.76038287E-04
   77.7884293        -1.74018773E-04
   77.9152222        -1.72007742E-04
   78.0420151        -1.69979714E-04
   78.1688080        -1.67902937E-04
   78.2956009        -1.65740872E-04
   78.4223938        -1.63453791E-04
   78.5491867        -1.61000615E-04
   78.6759796        -1.58340888E-04
   78.8027725        -1.55436879E-04
   78.9295654        -1.52255423E-04
   79.0563583        -1.48770137E-04
   79.1831512        -1.44963153E-04
   79.3099442        -1.40826538E-04
   79.4367371        -1.36363684E-04
   79.5635300        -1.31590437E-04
   79.6903229        -1.26535262E-04
   79.8171158        -1.21239631E-04
   79.9439087        -1.15757699E-04
   80.0707016        -1.10155495E-04
   80.1974945        -1.04509796E-04
   80.3242874        -9.89066320E-05
   80.4510803        -9.34393611E-05
   80.5778732        -8.82065797E-05
   80.7046585        -8.33096201E-05
   80.8314514        -7.88500984E-05
   80.9582443        -7.49273313E-05
   81.0850372        -7.16356953E-05
   81.2118301        -6.90622182E-05
   81.3386230        -6.72842434E-05
   81.4654160        -6.63673345E-05
   81.5922089        -6.63635292E-05
   81.7190018        -6.73100221E-05
   81.8457947        -6.92280883E-05
   81.9725876        -7.21225515E-05
   82.0993805        -7.59816539E-05
   82.2261734        -8.07774268E-05
   82.3529663        -8.64663525E-05
   82.4797592        -9.29905509E-05
   82.6065521        -1.00279292E-04
   82.7333450        -1.08250752E-04
   82.8601379        -1.16813964E-04
   82.9869308        -1.25871229E-04
   83.1137238        -1.35320181E-04
   83.2405167        -1.45056241E-04
   83.3673096        -1.54974754E-04
   83.4941025        -1.64973360E-04
   83.6208954        -1.74953675E-04
   83.7476883        -1.84823235E-04
   83.8744812        -1.94496781E-04
   84.0012741        -2.03897391E-04
   84.1280670        -2.12957340E-04
   84.2548599        -2.21618408E-04
   84.3816528        -2.29831887E-04
   84.5084381        -2.37558488E-04
   84.6352310        -2.44767638E-04
   84.7620239        -2.51436461E-04
   84.8888168        -2.57549225E-04
   85.0156097        -2.63095630E-04
   85.1424026        -2.68069649E-04
   85.2691956        -2.72468227E-04
   85.3959885        -2.76289997E-04
   85.5227814        -2.79534026E-04
   85.6495743        -2.82198802E-04
   85.7763672        -2.84281268E-04
   85.9031601        -2.85776361E-04
   86.0299530        -2.86676688E-04
   86.1567459        -2.86972412E-04
   86.2835388        -2.86651572E-04
   86.4103317        -2.85700546E-04
   86.5371246        -2.84105190E-04
   86.6639175        -2.81851535E-04
   86.7907104        -2.78927240E-04
   86.9175034        -2.75322847E-04
   87.0442963        -2.71033496E-04
   87.1710892        -2.66060088E-04
   87.2978821        -2.60410830E-04
   87.4246750        -2.54102546E-04
   87.5514679        -2.47161603E-04
   87.6782608        -2.39624816E-04
   87.8050537        -2.31539962E-04
   87.9318466        -2.22965726E-04
   88.0586395        -2.13971682E-04
   88.1854324        -2.04637545E-04
   88.3122177        -1.95052053E-04
   88.4390106        -1.85311714E-04
   88.5658035        -1.75518770E-04
   88.6925964        -1.65779231E-04
   88.8193893        -1.56200695E-04
   88.9461823        -1.46889302E-04
   89.0729752        -1.37947529E-04
   89.1997681        -1.29471373E-04
   89.3265610        -1.21547593E-04
   89.4533539        -1.14251314E-04
   89.5801468        -1.07643842E-04
   89.7069397        -1.01770631E-04
   89.8337326        -9.66598454E-05
   89.9605255        -9.23211992E-05
   90.0873184        -8.87454589E-05
   90.2141113        -8.59042775E-05
   90.3409042        -8.37508778E-05
   90.4676971        -8.22209840E-05
   90.5944901        -8.12345170E-05
   90.7212830        -8.06974349E-05
   90.8480759        -8.05046584E-05
   90.9748688        -8.05424133E-05
   91.1016617        -8.06918179E-05
   91.2284546        -8.08318073E-05
   91.3552475        -8.08428958E-05
   91.4820404        -8.06101671E-05
   91.6088333        -8.00266862E-05
   91.7356262        -7.89964979E-05
   91.8624191        -7.74372020E-05
   91.9892120        -7.52821288E-05
   92.1159973        -7.24822894E-05
   92.2427902        -6.90075321E-05
   92.3695831        -6.48472487E-05
   92.4963760        -6.00104577E-05
   92.6231689        -5.45252988E-05
   92.7499619        -4.84382035E-05
   92.8767548        -4.18121854E-05
   93.0035477        -3.47249188E-05
   93.1303406        -2.72664784E-05
   93.2571335        -1.95364719E-05
   93.3839264        -1.16413294E-05
   93.5107193        -3.69112399E-06
   93.6375122         4.20347487E-06
   93.7643051         1.19342794E-05
   93.8910980         1.93983306E-05
   94.0178909         2.65008348E-05
   94.1446838         3.31573247E-05
   94.2714767         3.92958136E-05
   94.3982697         4.48584142E-05
   94.5250626         4.98024310E-05
   94.6518555         5.41012196E-05
   94.7786484         5.77443279E-05
   94.9054413         6.07372385E-05
   95.0322342         6.31008588E-05
   95.1590271         6.48702116E-05
   95.2858200         6.60930600E-05
   95.4126129         6.68281209E-05
   95.5394058         6.71429952E-05
   95.6661987         6.71119269E-05
   95.7929916         6.68134016E-05
   95.9197769         6.63278552E-05
   96.0465698         6.57352139E-05
   96.1733627         6.51126466E-05
   96.3001556         6.45325345E-05
   96.4269485         6.40605285E-05
   96.5537415         6.37540215E-05
   96.6805344         6.36608384E-05
   96.8073273         6.38183701E-05
   96.9341202         6.42529776E-05
   97.0609131         6.49797803E-05
   97.1877060         6.60029400E-05
   97.3144989         6.73160466E-05
   97.4412918         6.89030203E-05
   97.5680847         7.07391519E-05
   97.6948776         7.27924416E-05
   97.8216705         7.50250329E-05
   97.9484634         7.73947322E-05
   98.0752563         7.98566107E-05
   98.2020493         8.23646260E-05
   98.3288422         8.48729323E-05
   98.4556351         8.73373501E-05
   98.5824280         8.97164282E-05
   98.7092209         9.19723898E-05
   98.8360138         9.40718164E-05
   98.9628067         9.59860554E-05
   99.0895996         9.76913652E-05
   99.2163925         9.91689521E-05
   99.3431854         1.00404635E-04
   99.4699783         1.01388367E-04
   99.5967712         1.02113729E-04
   99.7235565         1.02577156E-04
   99.8503494         1.02777296E-04
   99.9771423         1.02714177E-04
   100.103935         1.02388709E-04
   100.230728         1.01801932E-04
   100.357521         1.00954676E-04
   100.484314         9.98472751E-05
   100.611107         9.84794096E-05
   100.737900         9.68501772E-05
   100.864693         9.49583336E-05
   100.991486         9.28027584E-05
   101.118279         9.03828986E-05
   101.245071         8.76995109E-05
   101.371864         8.47552656E-05
   101.498657         8.15556195E-05
   101.625450         7.81094495E-05
   101.752243         7.44297286E-05
   101.879036         7.05341299E-05
   102.005829         6.64453619E-05
   102.132622         6.21914660E-05
   102.259415         5.78057516E-05
   102.386208         5.33266902E-05
   102.513000         4.87974248E-05
   102.639793         4.42650598E-05
   102.766586         3.97798431E-05
   102.893379         3.53939940E-05
   103.020172         3.11604854E-05
   103.146965         2.71316258E-05
   103.273758         2.33575320E-05
   103.400551         1.98846519E-05
   103.527336         1.67541784E-05
   103.654129         1.40006468E-05
   103.780922         1.16506126E-05
   103.907715         9.72148155E-06
   104.034508         8.22059974E-06
   104.161301         7.14465750E-06
   104.288094         6.47926800E-06
   104.414886         6.19902357E-06
   104.541679         6.26779229E-06
   104.668472         6.63936544E-06
   104.795265         7.25849759E-06
   104.922058         8.06218031E-06
   105.048851         8.98121652E-06
   105.175644         9.94198035E-06
   105.302437         1.08684471E-05
   105.429230         1.16841738E-05
   105.556023         1.23144619E-05
   105.682816         1.26883742E-05
   105.809608         1.27407266E-05
   105.936401         1.24138460E-05
   106.063194         1.16591673E-05
   106.189987         1.04384962E-05
   106.316780         8.72494547E-06
   106.443573         6.50353604E-06
   106.570366         3.77141350E-06
   106.697159         5.37714755E-07
   106.823952        -3.17699414E-06
   106.950745        -7.34157311E-06
   107.077538        -1.19154602E-05
   107.204330        -1.68501028E-05
   107.331116        -2.20905913E-05
   107.457909        -2.75773946E-05
   107.584702        -3.32482050E-05
   107.711494        -3.90397181E-05
   107.838287        -4.48893952E-05
   107.965080        -5.07370969E-05
   108.091873        -5.65264636E-05
   108.218666        -6.22061561E-05
   108.345459        -6.77307835E-05
   108.472252        -7.30615138E-05
   108.599045        -7.81664057E-05
   108.725838        -8.30205317E-05
   108.852631        -8.76056147E-05
   108.979424        -9.19096710E-05
   109.106216        -9.59261597E-05
   109.233009        -9.96532108E-05
   109.359802        -1.03092563E-04
   109.486595        -1.06248452E-04
   109.613388        -1.09126544E-04
   109.740181        -1.11732857E-04
   109.866974        -1.14072791E-04
   109.993767        -1.16150339E-04
   110.120560        -1.17967269E-04
   110.247353        -1.19522760E-04
   110.374146        -1.20813260E-04
   110.500938        -1.21832243E-04
   110.627731        -1.22570738E-04
   110.754524        -1.23017540E-04
   110.881317        -1.23160033E-04
   111.008102        -1.22984944E-04
   111.134895        -1.22479396E-04
   111.261688        -1.21631929E-04
   111.388481        -1.20433622E-04
   111.515274        -1.18879194E-04
   111.642067        -1.16968098E-04
   111.768860        -1.14705392E-04
   111.895653        -1.12102556E-04
   112.022446        -1.09178072E-04
   112.149239        -1.05957704E-04
   112.276031        -1.02474703E-04
   112.402824        -9.87694802E-05
   112.529617        -9.48892630E-05
   112.656410        -9.08872389E-05
   112.783203        -8.68216084E-05
   112.909996        -8.27543554E-05
   113.036789        -7.87497411E-05
   113.163582        -7.48727689E-05
   113.290375        -7.11874454E-05
   113.417168        -6.77550634E-05
   113.543961        -6.46324552E-05
   113.670753        -6.18703489E-05
   113.797546        -5.95117999E-05
   113.924339        -5.75908925E-05
   114.051132        -5.61316228E-05
   114.177925        -5.51470803E-05
   114.304718        -5.46389019E-05
   114.431511        -5.45971270E-05
   114.558304        -5.50003497E-05
   114.685097        -5.58161737E-05
   114.811882        -5.70021402E-05
   114.938675        -5.85067319E-05
   115.065468        -6.02708897E-05
   115.192261        -6.22295920E-05
   115.319054        -6.43136373E-05
   115.445847        -6.64516410E-05
   115.572639        -6.85718333E-05
   115.699432        -7.06041828E-05
   115.826225        -7.24821293E-05
   115.953018        -7.41444019E-05
   116.079811        -7.55364672E-05
   116.206604        -7.66118756E-05
   116.333397        -7.73332722E-05
   116.460190        -7.76730303E-05
   116.586983        -7.76138040E-05
   116.713776        -7.71485065E-05
   116.840569        -7.62801283E-05
   116.967361        -7.50211984E-05
   117.094154        -7.33931447E-05
   117.220947        -7.14252237E-05
   117.347740        -6.91534733E-05
   117.474533        -6.66194464E-05
   117.601326        -6.38688871E-05
   117.728119        -6.09504132E-05
   117.854912        -5.79141815E-05
   117.981705        -5.48106764E-05
   118.108498        -5.16894688E-05
   118.235291        -4.85982564E-05
   118.362083        -4.55819099E-05
   118.488876        -4.26817496E-05
   118.615662        -3.99349519E-05
   118.742455        -3.73741277E-05
   118.869247        -3.50270639E-05
   118.996040        -3.29165705E-05
   119.122833        -3.10605210E-05
   119.249626        -2.94718957E-05
   119.376419        -2.81590819E-05
   119.503212        -2.71260997E-05
   119.630005        -2.63729944E-05
   119.756798        -2.58962336E-05
   119.883591        -2.56891562E-05
   120.010384        -2.57424654E-05
   120.137177        -2.60446723E-05
   120.263969        -2.65826293E-05
   120.390762        -2.73420137E-05
   120.517555        -2.83078080E-05
   120.644348        -2.94647543E-05
   120.771141        -3.07978189E-05
   120.897934        -3.22925589E-05
   121.024727        -3.39354956E-05
   121.151520        -3.57144090E-05
   121.278313        -3.76185380E-05
   121.405106        -3.96387186E-05
   121.531898        -4.17674746E-05
   121.658691        -4.39988871E-05
   121.785484        -4.63285069E-05
   121.912277        -4.87530742E-05
   122.039070        -5.12701808E-05
   122.165863        -5.38778149E-05
   122.292656        -5.65738628E-05
   122.419441        -5.93555487E-05
   122.546234        -6.22187872E-05
   122.673027        -6.51576338E-05
   122.799820        -6.81636302E-05
   122.926613        -7.12253022E-05
   123.053406        -7.43276178E-05
   123.180199        -7.74516884E-05
   123.306992        -8.05744639E-05
   123.433784        -8.36686886E-05
   123.560577        -8.67029521E-05
   123.687370        -8.96419588E-05
   123.814163        -9.24469859E-05
   123.940956        -9.50764879E-05
   124.067749        -9.74869836E-05
   124.194542        -9.96338858E-05
   124.321335        -1.01472826E-04
   124.448128        -1.02960679E-04
   124.574921        -1.04056984E-04
   124.701714        -1.04725252E-04
   124.828506        -1.04934217E-04
   124.955299        -1.04659259E-04
   125.082092        -1.03883351E-04
   125.208885        -1.02598286E-04
   125.335678        -1.00805402E-04
   125.462471        -9.85162478E-05
   125.589264        -9.57529119E-05
   125.716057        -9.25481872E-05
   125.842850        -8.89453004E-05
   125.969643        -8.49974822E-05
   126.096436        -8.07671240E-05
   126.223221        -7.63247735E-05
   126.350014        -7.17476432E-05
   126.476807        -6.71181842E-05
   126.603600        -6.25221583E-05
   126.730392        -5.80467167E-05
   126.857185        -5.37783708E-05
   126.983978        -4.98007466E-05
   127.110771        -4.61925592E-05
   127.237564        -4.30254549E-05
   127.364357        -4.03620797E-05
   127.491150        -3.82542858E-05
   127.617943        -3.67416324E-05
   127.744736        -3.58500693E-05
   127.871529        -3.55910815E-05
   127.998322        -3.59610967E-05
   128.125107        -3.69413756E-05
   128.251907        -3.84982595E-05
   128.378693        -4.05838546E-05
   128.505493        -4.31371009E-05
   128.632278        -4.60852607E-05
   128.759079        -4.93457264E-05
   128.885864        -5.28281198E-05
   129.012665        -5.64366746E-05
   129.139450        -6.00727399E-05
   129.266251        -6.36374680E-05
   129.393036        -6.70344671E-05
   129.519836        -7.01724275E-05
   129.646622        -7.29676030E-05
   129.773422        -7.53461572E-05
   129.900208        -7.72460990E-05
   130.027008        -7.86190722E-05
   130.153793        -7.94315856E-05
   130.280594        -7.96658787E-05
   130.407379        -7.93204017E-05
   130.534180        -7.84096919E-05
   130.660965        -7.69639664E-05
   130.787766        -7.50280888E-05
   130.914551        -7.26602375E-05
   131.041351        -6.99301454E-05
   131.168137        -6.69171714E-05
   131.294937        -6.37078920E-05
   131.421722        -6.03937697E-05
   131.548523        -5.70685297E-05
   131.675308        -5.38257118E-05
   131.802109        -5.07561454E-05
   131.928894        -4.79456321E-05
   132.055679        -4.54728106E-05
   132.182480        -4.34073118E-05
   132.309265        -4.18082163E-05
   132.436066        -4.07228254E-05
   132.562851        -4.01858779E-05
   132.689651        -4.02190235E-05
   132.816437        -4.08307933E-05
   132.943237        -4.20167744E-05
   133.070023        -4.37602394E-05
   133.196823        -4.60329284E-05
   133.323608        -4.87961697E-05
   133.450409        -5.20021167E-05
   133.577194        -5.55951374E-05
   133.703995        -5.95133024E-05
   133.830780        -6.36899276E-05
   133.957581        -6.80550875E-05
   134.084366        -7.25370846E-05
   134.211166        -7.70639163E-05
   134.337952        -8.15645617E-05
   134.464752        -8.59701904E-05
   134.591537        -9.02153333E-05
   134.718338        -9.42387778E-05
   134.845123        -9.79843753E-05
   134.971924        -1.01401813E-04
   135.098709        -1.04447106E-04
   135.225510        -1.07083048E-04
   135.352295        -1.09279485E-04
   135.479095        -1.11013549E-04
   135.605881        -1.12269670E-04
   135.732666        -1.13039605E-04
   135.859467        -1.13322210E-04
   135.986252        -1.13123351E-04
   136.113052        -1.12455476E-04
   136.239838        -1.11337307E-04
   136.366638        -1.09793378E-04
   136.493423        -1.07853506E-04
   136.620224        -1.05552288E-04
   136.747009        -1.02928374E-04
   136.873810        -1.00023848E-04
   137.000595        -9.68836321E-05
   137.127396        -9.35546777E-05
   137.254181        -9.00852319E-05
   137.380981        -8.65242619E-05
   137.507767        -8.29205674E-05
   137.634567        -7.93222425E-05
   137.761353        -7.57758899E-05
   137.888153        -7.23260528E-05
   138.014938        -6.90145534E-05
   138.141739        -6.58799618E-05
   138.268524        -6.29570495E-05
   138.395325        -6.02762775E-05
   138.522110        -5.78634317E-05
   138.648911        -5.57390558E-05
   138.775696        -5.39183602E-05
   138.902496        -5.24107018E-05
   139.029282        -5.12195038E-05
   139.156082        -5.03421070E-05
   139.282867        -4.97696856E-05
   139.409653        -4.94873348E-05
   139.536453        -4.94742453E-05
   139.663239        -4.97039509E-05
   139.790039        -5.01448012E-05
   139.916824        -5.07605000E-05
   140.043625        -5.15107386E-05
   140.170410        -5.23520539E-05
   140.297211        -5.32387712E-05
   140.423996        -5.41240406E-05
   140.550797        -5.49609176E-05
   140.677582        -5.57035601E-05
   140.804382        -5.63084941E-05
   140.931168        -5.67356874E-05
   141.057968        -5.69497824E-05
   141.184753        -5.69210861E-05
   141.311554        -5.66264680E-05
   141.438339        -5.60502158E-05
   141.565140        -5.51844532E-05
   141.691925        -5.40295878E-05
   141.818726        -5.25944342E-05
   141.945511        -5.08960584E-05
   142.072311        -4.89595441E-05
   142.199097        -4.68174221E-05
   142.325897        -4.45089536E-05
   142.452682        -4.20792676E-05
   142.579483        -3.95783209E-05
   142.706268        -3.70598100E-05
   142.833069        -3.45799453E-05
   142.959854        -3.21962289E-05
   143.086655        -2.99661879E-05
   143.213440        -2.79461474E-05
   143.340225        -2.61900241E-05
   143.467026        -2.47481803E-05
   143.593811        -2.36663564E-05
   143.720612        -2.29846974E-05
   143.847397        -2.27368892E-05
   143.974197        -2.29494090E-05
   144.100983        -2.36409342E-05
   144.227783        -2.48218439E-05
   144.354568        -2.64939463E-05
   144.481369        -2.86502909E-05
   144.608154        -3.12751690E-05
   144.734955        -3.43443062E-05
   144.861740        -3.78251643E-05
   144.988541        -4.16774565E-05
   145.115326        -4.58537834E-05
   145.242126        -5.03004303E-05
   145.368912        -5.49583128E-05
   145.495712        -5.97640174E-05
   145.622498        -6.46509507E-05
   145.749298        -6.95505951E-05
   145.876083        -7.43937344E-05
   146.002884        -7.91117418E-05
   146.129669        -8.36379622E-05
   146.256470        -8.79087820E-05
   146.383255        -9.18649821E-05
   146.510056        -9.54526768E-05
   146.636841        -9.86243249E-05
   146.763641        -1.01339530E-04
   146.890427        -1.03565653E-04
   147.017212        -1.05278254E-04
   147.144012        -1.06461441E-04
   147.270798        -1.07107779E-04
   147.397598        -1.07218366E-04
   147.524384        -1.06802428E-04
   147.651184        -1.05876847E-04
   147.777969        -1.04465675E-04
   147.904770        -1.02599282E-04
   148.031555        -1.00313686E-04
   148.158356        -9.76495867E-05
   148.285141        -9.46515211E-05
   148.411942        -9.13669428E-05
   148.538727        -8.78452920E-05
   148.665527        -8.41372530E-05
   148.792313        -8.02938666E-05
   148.919113        -7.63659191E-05
   149.045898        -7.24032870E-05
   149.172699        -6.84543629E-05
   149.299484        -6.45656837E-05
   149.426285        -6.07814982E-05
   149.553070        -5.71434393E-05
   149.679871        -5.36903244E-05
   149.806656        -5.04579148E-05
   149.933456        -4.74787739E-05
   150.060242        -4.47820639E-05
   150.187042        -4.23934762E-05
   150.313828        -4.03350896E-05
   150.440628        -3.86252796E-05
   150.567413        -3.72786053E-05
   150.694214        -3.63057625E-05
   150.820999        -3.57134522E-05
   150.947784        -3.55043558E-05
   151.074585        -3.56770688E-05
   151.201370        -3.62260980E-05
   151.328171        -3.71418246E-05
   151.454956        -3.84105406E-05
   151.581757        -4.00144818E-05
   151.708542        -4.19319222E-05
   151.835342        -4.41372904E-05
   151.962128        -4.66013080E-05
   152.088928        -4.92912477E-05
   152.215714        -5.21711336E-05
   152.342514        -5.52021702E-05
   152.469299        -5.83430374E-05
   152.596100        -6.15504468E-05
   152.722885        -6.47796260E-05
   152.849686        -6.79849691E-05
   152.976471        -7.11207103E-05
   153.103271        -7.41416952E-05
   153.230057        -7.70040933E-05
   153.356857        -7.96663444E-05
   153.483643        -8.20899222E-05
   153.610443        -8.42402223E-05
   153.737228        -8.60873261E-05
   153.864029        -8.76068079E-05
   153.990814        -8.87802962E-05
   154.117615        -8.95961202E-05
   154.244400        -9.00496161E-05
   154.371201        -9.01433887E-05
   154.497986        -8.98873768E-05
   154.624771        -8.92986354E-05
   154.751572        -8.84010806E-05
   154.878357        -8.72248420E-05
   155.005157        -8.58055719E-05
   155.131943        -8.41834699E-05
   155.258743        -8.24022864E-05
   155.385529        -8.05079544E-05
   155.512329        -7.85474913E-05
   155.639114        -7.65674558E-05
   155.765915        -7.46127334E-05
   155.892700        -7.27251172E-05
   156.019501        -7.09420710E-05
   156.146286        -6.92956382E-05
   156.273087        -6.78114593E-05
   156.399872        -6.65080297E-05
   156.526672        -6.53962052E-05
   156.653458        -6.44789397E-05
   156.780258        -6.37513440E-05
   156.907043        -6.32009396E-05
   157.033844        -6.28083217E-05
   157.160629        -6.25479806E-05
   157.287430        -6.23894011E-05
   157.414215        -6.22983134E-05
   157.541016        -6.22381194E-05
   157.667801        -6.21714717E-05
   157.794601        -6.20617793E-05
   157.921387        -6.18747945E-05
   158.048187        -6.15800745E-05
   158.174973        -6.11523210E-05
   158.301773        -6.05726127E-05
   158.428558        -5.98292536E-05
   158.555344        -5.89185474E-05
   158.682144        -5.78451691E-05
   158.808929        -5.66222625E-05
   158.935730        -5.52712336E-05
   159.062515        -5.38212371E-05
   159.189316        -5.23083727E-05
   159.316101        -5.07746008E-05
   159.442902        -4.92664221E-05
   159.569687        -4.78333604E-05
   159.696487        -4.65262638E-05
   159.823273        -4.53955909E-05
   159.950073        -4.44895486E-05
   160.076859        -4.38523093E-05
   160.203659        -4.35223192E-05
