  -4.50000000         0.00000000    
  -4.37320757         0.00000000    
  -4.24641466         0.00000000    
  -4.11962223         0.00000000    
  -3.99282932         0.00000000    
  -3.86603665         0.00000000    
  -3.73924398         0.00000000    
  -3.61245155         7.16067101E-31
  -3.48565888         2.95901776E-30
  -3.35886621         3.33730257E-29
  -3.23207355         1.46845923E-28
  -3.10528088         6.37132437E-28
  -2.97848821         3.28136477E-27
  -2.85169554         1.65843337E-26
  -2.72490287         7.06270127E-26
  -2.59811020         2.46638718E-25
  -2.47131753         7.13481647E-25
  -2.34452486         1.72876580E-24
  -2.21773219         3.51330958E-24
  -2.09093952         5.88987652E-24
  -1.96414697         7.68067084E-24
  -1.83735430         6.16859054E-24
  -1.71056163        -2.59840093E-24
  -1.58376896        -2.15666336E-23
  -1.45697629        -4.78913574E-23
  -1.33018374        -6.69376751E-23
  -1.20339108        -4.97524823E-23
  -1.07659841         3.81556022E-23
 -0.949805737         2.09442305E-22
 -0.823013067         4.10080544E-22
 -0.696220458         4.76000336E-22
 -0.569427788         1.32152844E-22
 -0.442635119        -9.13596349E-22
 -0.315842479        -2.74916162E-21
 -0.189049825        -4.94377902E-21
  -6.22571707E-02    -6.28207123E-21
   6.45354837E-02    -4.79340260E-21
  0.191328138         1.65165784E-21
  0.318120778         1.40464380E-20
  0.444913447         3.04699055E-20
  0.571706116         4.45299435E-20
  0.698498726         4.51698646E-20
  0.825291395         1.90672256E-20
  0.952084064        -4.36945622E-20
   1.07887673        -1.41293280E-19
   1.20566940        -2.51597013E-19
   1.33246195        -3.27492799E-19
   1.45925462        -3.00977111E-19
   1.58604729        -9.97418454E-20
   1.71283996         3.23424130E-19
   1.83963263         9.53397931E-19
   1.96642530         1.67845338E-18
   2.09321785         2.27398402E-18
   2.22001052         2.41958001E-18
   2.34680319         1.75970268E-18
   2.47359586         7.62913203E-21
   2.60038853        -2.92171980E-18
   2.72718120        -6.77828728E-18
   2.85397387        -1.08801241E-17
   2.98076653        -1.40916719E-17
   3.10755920        -1.49070007E-17
   3.23435187        -1.16518291E-17
   3.36114454        -2.79926294E-18
   3.48793697         1.26231385E-17
   3.61472964         3.45699921E-17
   3.74152231         6.15040086E-17
   3.86831498         8.99714956E-17
   3.99510765         1.14314958E-16
   4.12190056         1.26653554E-16
   4.24869299         1.17311403E-16
   4.37548542         7.59063943E-17
   4.50227833        -6.71652294E-18
   4.62907076        -1.35650699E-16
   4.75586367        -3.08393605E-16
   4.88265610        -5.11185072E-16
   5.00944901        -7.16206326E-16
   5.13624144        -8.80953811E-16
   5.26303434        -9.51173001E-16
   5.38982677        -8.68393795E-16
   5.51661968        -5.82263153E-16
   5.64341211        -6.65774315E-17
   5.77020502         6.63603039E-16
   5.89699745         1.53775179E-15
   6.02379036         2.42334432E-15
   6.15058279         3.13147467E-15
   6.27737522         3.43755743E-15
   6.40416813         3.11728136E-15
   6.53096056         1.99442844E-15
   6.65775347        -6.42046879E-18
   6.78454590        -2.81207802E-15
   6.91133881        -6.16874360E-15
   7.03813124        -9.63569434E-15
   7.16492414        -1.26114151E-14
   7.29171658        -1.43940510E-14
   7.41850948        -1.42724899E-14
   7.54530191        -1.16390069E-14
   7.67209482        -6.11030933E-15
   7.79888725         2.35861322E-15
   7.92567968         1.33840735E-14
   8.05247211         2.61020013E-14
   8.17926502         3.91684535E-14
   8.30605793         5.08231220E-14
   8.43285084         5.90229092E-14
   8.55964279         6.16477491E-14
   8.68643570         5.67733320E-14
   8.81322861         4.29955483E-14
   8.94002151         1.97787716E-14
   9.06681347        -1.22137484E-14
   9.19360638        -5.08611843E-14
   9.32039928        -9.24600159E-14
   9.44719219        -1.31793908E-13
   9.57398415        -1.62448925E-13
   9.70077705        -1.77402716E-13
   9.82756996        -1.69883408E-13
   9.95436192        -1.34455110E-13
   10.0811548        -6.82448550E-14
   10.2079477         2.78111969E-14
   10.3347406         1.47856255E-13
   10.4615326         2.80307976E-13
   10.5883255         4.07536120E-13
   10.7151184         5.06189762E-13
   10.8419113         5.48310095E-13
   10.9687033         5.03321993E-13
   11.0954962         3.40931737E-13
   11.2222891         3.48738643E-14
   11.3490820        -4.32645320E-13
   11.4758739        -1.06608201E-12
   11.6026669        -1.85164297E-12
   11.7294598        -2.75282748E-12
   11.8562517        -3.70699131E-12
   11.9830446        -4.62355458E-12
   12.1098375        -5.38448062E-12
   12.2366304        -5.84755551E-12
   12.3634224        -5.85290193E-12
   12.4902153        -5.23296293E-12
   12.6170082        -3.82590357E-12
   12.7438011        -1.49216316E-12
   12.8705931         1.86654815E-12
   12.9973860         6.28676321E-12
   13.1241789         1.17226714E-11
   13.2509708         1.80271128E-11
   13.3777637         2.49361330E-11
   13.5045567         3.20592580E-11
   13.6313496         3.88777101E-11
   13.7581415         4.47525558E-11
   13.8849344         4.89446990E-11
   14.0117273         5.06475556E-11
   14.1385202         4.90329270E-11
   14.2653122         4.33092277E-11
   14.3921051         3.27901317E-11
   14.5188980         1.69705135E-11
   14.6456909        -4.39469034E-12
   14.7724829        -3.12140973E-11
   14.8992758        -6.29921532E-11
   15.0260687        -9.87767021E-11
   15.1528606        -1.37128600E-10
   15.2796535        -1.76119438E-10
   15.4064465        -2.13362758E-10
   15.5332394        -2.46082404E-10
   15.6600313        -2.71219824E-10
   15.7868242        -2.85579838E-10
   15.9136171        -2.86010798E-10
   16.0404091        -2.69613804E-10
   16.1672020        -2.33970454E-10
   16.2939949        -1.77378917E-10
   16.4207878        -9.90818191E-11
   16.5475807         5.27228272E-13
   16.6743736         1.19736721E-10
   16.8011646         2.55404836E-10
   16.9279575         4.02916561E-10
   17.0547504         5.56222013E-10
   17.1815434         7.07964576E-10
   17.3083363         8.49702253E-10
   17.4351292         9.72223413E-10
   17.5619221         1.06594567E-09
   17.6887150         1.12139087E-09
   17.8155060         1.12971366E-09
   17.9422989         1.08326326E-09
   18.0690918         9.76148495E-10
   18.1958847         8.04777189E-10
   18.3226776         5.68337655E-10
   18.4494705         2.69186978E-10
   18.5762634        -8.68800656E-11
   18.7030544        -4.90512297E-10
   18.8298473        -9.28850941E-10
   18.9566402        -1.38576373E-09
   19.0834332        -1.84226556E-09
   19.2102261        -2.27712715E-09
   19.3370190        -2.66765277E-09
   19.4638119        -2.99060732E-09
   19.5906048        -3.22326343E-09
   19.7173958        -3.34452044E-09
   19.8441887        -3.33605654E-09
   19.9709816        -3.18345905E-09
   20.0977745        -2.87727531E-09
   20.2245674        -2.41393061E-09
   20.3513603        -1.79646853E-09
   20.4781532        -1.03504416E-09
   20.6049442        -1.47149584E-10
   20.7317371         8.42468595E-10
   20.8585300         1.90222793E-09
   20.9853230         2.99445913E-09
   21.1121159         4.07649026E-09
   21.2389088         5.10204101E-09
   21.3657017         6.02289196E-09
   21.4924946         6.79078171E-09
   21.6192856         7.35946104E-09
   21.7460785         7.68685204E-09
   21.8728714         7.73719666E-09
   21.9996643         7.48313056E-09
   22.1264572         6.90758961E-09
   22.2532501         6.00542371E-09
   22.3800430         4.78466955E-09
   22.5068340         3.26737060E-09
   22.6336269         1.48987334E-09
   22.7604198        -4.97433095E-10
   22.8872128        -2.63100253E-09
   23.0140057        -4.83564078E-09
   23.1407986        -7.02663261E-09
   23.2675915        -9.11246278E-09
   23.3943844        -1.09980585E-08
   23.5211754        -1.25884823E-08
   23.6479683        -1.37929295E-08
   23.7747612        -1.45289549E-08
   23.9015541        -1.47266848E-08
   24.0283470        -1.43329197E-08
   24.1551399        -1.33148870E-08
   24.2819328        -1.16634729E-08
   24.4087238        -9.39576417E-09
   24.5355167        -6.55666943E-09
   24.6623096        -3.21956040E-09
   24.7891026         5.14334408E-10
   24.9158955         4.51767423E-09
   25.0426884         8.64014638E-09
   25.1694813         1.27128077E-08
   25.2962742         1.65536864E-08
   25.4230652         1.99744328E-08
   25.5498581         2.27878871E-08
   25.6766510         2.48163108E-08
   25.8034439         2.58999773E-08
   25.9302368         2.59057735E-08
   26.0570297         2.47354563E-08
   26.1838226         2.23332126E-08
   26.3106136         1.86920044E-08
   26.4374065         1.38584575E-08
   26.5641994         7.93583688E-09
   26.6909924         1.08485843E-09
   26.8177853        -6.47787779E-09
   26.9445782        -1.44840904E-08
   27.0713711        -2.26205419E-08
   27.1981640        -3.05383381E-08
   27.3249550        -3.78646483E-08
   27.4517479        -4.42164314E-08
   27.5785408        -4.92158456E-08
   27.7053337        -5.25068202E-08
   27.8321266        -5.37722435E-08
   27.9589195        -5.27508632E-08
   28.0857124        -4.92534475E-08
   28.2125034        -4.31773088E-08
   28.3392963        -3.45184468E-08
   28.4660892        -2.33806219E-08
   28.5928822        -9.98082150E-09
   28.7196751         5.34956879E-09
   28.8464680         2.21680612E-08
   28.9732609         3.99292830E-08
   29.1000538         5.79978874E-08
   29.2268448         7.56662928E-08
   29.3536377         9.21765277E-08
   29.4804306         1.06746008E-07
   29.6072235         1.18596311E-07
   29.7340164         1.26983906E-07
   29.8608093         1.31232056E-07
   29.9876022         1.30762615E-07
   30.1143932         1.25126249E-07
   30.2411861         1.14030236E-07
   30.3679790         9.73623813E-08
   30.4947720         7.52096412E-08
   30.6215649         4.78710938E-08
   30.7483578         1.58635984E-08
   30.8751507        -2.00798134E-08
   31.0019417        -5.90197473E-08
   31.1287346        -9.98281777E-08
   31.2555275        -1.41214230E-07
   31.3823204        -1.81757315E-07
   31.5091133        -2.19946941E-07
   31.6359062        -2.54228240E-07
   31.7626991        -2.83052060E-07
   31.8894920        -3.04927255E-07
   32.0162849        -3.18475173E-07
   32.1430779        -3.22482720E-07
   32.2698708        -3.15953542E-07
   32.3966637        -2.98154845E-07
   32.5234528        -2.68658425E-07
   32.6502457        -2.27374073E-07
   32.7770386        -1.74574140E-07
   32.9038315        -1.10908005E-07
   33.0306244        -3.74056697E-08
   33.1574173         4.45301893E-08
   33.2842102         1.33143686E-07
   33.4110031         2.26356789E-07
   33.5377960         3.21811598E-07
   33.6645889         4.16922319E-07
   33.7913818         5.08936694E-07
   33.9181747         5.95004508E-07
   34.0449677         6.72252042E-07
   34.1717606         7.37860603E-07
   34.2985535         7.89145815E-07
   34.4253426         8.23637833E-07
   34.5521355         8.39157167E-07
   34.6789284         8.33887498E-07
   34.8057213         8.06439346E-07
   34.9325142         7.55907195E-07
   35.0593071         6.81914059E-07
   35.1861000         5.84645250E-07
   35.3128929         4.64867554E-07
   35.4396858         3.23936007E-07
   35.5664787         1.63784804E-07
   35.6932716        -1.30952609E-08
   35.8200645        -2.03694611E-07
   35.9468575        -4.04535456E-07
   36.0736504        -6.11735231E-07
   36.2004433        -8.21080448E-07
   36.3272324        -1.02811055E-06
   36.4540253        -1.22820893E-06
   36.5808182        -1.41669818E-06
   36.7076111        -1.58893852E-06
   36.8344040        -1.74042805E-06
   36.9611969        -1.86689670E-06
   37.0879898        -1.96440260E-06
   37.2147827        -2.02941442E-06
   37.3415756        -2.05889069E-06
   37.4683685        -2.05034667E-06
   37.5951614        -2.00190902E-06
   37.7219543        -1.91236018E-06
   37.8487473        -1.78116852E-06
   37.9755402        -1.60850379E-06
   38.1023293        -1.39524491E-06
   38.2291222        -1.14297018E-06
   38.3559151        -8.53940037E-07
   38.4827080        -5.31070896E-07
   38.6095009        -1.77899508E-07
   38.7362938         2.01455649E-07
   38.8630867         6.02338389E-07
   38.9898796         1.01959779E-06
   39.1166725         1.44763283E-06
   39.2434654         1.88043293E-06
   39.3702583         2.31161448E-06
   39.4970512         2.73445266E-06
   39.6238441         3.14191129E-06
   39.7506371         3.52665825E-06
   39.8774300         3.88108583E-06
   40.0042191         4.19732396E-06
   40.1310120         4.46724334E-06
   40.2578049         4.68247345E-06
   40.3845978         4.83440590E-06
   40.5113907         4.91421360E-06
   40.6381836         4.91287574E-06
   40.7649765         4.82120549E-06
   40.8917694         4.62990238E-06
   41.0185623         4.32960996E-06
   41.1453552         3.91099047E-06
   41.2721481         3.36482685E-06
   41.3989410         2.68213307E-06
   41.5257339         1.85428462E-06
   41.6525269         8.73173349E-07
   41.7793198        -2.68631567E-07
   41.9061089        -1.57770592E-06
   42.0329018        -3.05958429E-06
   42.1596947        -4.71856902E-06
   42.2864876        -6.55753593E-06
   42.4132805        -8.57775831E-06
   42.5400734        -1.07787209E-05
   42.6668663        -1.31579754E-05
   42.7936592        -1.57109826E-05
   42.9204521        -1.84310211E-05
   43.0472450        -2.13090934E-05
   43.1740379        -2.43338982E-05
   43.3008308        -2.74917893E-05
   43.4276237        -3.07668379E-05
   43.5544167        -3.41408995E-05
   43.6812096        -3.75937052E-05
   43.8079987        -4.11030414E-05
   43.9347916        -4.46449376E-05
   44.0615845        -4.81938660E-05
   44.1883774        -5.17230546E-05
   44.3151703        -5.52047604E-05
   44.4419632        -5.86105270E-05
   44.5687561        -6.19116327E-05
   44.6955490        -6.50793227E-05
   44.8223419        -6.80852609E-05
   44.9491348        -7.09018277E-05
   45.0759277        -7.35025460E-05
   45.2027206        -7.58623501E-05
   45.3295135        -7.79579059E-05
   45.4563065        -7.97680696E-05
   45.5830994        -8.12740182E-05
   45.7098885        -8.24595627E-05
   45.8366814        -8.33114755E-05
   45.9634743        -8.38194828E-05
   46.0902672        -8.39765344E-05
   46.2170601        -8.37788830E-05
   46.3438530        -8.32261358E-05
   46.4706459        -8.23212686E-05
   46.5974388        -8.10705897E-05
   46.7242317        -7.94836524E-05
   46.8510246        -7.75731314E-05
   46.9778175        -7.53546410E-05
   47.1046104        -7.28464875E-05
   47.2314034        -7.00695091E-05
   47.3581963        -6.70467052E-05
   47.4849892        -6.38030106E-05
   47.6117783        -6.03649969E-05
   47.7385712        -5.67604693E-05
   47.8653641        -5.30181715E-05
   47.9921570        -4.91674909E-05
   48.1189499        -4.52381428E-05
   48.2457428        -4.12597910E-05
   48.3725357        -3.72618815E-05
   48.4993286        -3.32733543E-05
   48.6261215        -2.93223329E-05
   48.7529144        -2.54361621E-05
   48.8797073        -2.16410481E-05
   49.0065002        -1.79620092E-05
   49.1332932        -1.44228015E-05
   49.2600861        -1.10458341E-05
   49.3868790        -7.85210159E-06
   49.5136681        -4.86118779E-06
   49.6404610        -2.09119548E-06
   49.7672539         4.41274409E-07
   49.8940468         2.72109492E-06
   50.0208397         4.73477030E-06
   50.1476326         6.47037814E-06
   50.2744255         7.91771436E-06
   50.4012184         9.06840160E-06
   50.5280113         9.91600064E-06
   50.6548042         1.04562296E-05
   50.7815971         1.06870366E-05
   50.9083900         1.06088437E-05
   51.0351830         1.02247168E-05
   51.1619759         9.54053939E-06
   51.2887688         8.56520637E-06
   51.4155579         7.31075033E-06
   51.5423508         5.79243851E-06
   51.6691437         4.02883279E-06
   51.7959366         2.04177718E-06
   51.9227295        -1.43642737E-07
   52.0495224        -2.49929963E-06
   52.1763153        -4.99421731E-06
   52.3031082        -7.59489694E-06
   52.4299011        -1.02657250E-05
   52.5566940        -1.29694599E-05
   52.6834869        -1.56676979E-05
   52.8102798        -1.83215652E-05
   52.9370728        -2.08923066E-05
   53.0638657        -2.33419214E-05
   53.1906586        -2.56338717E-05
   53.3174477        -2.77337622E-05
   53.4442406        -2.96099515E-05
   53.5710335        -3.12341472E-05
   53.6978264        -3.25819528E-05
   53.8246193        -3.36332923E-05
   53.9514122        -3.43727697E-05
   54.0782051        -3.47898749E-05
   54.2049980        -3.48791837E-05
   54.3317909        -3.46402849E-05
   54.4585838        -3.40777733E-05
   54.5853767        -3.32010204E-05
   54.7121696        -3.20238360E-05
   54.8389626        -3.05641370E-05
   54.9657555        -2.88434567E-05
   55.0925484        -2.68865024E-05
   55.2193375        -2.47205007E-05
   55.3461304        -2.23746774E-05
   55.4729233        -1.98797061E-05
   55.5997162        -1.72671735E-05
   55.7265091        -1.45689510E-05
   55.8533020        -1.18167954E-05
   55.9800949        -9.04203534E-06
   56.1068878        -6.27501868E-06
   56.2336807        -3.54485087E-06
   56.3604736        -8.79279526E-07
   56.4872665         1.69565328E-06
   56.6140594         4.15574959E-06
   56.7408524         6.47865045E-06
   56.8676453         8.64399954E-06
   56.9944382         1.06335337E-05
   57.1212273         1.24310600E-05
   57.2480202         1.40225793E-05
   57.3748131         1.53963338E-05
   57.5016060         1.65428864E-05
   57.6283989         1.74553443E-05
   57.7551918         1.81293835E-05
   57.8819847         1.85635417E-05
   58.0087776         1.87592923E-05
   58.1355705         1.87212918E-05
   58.2623634         1.84575238E-05
   58.3891563         1.79794606E-05
   58.5159492         1.73020944E-05
   58.6427422         1.64440917E-05
   58.7695351         1.54276804E-05
   58.8963280         1.42785575E-05
   59.0231171         1.30256985E-05
   59.1499100         1.17010204E-05
   59.2767029         1.03389248E-05
   59.4034958         8.97576592E-06
   59.5302887         7.64922152E-06
   59.6570816         6.39746577E-06
   59.7838745         5.25835867E-06
   59.9106674         4.26862516E-06
   60.0374603         3.46287675E-06
   60.1642532         2.87272906E-06
   60.2910461         2.52584550E-06
   60.4178391         2.44514376E-06
   60.5446320         2.64798928E-06
   60.6714249         3.14560771E-06
   60.7982178         3.94247854E-06
   60.9250069         5.03606998E-06
   61.0517998         6.41663974E-06
   61.1785927         8.06731987E-06
   61.3053856         9.96439394E-06
   61.4321785         1.20776485E-05
   61.5589714         1.43710977E-05
   61.6857643         1.68038332E-05
   61.8125572         1.93309334E-05
   61.9393501         2.19046651E-05
   62.0661430         2.44756757E-05
   62.1929359         2.69943703E-05
   62.3197289         2.94121219E-05
   62.4465218         3.16827936E-05
   62.5733147         3.37637612E-05
   62.7001076         3.56173732E-05
   62.8268967         3.72118629E-05
   62.9536896         3.85222920E-05
   63.0804825         3.95311254E-05
   63.2072754         4.02289879E-05
   63.3340683         4.06146173E-05
   63.4608612         4.06951222E-05
   63.5876541         4.04855673E-05
   63.7144470         4.00085628E-05
   63.8412399         3.92936163E-05
   63.9680328         3.83760853E-05
   64.0948257         3.72961404E-05
   64.2216187         3.60974882E-05
   64.3484116         3.48259709E-05
   64.4752045         3.35281584E-05
   64.6019974         3.22498308E-05
   64.7287903         3.10344622E-05
   64.8555832         2.99219137E-05
   64.9823761         2.89470790E-05
   65.1091690         2.81386747E-05
   65.2359619         2.75183666E-05
   65.3627548         2.70999535E-05
   65.4895477         2.68888398E-05
   65.6163330         2.68818148E-05
   65.7431259         2.70670389E-05
   65.8699188         2.74243648E-05
   65.9967117         2.79259257E-05
   66.1235046         2.85368860E-05
   66.2502975         2.92166205E-05
   66.3770905         2.99198218E-05
   66.5038834         3.05980793E-05
   66.6306763         3.12013035E-05
   66.7574692         3.16795158E-05
   66.8842621         3.19843421E-05
   67.0110550         3.20707513E-05
   67.1378479         3.18986677E-05
   67.2646408         3.14342615E-05
   67.3914337         3.06513903E-05
   67.5182266         2.95325681E-05
   67.6450195         2.80698187E-05
   67.7718124         2.62652156E-05
   67.8986053         2.41311718E-05
   68.0253983         2.16903063E-05
   68.1521912         1.89752209E-05
   68.2789841         1.60278105E-05
   68.4057770         1.28983656E-05
   68.5325699         9.64440460E-06
   68.6593628         6.32929277E-06
   68.7861557         3.02078661E-06
   68.9129486        -2.10701202E-07
   69.0397415        -3.29400200E-06
   69.1665344        -6.15866975E-06
   69.2933273        -8.73695808E-06
   69.4201126        -1.09654375E-05
   69.5469055        -1.27865906E-05
   69.6736984        -1.41501368E-05
   69.8004913        -1.50143678E-05
   69.9272842        -1.53470282E-05
   70.0540771        -1.51260037E-05
   70.1808701        -1.43399120E-05
   70.3076630        -1.29880973E-05
   70.4344559        -1.10806923E-05
   70.5612488        -8.63806235E-06
   70.6880417        -5.69026770E-06
   70.8148346        -2.27614555E-06
   70.9416275         1.55774387E-06
   71.0684204         5.75840795E-06
   71.1952133         1.02677614E-05
   71.3220062         1.50240976E-05
   71.4487991         1.99636852E-05
   71.5755920         2.50222201E-05
   71.7023849         3.01363089E-05
   71.8291779         3.52450079E-05
   71.9559708         4.02909864E-05
   72.0827637         4.52217246E-05
   72.2095566         4.99905509E-05
   72.3363495         5.45575422E-05
   72.4631424         5.88898147E-05
   72.5899353         6.29621209E-05
   72.7167282         6.67569548E-05
   72.8435211         7.02644902E-05
   72.9703140         7.34823407E-05
   73.0971069         7.64151482E-05
   73.2238922         7.90738632E-05
   73.3506851         8.14751402E-05
   73.4774780         8.36404724E-05
   73.6042709         8.55951948E-05
   73.7310638         8.73676327E-05
   73.8578568         8.89880830E-05
   73.9846497         9.04878543E-05
   74.1114426         9.18983642E-05
   74.2382355         9.32503463E-05
   74.3650284         9.45730862E-05
   74.4918213         9.58938253E-05
   74.6186142         9.72372072E-05
   74.7454071         9.86248997E-05
   74.8722000         1.00075427E-04
   74.9989929         1.01603931E-04
   75.1257858         1.03222279E-04
   75.2525787         1.04939070E-04
   75.3793716         1.06759901E-04
   75.5061646         1.08687629E-04
   75.6329575         1.10722664E-04
   75.7597504         1.12863410E-04
   75.8865433         1.15106595E-04
   76.0133362         1.17447569E-04
   76.1401291         1.19880897E-04
   76.2669220         1.22400292E-04
   76.3937149         1.24999162E-04
   76.5205078         1.27670661E-04
   76.6473007         1.30407745E-04
   76.7740936         1.33203299E-04
   76.9008865         1.36050090E-04
   77.0276718         1.38940377E-04
   77.1544647         1.41865909E-04
   77.2812576         1.44817619E-04
   77.4080505         1.47784987E-04
   77.5348434         1.50756081E-04
   77.6616364         1.53716785E-04
   77.7884293         1.56650771E-04
   77.9152222         1.59538744E-04
   78.0420151         1.62358483E-04
   78.1688080         1.65084406E-04
   78.2956009         1.67687380E-04
   78.4223938         1.70134750E-04
   78.5491867         1.72390428E-04
   78.6759796         1.74414876E-04
   78.8027725         1.76165806E-04
   78.9295654         1.77598122E-04
   79.0563583         1.78664923E-04
   79.1831512         1.79318173E-04
   79.3099442         1.79509196E-04
   79.4367371         1.79189854E-04
   79.5635300         1.78313523E-04
   79.6903229         1.76835805E-04
   79.8171158         1.74715809E-04
   79.9439087         1.71917054E-04
   80.0707016         1.68408384E-04
   80.1974945         1.64164812E-04
   80.3242874         1.59168456E-04
   80.4510803         1.53408895E-04
   80.5778732         1.46883962E-04
   80.7046585         1.39599812E-04
   80.8314514         1.31571200E-04
   80.9582443         1.22821453E-04
   81.0850372         1.13382259E-04
   81.2118301         1.03293278E-04
   81.3386230         9.26017237E-05
   81.4654160         8.13615625E-05
   81.5922089         6.96327625E-05
   81.7190018         5.74804799E-05
   81.8457947         4.49739237E-05
   81.9725876         3.21854568E-05
   82.0993805         1.91894869E-05
   82.2261734         6.06140111E-06
   82.3529663        -7.12343171E-06
   82.4797592        -2.02906485E-05
   82.6065521        -3.33678981E-05
   82.7333450        -4.62856005E-05
   82.8601379        -5.89777701E-05
   82.9869308        -7.13827321E-05
   83.1137238        -8.34435778E-05
   83.2405167        -9.51087641E-05
   83.3673096        -1.06332256E-04
   83.4941025        -1.17074029E-04
   83.6208954        -1.27299951E-04
   83.7476883        -1.36982024E-04
   83.8744812        -1.46098202E-04
   84.0012741        -1.54632318E-04
   84.1280670        -1.62573997E-04
   84.2548599        -1.69918188E-04
   84.3816528        -1.76664995E-04
   84.5084381        -1.82819305E-04
   84.6352310        -1.88390317E-04
   84.7620239        -1.93391083E-04
   84.8888168        -1.97838221E-04
   85.0156097        -2.01751376E-04
   85.1424026        -2.05152581E-04
   85.2691956        -2.08066049E-04
   85.3959885        -2.10517654E-04
   85.5227814        -2.12534520E-04
   85.6495743        -2.14144471E-04
   85.7763672        -2.15375854E-04
   85.9031601        -2.16257133E-04
   86.0299530        -2.16816494E-04
   86.1567459        -2.17081702E-04
   86.2835388        -2.17079971E-04
   86.4103317        -2.16837536E-04
   86.5371246        -2.16380053E-04
   86.6639175        -2.15732041E-04
   86.7907104        -2.14917134E-04
   86.9175034        -2.13958090E-04
   87.0442963        -2.12876825E-04
   87.1710892        -2.11694525E-04
   87.2978821        -2.10431739E-04
   87.4246750        -2.09108533E-04
   87.5514679        -2.07744684E-04
   87.6782608        -2.06359706E-04
   87.8050537        -2.04973141E-04
   87.9318466        -2.03604461E-04
   88.0586395        -2.02273208E-04
   88.1854324        -2.00998897E-04
   88.3122177        -1.99801041E-04
   88.4390106        -1.98699010E-04
   88.5658035        -1.97711764E-04
   88.6925964        -1.96857582E-04
   88.8193893        -1.96153866E-04
   88.9461823        -1.95616565E-04
   89.0729752        -1.95259694E-04
   89.1997681        -1.95095068E-04
   89.3265610        -1.95131317E-04
   89.4533539        -1.95373577E-04
   89.5801468        -1.95822911E-04
   89.7069397        -1.96475696E-04
   89.8337326        -1.97323316E-04
   89.9605255        -1.98351583E-04
   90.0873184        -1.99540707E-04
   90.2141113        -2.00865077E-04
   90.3409042        -2.02293391E-04
   90.4676971        -2.03788761E-04
   90.5944901        -2.05309319E-04
   90.7212830        -2.06808763E-04
   90.8480759        -2.08237267E-04
   90.9748688        -2.09542282E-04
   91.1016617        -2.10670187E-04
   91.2284546        -2.11567181E-04
   91.3552475        -2.12180879E-04
   91.4820404        -2.12461891E-04
   91.6088333        -2.12365005E-04
   91.7356262        -2.11850958E-04
   91.8624191        -2.10887491E-04
   91.9892120        -2.09450591E-04
   92.1159973        -2.07525460E-04
   92.2427902        -2.05107252E-04
   92.3695831        -2.02201583E-04
   92.4963760        -1.98824448E-04
   92.6231689        -1.95002183E-04
   92.7499619        -1.90770821E-04
   92.8767548        -1.86175268E-04
   93.0035477        -1.81268042E-04
   93.1303406        -1.76108035E-04
   93.2571335        -1.70758693E-04
   93.3839264        -1.65286227E-04
   93.5107193        -1.59757765E-04
   93.6375122        -1.54239358E-04
   93.7643051        -1.48793944E-04
   93.8910980        -1.43479614E-04
   94.0178909        -1.38347968E-04
   94.1446838        -1.33442474E-04
   94.2714767        -1.28797416E-04
   94.3982697        -1.24437036E-04
   94.5250626        -1.20374905E-04
   94.6518555        -1.16613825E-04
   94.7786484        -1.13146045E-04
   94.9054413        -1.09953740E-04
   95.0322342        -1.07010041E-04
   95.1590271        -1.04280058E-04
   95.2858200        -1.01722399E-04
   95.4126129        -9.92908244E-05
   95.5394058        -9.69361063E-05
   95.6661987        -9.46078362E-05
   95.7929916        -9.22563122E-05
   95.9197769        -8.98344588E-05
   96.0465698        -8.72994933E-05
   96.1733627        -8.46144030E-05
   96.3001556        -8.17493710E-05
   96.4269485        -7.86827732E-05
   96.5537415        -7.54017819E-05
   96.6805344        -7.19029413E-05
   96.8073273        -6.81921010E-05
   96.9341202        -6.42842060E-05
   97.0609131        -6.02026048E-05
   97.1877060        -5.59782893E-05
   97.3144989        -5.16486107E-05
   97.4412918        -4.72559841E-05
   97.5680847        -4.28463354E-05
   97.6948776        -3.84674822E-05
   97.8216705        -3.41675295E-05
   97.9484634        -2.99931926E-05
   98.0752563        -2.59882945E-05
   98.2020493        -2.21924020E-05
   98.3288422        -1.86395500E-05
   98.4556351        -1.53573274E-05
   98.5824280        -1.23661212E-05
   98.7092209        -9.67873257E-06
   98.8360138        -7.30006832E-06
   98.9628067        -5.22741630E-06
   99.0895996        -3.45076137E-06
   99.2163925        -1.95336906E-06
   99.3431854        -7.12654753E-07
   99.4699783         2.98900147E-07
   99.5967712         1.11265797E-06
   99.7235565         1.76274375E-06
   99.8503494         2.28486761E-06
   99.9771423         2.71530348E-06
   100.103935         3.08983135E-06
   100.230728         3.44285854E-06
   100.357521         3.80669849E-06
   100.484314         4.21089953E-06
   100.611107         4.68190956E-06
   100.737900         5.24278767E-06
   100.864693         5.91315484E-06
   100.991486         6.70916461E-06
   101.118279         7.64379547E-06
   101.245071         8.72696182E-06
   101.371864         9.96597282E-06
   101.498657         1.13656833E-05
   101.625450         1.29288992E-05
   101.752243         1.46565881E-05
   101.879036         1.65481124E-05
   102.005829         1.86013258E-05
   102.132622         2.08126203E-05
   102.259415         2.31768372E-05
   102.386208         2.56871317E-05
   102.513000         2.83347854E-05
   102.639793         3.11088443E-05
   102.766586         3.39959188E-05
   102.893379         3.69797781E-05
   103.020172         4.00411918E-05
   103.146965         4.31577064E-05
   103.273758         4.63035503E-05
   103.400551         4.94497290E-05
   103.527336         5.25641735E-05
   103.654129         5.56121013E-05
   103.780922         5.85565831E-05
   103.907715         6.13591183E-05
   104.034508         6.39805803E-05
   104.161301         6.63821193E-05
   104.288094         6.85262712E-05
   104.414886         7.03780897E-05
   104.541679         7.19063828E-05
   104.668472         7.30848551E-05
   104.795265         7.38931631E-05
   104.922058         7.43180572E-05
   105.048851         7.43541023E-05
   105.175644         7.40043834E-05
   105.302437         7.32809567E-05
   105.429230         7.22049372E-05
   105.556023         7.08064617E-05
   105.682816         6.91242240E-05
   105.809608         6.72048118E-05
   105.936401         6.51016380E-05
   106.063194         6.28737471E-05
   106.189987         6.05842615E-05
   106.316780         5.82986395E-05
   106.443573         5.60829139E-05
   106.570366         5.40016808E-05
   106.697159         5.21161637E-05
   106.823952         5.04822856E-05
   106.950745         4.91488208E-05
   107.077538         4.81557836E-05
   107.204330         4.75329362E-05
   107.331116         4.72987012E-05
   107.457909         4.74593398E-05
   107.584702         4.80084891E-05
   107.711494         4.89271079E-05
   107.838287         5.01838731E-05
   107.965080         5.17359258E-05
   108.091873         5.35299805E-05
   108.218666         5.55038750E-05
   108.345459         5.75883896E-05
   108.472252         5.97092148E-05
   108.599045         6.17892438E-05
   108.725838         6.37509438E-05
   108.852631         6.55186814E-05
   108.979424         6.70211593E-05
   109.106216         6.81935271E-05
   109.233009         6.89795197E-05
   109.359802         6.93331895E-05
   109.486595         6.92202739E-05
   109.613388         6.86193380E-05
   109.740181         6.75223346E-05
   109.866974         6.59350117E-05
   109.993767         6.38765123E-05
   110.120560         6.13789089E-05
   110.247353         5.84861482E-05
   110.374146         5.52528072E-05
   110.500938         5.17422632E-05
   110.627731         4.80249400E-05
   110.754524         4.41761040E-05
   110.881317         4.02737496E-05
   111.008102         3.63962026E-05
   111.134895         3.26199515E-05
   111.261688         2.90175758E-05
   111.388481         2.56556359E-05
   111.515274         2.25930999E-05
   111.642067         1.98796661E-05
   111.768860         1.75547138E-05
   111.895653         1.56463411E-05
   112.022446         1.41708952E-05
   112.149239         1.31327561E-05
   112.276031         1.25244887E-05
   112.402824         1.23274176E-05
   112.529617         1.25124061E-05
   112.656410         1.30409908E-05
   112.783203         1.38666592E-05
   112.909996         1.49364396E-05
   113.036789         1.61925327E-05
   113.163582         1.75740897E-05
   113.290375         1.90189749E-05
   113.417168         2.04655626E-05
   113.543961         2.18544737E-05
   113.670753         2.31302056E-05
   113.797546         2.42425922E-05
   113.924339         2.51480706E-05
   114.051132         2.58108194E-05
   114.177925         2.62034719E-05
   114.304718         2.63077654E-05
   114.431511         2.61147088E-05
   114.558304         2.56246549E-05
   114.685097         2.48469623E-05
   114.811882         2.37995573E-05
   114.938675         2.25080657E-05
   115.065468         2.10049602E-05
   115.192261         1.93283395E-05
   115.319054         1.75206642E-05
   115.445847         1.56273836E-05
   115.572639         1.36954586E-05
   115.699432         1.17718691E-05
   115.826225         9.90228455E-06
   115.953018         8.12965573E-06
   116.079811         6.49306639E-06
   116.206604         5.02660032E-06
   116.333397         3.75856985E-06
   116.460190         2.71081467E-06
   116.586983         1.89824902E-06
   116.713776         1.32867933E-06
   116.840569         1.00287400E-06
   116.967361         9.14780458E-07
   117.094154         1.05203048E-06
   117.220947         1.39664098E-06
   117.347740         1.92584184E-06
   117.474533         2.61303558E-06
   117.601326         3.42887620E-06
   117.728119         4.34231197E-06
   117.854912         5.32167860E-06
   117.981705         6.33576019E-06
   118.108498         7.35474123E-06
   118.235291         8.35104311E-06
   118.362083         9.30006718E-06
   118.488876         1.01807254E-05
   118.615662         1.09758248E-05
   118.742455         1.16722576E-05
   118.869247         1.22609663E-05
   118.996040         1.27367894E-05
   119.122833         1.30981070E-05
   119.249626         1.33463482E-05
   119.376419         1.34854590E-05
   119.503212         1.35212404E-05
   119.630005         1.34606998E-05
   119.756798         1.33113726E-05
   119.883591         1.30807402E-05
   120.010384         1.27756430E-05
   120.137177         1.24018552E-05
   120.263969         1.19637280E-05
   120.390762         1.14640616E-05
   120.517555         1.09040257E-05
   120.644348         1.02833446E-05
   120.771141         9.60054240E-06
   120.897934         8.85338613E-06
   121.024727         8.03938747E-06
   121.151520         7.15641590E-06
   121.278313         6.20331139E-06
   121.405106         5.18052411E-06
   121.531898         4.09066934E-06
   121.658691         2.93910421E-06
   121.785484         1.73426190E-06
   121.912277         4.87985460E-07
   122.039070        -7.84401720E-07
   122.165863        -2.06415007E-06
   122.292656        -3.32938953E-06
   122.419441        -4.55561394E-06
   122.546234        -5.71630926E-06
   122.673027        -6.78383640E-06
   122.799820        -7.73031934E-06
   122.926613        -8.52876474E-06
   123.053406        -9.15406963E-06
   123.180199        -9.58412147E-06
   123.306992        -9.80083678E-06
   123.433784        -9.79105698E-06
   123.560577        -9.54730876E-06
   123.687370        -9.06841615E-06
   123.814163        -8.35981245E-06
   123.940956        -7.43367809E-06
   124.067749        -6.30875411E-06
   124.194542        -5.00989881E-06
   124.321335        -3.56737291E-06
   124.448128        -2.01595503E-06
   124.574921        -3.93747001E-07
   124.701714         1.25913368E-06
   124.828506         2.90183993E-06
   124.955299         4.49431082E-06
   125.082092         5.99870691E-06
   125.208885         7.38067956E-06
   125.335678         8.61064564E-06
   125.462471         9.66484367E-06
   125.589264         1.05261161E-05
   125.716057         1.11844938E-05
   125.842850         1.16374240E-05
   125.969643         1.18898070E-05
   126.096436         1.19535944E-05
   126.223221         1.18472062E-05
   126.350014         1.15946086E-05
   126.476807         1.12242988E-05
   126.603600         1.07679934E-05
   126.730392         1.02592430E-05
   126.857185         9.73203805E-06
   126.983978         9.21933861E-06
   127.110771         8.75168826E-06
   127.237564         8.35590436E-06
   127.364357         8.05400578E-06
   127.491150         7.86229884E-06
   127.617943         7.79067705E-06
   127.744736         7.84234362E-06
   127.871529         8.01364331E-06
   127.998322         8.29431701E-06
   128.125107         8.66795835E-06
   128.251907         9.11274037E-06
   128.378693         9.60236230E-06
   128.505493         1.01071400E-05
   128.632278         1.05952904E-05
   128.759079         1.10342680E-05
   128.885864         1.13920887E-05
   129.012665         1.16387109E-05
   129.139450         1.17472455E-05
   129.266251         1.16950732E-05
   129.393036         1.14647473E-05
   129.519836         1.10447136E-05
   129.646622         1.04296942E-05
   129.773422         9.62104605E-06
   129.900208         8.62664092E-06
   130.027008         7.46064552E-06
   130.153793         6.14307282E-06
   130.280594         4.69909355E-06
   130.407379         3.15829334E-06
   130.534180         1.55367366E-06
   130.660965        -7.93938000E-08
   130.787766        -1.70415922E-06
   130.914551        -3.28356896E-06
   131.041351        -4.78130460E-06
   131.168137        -6.16274019E-06
   131.294937        -7.39568850E-06
   131.421722        -8.45122395E-06
   131.548523        -9.30420720E-06
   131.675308        -9.93381946E-06
   131.802109        -1.03239508E-05
   131.928894        -1.04634100E-05
   132.055679        -1.03460898E-05
   132.182480        -9.97103416E-06
   132.309265        -9.34236778E-06
   132.436066        -8.46915918E-06
   132.562851        -7.36523498E-06
   132.689651        -6.04891648E-06
   132.816437        -4.54272185E-06
   132.943237        -2.87297848E-06
   133.070023        -1.06945197E-06
   133.196823         8.35179947E-07
   133.323608         2.80584482E-06
   133.450409         4.80572953E-06
   133.577194         6.79695995E-06
   133.703995         8.74136640E-06
   133.830780         1.06012994E-05
   133.957581         1.23404643E-05
   134.084366         1.39247240E-05
   134.211166         1.53229939E-05
   134.337952         1.65079928E-05
   134.464752         1.74569668E-05
   134.591537         1.81522628E-05
   134.718338         1.85819226E-05
   134.845123         1.87398746E-05
   134.971924         1.86261550E-05
   135.098709         1.82467102E-05
   135.225510         1.76132417E-05
   135.352295         1.67424732E-05
   135.479095         1.56556343E-05
   135.605881         1.43774250E-05
   135.732666         1.29350437E-05
   135.859467         1.13570804E-05
   135.986252         9.67232609E-06
   136.113052         7.90864397E-06
   136.239838         6.09198878E-06
   136.366638         4.24528844E-06
   136.493423         2.38786129E-06
   136.620224         5.34665560E-07
   136.747009        -1.30386513E-06
   136.873810        -3.12191492E-06
   137.000595        -4.91799437E-06
   137.127396        -6.69446581E-06
   137.254181        -8.45676550E-06
   137.380981        -1.02124513E-05
   137.507767        -1.19701599E-05
   137.634567        -1.37383322E-05
   137.761353        -1.55241250E-05
   137.888153        -1.73321987E-05
   138.014938        -1.91636937E-05
   138.141739        -2.10153266E-05
   138.268524        -2.28788031E-05
   138.395325        -2.47404078E-05
   138.522110        -2.65810268E-05
   138.648911        -2.83763275E-05
   138.775696        -3.00974898E-05
   138.902496        -3.17119921E-05
   139.029282        -3.31848350E-05
   139.156082        -3.44799410E-05
   139.282867        -3.55616212E-05
   139.409653        -3.63962681E-05
   139.536453        -3.69539084E-05
   139.663239        -3.72097747E-05
   139.790039        -3.71457063E-05
   139.916824        -3.67513130E-05
   140.043625        -3.60248414E-05
   140.170410        -3.49737020E-05
   140.297211        -3.36146732E-05
   140.423996        -3.19735918E-05
   140.550797        -3.00847369E-05
   140.677582        -2.79897922E-05
   140.804382        -2.57365282E-05
   140.931168        -2.33770897E-05
   141.057968        -2.09662121E-05
   141.184753        -1.85591598E-05
   141.311554        -1.62097003E-05
   141.438339        -1.39680797E-05
   141.565140        -1.18790813E-05
   141.691925        -9.98037740E-06
   141.818726        -8.30107274E-06
   141.945511        -6.86064141E-06
   142.072311        -5.66832750E-06
   142.199097        -4.72287775E-06
   142.325897        -4.01279704E-06
   142.452682        -3.51700373E-06
   142.579483        -3.20590357E-06
   142.706268        -3.04280798E-06
   142.833069        -2.98567352E-06
   142.959854        -2.98906616E-06
   143.086655        -3.00626266E-06
   143.213440        -2.99143380E-06
   143.340225        -2.90173625E-06
   143.467026        -2.69931184E-06
   143.593811        -2.35303969E-06
   143.720612        -1.83995974E-06
   143.847397        -1.14636214E-06
   143.974197        -2.68438384E-07
   144.100983         7.87486044E-07
   144.227783         2.00519685E-06
   144.354568         3.35923892E-06
   144.481369         4.81599318E-06
   144.608154         6.33513946E-06
   144.734955         7.87136923E-06
   144.861740         9.37640289E-06
   144.988541         1.08010663E-05
   145.115326         1.20975019E-05
   145.242126         1.32212444E-05
   145.368912         1.41331866E-05
   145.495712         1.48013432E-05
   145.622498         1.52022239E-05
   145.749298         1.53219225E-05
   145.876083         1.51567474E-05
   146.002884         1.47134060E-05
   146.129669         1.40088332E-05
   146.256470         1.30693898E-05
   146.383255         1.19298384E-05
   146.510056         1.06319121E-05
   146.636841         9.22246909E-06
   146.763641         7.75156695E-06
   146.890427         6.27033023E-06
   147.017212         4.82884207E-06
   147.144012         3.47400942E-06
   147.270798         2.24758560E-06
   147.397598         1.18456398E-06
   147.524384         3.11637763E-07
   147.651184        -3.53694929E-07
   147.777969        -8.03918908E-07
   147.904770        -1.04163337E-06
   148.031555        -1.07932067E-06
   148.158356        -9.38635935E-07
   148.285141        -6.49415654E-07
   148.411942        -2.48192208E-07
   148.538727         2.23529739E-07
   148.665527         7.21170977E-07
   148.792313         1.19912750E-06
   148.919113         1.61283742E-06
   149.045898         1.92082211E-06
   149.172699         2.08654842E-06
   149.299484         2.08002871E-06
   149.426285         1.87921637E-06
   149.553070         1.47095795E-06
   149.679871         8.51582627E-07
   149.806656         2.70589986E-08
   149.933456        -9.87313342E-07
   150.060242        -2.16755961E-06
   150.187042        -3.48218055E-06
   150.313828        -4.89354170E-06
   150.440628        -6.35957440E-06
   150.567413        -7.83569249E-06
   150.694214        -9.27678047E-06
   150.820999        -1.06392290E-05
   150.947784        -1.18829203E-05
   151.074585        -1.29730224E-05
   151.201370        -1.38816204E-05
   151.328171        -1.45889517E-05
   151.454956        -1.50843089E-05
   151.581757        -1.53665824E-05
   151.708542        -1.54442732E-05
   151.835342        -1.53351612E-05
   151.962128        -1.50655178E-05
   152.088928        -1.46689345E-05
   152.215714        -1.41848441E-05
   152.342514        -1.36567714E-05
   152.469299        -1.31303359E-05
   152.596100        -1.26512596E-05
   152.722885        -1.22631591E-05
   152.849686        -1.20056602E-05
   152.976471        -1.19124161E-05
   153.103271        -1.20096274E-05
   153.230057        -1.23146319E-05
   153.356857        -1.28350393E-05
   153.483643        -1.35682158E-05
   153.610443        -1.45012427E-05
   153.737228        -1.56111528E-05
   153.864029        -1.68658153E-05
   153.990814        -1.82249423E-05
   154.117615        -1.96416386E-05
   154.244400        -2.10641156E-05
   154.371201        -2.24376690E-05
   154.497986        -2.37066688E-05
   154.624771        -2.48167507E-05
   154.751572        -2.57168176E-05
   154.878357        -2.63609145E-05
   155.005157        -2.67099786E-05
   155.131943        -2.67331870E-05
   155.258743        -2.64091432E-05
   155.385529        -2.57265365E-05
   155.512329        -2.46846594E-05
   155.639114        -2.32933126E-05
   155.765915        -2.15726322E-05
   155.892700        -1.95522662E-05
   156.019501        -1.72704786E-05
   156.146286        -1.47728506E-05
   156.273087        -1.21108687E-05
   156.399872        -9.34028321E-06
   156.526672        -6.51946857E-06
   156.653458        -3.70772523E-06
   156.780258        -9.63679099E-07
   156.907043         1.65638005E-06
   157.033844         4.09981703E-06
   157.160629         6.31899866E-06
   157.287430         8.27236272E-06
   157.414215         9.92530113E-06
   157.541016         1.12508333E-05
   157.667801         1.22299907E-05
   157.794601         1.28520069E-05
   157.921387         1.31142260E-05
   158.048187         1.30219214E-05
   158.174973         1.25877650E-05
   158.301773         1.18312619E-05
   158.428558         1.07780243E-05
   158.555344         9.45894499E-06
   158.682144         7.90927425E-06
   158.808929         6.16763964E-06
   158.935730         4.27503210E-06
   159.062515         2.27380224E-06
   159.189316         2.06662264E-07
   159.316101        -1.88428692E-06
   159.442902        -3.95832694E-06
   159.569687        -5.97697272E-06
   159.696487        -7.90455761E-06
   159.823273        -9.70880319E-06
   159.950073        -1.13612332E-05
   160.076859        -1.28374868E-05
   160.203659        -1.41175460E-05
