  -4.50000000         0.00000000    
  -4.37320757         0.00000000    
  -4.24641466         0.00000000    
  -4.11962223         0.00000000    
  -3.99282932         0.00000000    
  -3.86603665         0.00000000    
  -3.73924398         0.00000000    
  -3.61245155         6.17940218E-32
  -3.48565888         1.80417393E-30
  -3.35886621        -1.07194545E-29
  -3.23207355        -1.33381506E-28
  -3.10528088        -1.02023192E-27
  -2.97848821        -5.23570796E-27
  -2.85169554        -1.95766758E-26
  -2.72490287        -5.53463270E-26
  -2.59811020        -1.16248799E-25
  -2.47131753        -1.55101271E-25
  -2.34452486         1.52412842E-26
  -2.21773219         8.30190906E-25
  -2.09093952         2.98077779E-24
  -1.96414697         7.09005936E-24
  -1.83735430         1.28341445E-23
  -1.71056163         1.76142543E-23
  -1.58376896         1.56808382E-23
  -1.45697629        -3.53786884E-25
  -1.33018374        -3.32647024E-23
  -1.20339108        -6.95187017E-23
  -1.07659841        -6.63466416E-23
 -0.949805737         5.05429998E-23
 -0.823013067         3.60272397E-22
 -0.696220458         8.75131239E-22
 -0.569427788         1.42761781E-21
 -0.442635119         1.55988795E-21
 -0.315842479         5.09233923E-22
 -0.189049825        -2.58561917E-21
  -6.22571707E-02    -8.16181130E-21
   6.45354837E-02    -1.54227082E-20
  0.191328138        -2.14914141E-20
  0.318120778        -2.10296922E-20
  0.444913447        -6.97499291E-21
  0.571706116         2.70719622E-20
  0.698498726         8.27937354E-20
  0.825291395         1.52319545E-19
  0.952084064         2.14527573E-19
   1.07887673         2.35128080E-19
   1.20566940         1.73000612E-19
   1.33246195        -6.22774428E-21
   1.45925462        -3.11203441E-19
   1.58604729        -7.05823187E-19
   1.71283996        -1.09844240E-18
   1.83963263        -1.34824546E-18
   1.96642530        -1.29467818E-18
   2.09321785        -8.08774138E-19
   2.22001052         1.44600193E-19
   2.34680319         1.45393402E-18
   2.47359586         2.84261072E-18
   2.60038853         3.90535335E-18
   2.72718120         4.20505040E-18
   2.85397387         3.41176144E-18
   2.98076653         1.44062861E-18
   3.10755920        -1.47052064E-18
   3.23435187        -4.79879568E-18
   3.36114454        -7.91288170E-18
   3.48793697        -1.03572211E-17
   3.61472964        -1.21473409E-17
   3.74152231        -1.39298754E-17
   3.86831498        -1.68546454E-17
   3.99510765        -2.20648178E-17
   4.12190056        -2.98384329E-17
   4.24869299        -3.85854709E-17
   4.37548542        -4.40693905E-17
   4.50227833        -3.93095782E-17
   4.62907076        -1.55697924E-17
   4.75586367         3.53915445E-17
   4.88265610         1.18020211E-16
   5.00944901         2.29291501E-16
   5.13624144         3.55748279E-16
   5.26303434         4.72532259E-16
   5.38982677         5.45534428E-16
   5.51661968         5.37228370E-16
   5.64341211         4.15839285E-16
   5.77020502         1.66420017E-16
   5.89699745        -1.98570132E-16
   6.02379036        -6.32153023E-16
   6.15058279        -1.05205611E-15
   6.27737522        -1.34828280E-15
   6.40416813        -1.39948488E-15
   6.53096056        -1.09662539E-15
   6.65775347        -3.70483529E-16
   6.78454590         7.81947836E-16
   6.91133881         2.27774380E-15
   7.03813124         3.94014951E-15
   7.16492414         5.50618468E-15
   7.29171658         6.65117079E-15
   7.41850948         7.02896231E-15
   7.54530191         6.32405895E-15
   7.67209482         4.30966806E-15
   7.79888725         9.04331020E-16
   7.92567968        -3.78084549E-15
   8.05247211        -9.41212338E-15
   8.17926502        -1.54270771E-14
   8.30605793        -2.10578151E-14
   8.43285084        -2.53864922E-14
   8.55964279        -2.74333033E-14
   8.68643570        -2.62734272E-14
   8.81322861        -2.11754883E-14
   8.94002151        -1.17493685E-14
   9.06681347         1.91299808E-15
   9.19360638         1.91236340E-14
   9.32039928         3.85331619E-14
   9.44719219         5.81353474E-14
   9.57398415         7.53592948E-14
   9.70077705         8.72605685E-14
   9.82756996         9.08126384E-14
   9.95436192         8.32875977E-14
   10.0811548         6.27009431E-14
   10.2079477         2.82809156E-14
   10.3347406        -1.90901457E-14
   10.4615326        -7.65254491E-14
   10.5883255        -1.38941294E-13
   10.7151184        -1.99088535E-13
   10.8419113        -2.47862196E-13
   10.9687033        -2.74925021E-13
   11.0954962        -2.69652112E-13
   11.2222891        -2.22367846E-13
   11.3490820        -1.25807879E-13
   11.4758739         2.33059980E-14
   11.6026669         2.22721066E-13
   11.7294598         4.63319758E-13
   11.8562517         7.28186988E-13
   11.9830446         9.92272670E-13
   12.1098375         1.22282880E-12
   12.2366304         1.38075326E-12
   12.3634224         1.42292688E-12
   12.4902153         1.30554996E-12
   12.6170082         9.88386022E-13
   12.7438011         4.39750937E-13
   12.8705931        -3.58069179E-13
   12.9973860        -1.40333231E-12
   13.1241789        -2.66978106E-12
   13.2509708        -4.10255423E-12
   13.3777637        -5.61565204E-12
   13.5045567        -7.09154003E-12
   13.6313496        -8.38342416E-12
   13.7581415        -9.32058684E-12
   13.8849344        -9.71708044E-12
   14.0117273        -9.38371950E-12
   14.1385202        -8.14314328E-12
   14.2653122        -5.84737770E-12
   14.3921051        -2.39688889E-12
   14.5188980         2.24002544E-12
   14.6456909         8.00912808E-12
   14.7724829         1.47551121E-11
   14.8992758         2.22113248E-11
   15.0260687         2.99961410E-11
   15.1528606         3.76176312E-11
   15.2796535         4.44876878E-11
   15.4064465         4.99463457E-11
   15.5332394         5.32963222E-11
   15.6600313         5.38467604E-11
   15.7868242         5.09646041E-11
   15.9136171         4.41309142E-11
   16.0404091         3.29986038E-11
   16.1672020         1.74474931E-11
   16.2939949        -2.36764688E-12
   16.4207878        -2.59811773E-11
   16.5475807        -5.25966874E-11
   16.6743736        -8.10874354E-11
   16.8011646        -1.10019521E-10
   16.9279575        -1.37699852E-10
   17.0547504        -1.62248215E-10
   17.1815434        -1.81692481E-10
   17.3083363        -1.94082139E-10
   17.4351292        -1.97616243E-10
   17.5619221        -1.90777297E-10
   17.6887150        -1.72463988E-10
   17.8155060        -1.42112780E-10
   17.9422989        -9.98001196E-11
   18.0690918        -4.63150907E-11
   18.1958847         1.68044172E-11
   18.3226776         8.72790312E-11
   18.4494705         1.62142424E-10
   18.5762634         2.37844716E-10
   18.7030544         3.10402981E-10
   18.8298473         3.75593806E-10
   18.9566402         4.29179581E-10
   19.0834332         4.67157868E-10
   19.2102261         4.86019391E-10
   19.3370190         4.82999030E-10
   19.4638119         4.56304827E-10
   19.5906048         4.05306649E-10
   19.7173958         3.30669686E-10
   19.8441887         2.34422315E-10
   19.9709816         1.19944416E-10
   20.0977745        -8.12472919E-12
   20.2245674        -1.44063247E-10
   20.3513603        -2.81320883E-10
   20.4781532        -4.12842149E-10
   20.6049442        -5.31443334E-10
   20.7317371        -6.30223429E-10
   20.8585300        -7.02986447E-10
   20.9853230        -7.44649620E-10
   21.1121159        -7.51611828E-10
   21.2389088        -7.22054638E-10
   21.3657017        -6.56154964E-10
   21.4924946        -5.56190316E-10
   21.6192856        -4.26516517E-10
   21.7460785        -2.73420453E-10
   21.8728714        -1.04840379E-10
   21.9996643         7.00323757E-11
   22.1264572         2.41255932E-10
   22.2532501         3.98716532E-10
   22.3800430         5.32752675E-10
   22.5068340         6.34787944E-10
   22.6336269         6.97929159E-10
   22.7604198         7.17490511E-10
   22.8872128         6.91405988E-10
   23.0140057         6.20487661E-10
   23.1407986         5.08516784E-10
   23.2675915         3.62133407E-10
   23.3943844         1.90533936E-10
   23.5211754         4.96937387E-12
   23.6479683        -1.81916066E-10
   23.7747612        -3.56892849E-10
   23.9015541        -5.07036690E-10
   24.0283470        -6.20655138E-10
   24.1551399        -6.88185620E-10
   24.2819328        -7.03000103E-10
   24.4087238        -6.62045918E-10
   24.5355167        -5.66276304E-10
   24.6623096        -4.20814883E-10
   24.7891026        -2.34813807E-10
   24.9158955        -2.10178298E-11
   25.0426884         2.04995645E-10
   25.1694813         4.25845054E-10
   25.2962742         6.23586127E-10
   25.4230652         7.81141485E-10
   25.5498581         8.83759399E-10
   25.6766510         9.20446552E-10
   25.8034439         8.85268137E-10
   25.9302368         7.78363429E-10
   26.0570297         6.06628581E-10
   26.1838226         3.83936105E-10
   26.3106136         1.30843905E-10
   26.4374065        -1.26232080E-10
   26.5641994        -3.56400798E-10
   26.6909924        -5.26225896E-10
   26.8177853        -6.02027872E-10
   26.9445782        -5.52607071E-10
   27.0713711        -3.52072427E-10
   27.1981640         1.72397686E-11
   27.3249550         5.62104974E-10
   27.4517479         1.27604871E-09
   27.5785408         2.13765183E-09
   27.7053337         3.10952308E-09
   27.8321266         4.13831902E-09
   27.9589195         5.15571941E-09
   28.0857124         6.08056139E-09
   28.2125034         6.82209222E-09
   28.3392963         7.28429539E-09
   28.4660892         7.37114103E-09
   28.5928822         6.99258296E-09
   28.7196751         6.07098327E-09
   28.8464680         4.54778259E-09
   28.9732609         2.38979592E-09
   29.1000538        -4.04985268E-10
   29.2268448        -3.80266041E-09
   29.3536377        -7.73013298E-09
   29.4804306        -1.20734232E-08
   29.6072235        -1.66783209E-08
   29.7340164        -2.13528732E-08
   29.8608093        -2.58725716E-08
   29.9876022        -2.99876319E-08
   30.1143932        -3.34325492E-08
   30.2411861        -3.59375001E-08
   30.3679790        -3.72412536E-08
   30.4947720        -3.71050248E-08
   30.6215649        -3.53268241E-08
   30.7483578        -3.17553308E-08
   30.8751507        -2.63028817E-08
   31.0019417        -1.89566265E-08
   31.1287346        -9.78725900E-09
   31.2555275         1.04532683E-09
   31.3823204         1.32900109E-08
   31.5091133         2.66063314E-08
   31.6359062         4.05707716E-08
   31.7626991         5.46871064E-08
   31.8894920         6.84010359E-08
   32.0162849         8.11184151E-08
   32.1430779         9.22267915E-08
   32.2698708         1.01119355E-07
   32.3966637         1.07220430E-07
   32.5234528         1.10011491E-07
   32.6502457         1.09056785E-07
   32.7770386         1.04026974E-07
   32.9038315         9.47202636E-08
   33.0306244         8.10794702E-08
   33.1574173         6.32044888E-08
   33.2842102         4.13590371E-08
   33.4110031         1.59715015E-08
   33.5377960        -1.23707693E-08
   33.6645889        -4.29335536E-08
   33.7913818        -7.48541069E-08
   33.9181747        -1.07165214E-07
   34.0449677        -1.38824248E-07
   34.1717606        -1.68746340E-07
   34.2985535        -1.95840101E-07
   34.4253426        -2.19045347E-07
   34.5521355        -2.37370230E-07
   34.6789284        -2.49927837E-07
   34.8057213        -2.55969326E-07
   34.9325142        -2.54913573E-07
   35.0593071        -2.46371513E-07
   35.1861000        -2.30164034E-07
   35.3128929        -2.06333496E-07
   35.4396858        -1.75147861E-07
   35.5664787        -1.37097260E-07
   35.6932716        -9.28839157E-08
   35.8200645        -4.34047678E-08
   35.9468575         1.02715694E-08
   36.0736504         6.69330262E-08
   36.2004433         1.25256221E-07
   36.3272324         1.83841451E-07
   36.4540253         2.41249040E-07
   36.5808182         2.96036092E-07
   36.7076111         3.46791950E-07
   36.8344040         3.92172268E-07
   36.9611969         4.30929134E-07
   37.0879898         4.61938441E-07
   37.2147827         4.84222937E-07
   37.3415756         4.96970301E-07
   37.4683685         4.99547525E-07
   37.5951614         4.91510605E-07
   37.7219543         4.72610537E-07
   37.8487473         4.42795653E-07
   37.9755402         4.02211214E-07
   38.1023293         3.51196434E-07
   38.2291222         2.90280525E-07
   38.3559151         2.20176204E-07
   38.4827080         1.41773626E-07
   38.6095009         5.61325244E-08
   38.7362938        -3.55250833E-08
   38.8630867        -1.31823967E-07
   38.9898796        -2.31244854E-07
   39.1166725        -3.32135443E-07
   39.2434654        -4.32723198E-07
   39.3702583        -5.31130581E-07
   39.4970512        -6.25393625E-07
   39.6238441        -7.13483473E-07
   39.7506371        -7.93333186E-07
   39.8774300        -8.62867239E-07
   40.0042191        -9.20037394E-07
   40.1310120        -9.62860099E-07
   40.2578049        -9.89458954E-07
   40.3845978        -9.98109840E-07
   40.5113907        -9.87285375E-07
   40.6381836        -9.55701012E-07
   40.7649765        -9.02357328E-07
   40.8917694        -8.26579480E-07
   41.0185623        -7.28049997E-07
   41.1453552        -6.06832941E-07
   41.2721481        -4.63389881E-07
   41.3989410        -2.98581313E-07
   41.5257339        -1.13659169E-07
   41.6525269         8.97573145E-08
   41.7793198         3.09717592E-07
   41.9061089         5.43990154E-07
   42.0329018         7.90124375E-07
   42.1596947         1.04552373E-06
   42.2864876         1.30752710E-06
   42.4132805         1.57349530E-06
   42.5400734         1.84090175E-06
   42.6668663         2.10741996E-06
   42.7936592         2.37100699E-06
   42.9204521         2.62998014E-06
   43.0472450         2.88307933E-06
   43.1740379         3.12951647E-06
   43.3008308         3.36900644E-06
   43.4276237         3.60177683E-06
   43.5544167         3.82856024E-06
   43.6812096         4.05056335E-06
   43.8079987         4.26941415E-06
   43.9347916         4.48709079E-06
   44.0615845         4.70583382E-06
   44.1883774         4.92804520E-06
   44.3151703         5.15617285E-06
   44.4419632         5.39259190E-06
   44.5687561         5.63948743E-06
   44.6955490         5.89873071E-06
   44.8223419         6.17177602E-06
   44.9491348         6.45956197E-06
   45.0759277         6.76242871E-06
   45.2027206         7.08006155E-06
   45.3295135         7.41145641E-06
   45.4563065         7.75490298E-06
   45.5830994         8.10800611E-06
   45.7098885         8.46772491E-06
   45.8366814         8.83043504E-06
   45.9634743         9.19202648E-06
   46.0902672         9.54800817E-06
   46.2170601         9.89363616E-06
   46.3438530         1.02240438E-05
   46.4706459         1.05343952E-05
   46.5974388         1.08200302E-05
   46.7242317         1.10765859E-05
   46.8510246         1.13001670E-05
   46.9778175         1.14874274E-05
   47.1046104         1.16356969E-05
   47.2314034         1.17430400E-05
   47.3581963         1.18083444E-05
   47.4849892         1.18313183E-05
   47.6117783         1.18125217E-05
   47.7385712         1.17533173E-05
   47.8653641         1.16558804E-05
   47.9921570         1.15230714E-05
   48.1189499         1.13584028E-05
   48.2457428         1.11659083E-05
   48.3725357         1.09500616E-05
   48.4993286         1.07156529E-05
   48.6261215         1.04676546E-05
   48.7529144         1.02111262E-05
   48.8797073         9.95110622E-06
   49.0065002         9.69250505E-06
   49.1332932         9.43998202E-06
   49.2600861         9.19795821E-06
   49.3868790         8.97043174E-06
   49.5136681         8.76104878E-06
   49.6404610         8.57299256E-06
   49.7672539         8.40899702E-06
   49.8940468         8.27134954E-06
   50.0208397         8.16188276E-06
   50.1476326         8.08198547E-06
   50.2744255         8.03261810E-06
   50.4012184         8.01437091E-06
   50.5280113         8.02744944E-06
   50.6548042         8.07170454E-06
   50.7815971         8.14666873E-06
   50.9083900         8.25154893E-06
   51.0351830         8.38525739E-06
   51.1619759         8.54636892E-06
   51.2887688         8.73316912E-06
   51.4155579         8.94360437E-06
   51.5423508         9.17530451E-06
   51.6691437         9.42553561E-06
   51.7959366         9.69122266E-06
   51.9227295         9.96889412E-06
   52.0495224         1.02547292E-05
   52.1763153         1.05445451E-05
   52.3031082         1.08337917E-05
   52.4299011         1.11176432E-05
   52.5566940         1.13909819E-05
   52.6834869         1.16485216E-05
   52.8102798         1.18848366E-05
   52.9370728         1.20945206E-05
   53.0638657         1.22722204E-05
   53.1906586         1.24128310E-05
   53.3174477         1.25115594E-05
   53.4442406         1.25641218E-05
   53.5710335         1.25668284E-05
   53.6978264         1.25167317E-05
   53.8246193         1.24117778E-05
   53.9514122         1.22508527E-05
   54.0782051         1.20339128E-05
   54.2049980         1.17620702E-05
   54.3317909         1.14375825E-05
   54.4585838         1.10638939E-05
   54.5853767         1.06456419E-05
   54.7121696         1.01885480E-05
   54.8389626         9.69941175E-06
   54.9657555         9.18593923E-06
   55.0925484         8.65662605E-06
   55.2193375         8.12063172E-06
   55.3461304         7.58754595E-06
   55.4729233         7.06725814E-06
   55.5997162         6.56968950E-06
   55.7265091         6.10462575E-06
   55.8533020         5.68150972E-06
   55.9800949         5.30922944E-06
   56.1068878         4.99594489E-06
   56.2336807         4.74888793E-06
   56.3604736         4.57428723E-06
   56.4872665         4.47716502E-06
   56.6140594         4.46128070E-06
   56.7408524         4.52906079E-06
   56.8676453         4.68155304E-06
   56.9944382         4.91844003E-06
   57.1212273         5.23801236E-06
   57.2480202         5.63723142E-06
   57.3748131         6.11180485E-06
   57.5016060         6.65625566E-06
   57.6283989         7.26402732E-06
   57.7551918         7.92760420E-06
   57.8819847         8.63865444E-06
   58.0087776         9.38811354E-06
   58.1355705         1.01663836E-05
   58.2623634         1.09634184E-05
   58.3891563         1.17689087E-05
   58.5159492         1.25723718E-05
   58.6427422         1.33633657E-05
   58.7695351         1.41315040E-05
   58.8963280         1.48667250E-05
   59.0231171         1.55592879E-05
   59.1499100         1.61999560E-05
   59.2767029         1.67801027E-05
   59.4034958         1.72918317E-05
   59.5302887         1.77280162E-05
   59.6570816         1.80825082E-05
   59.7838745         1.83501124E-05
   59.9106674         1.85267600E-05
   60.0374603         1.86095367E-05
   60.1642532         1.85967601E-05
   60.2910461         1.84880137E-05
   60.4178391         1.82841886E-05
   60.5446320         1.79875278E-05
   60.6714249         1.76015583E-05
   60.7982178         1.71311112E-05
   60.9250069         1.65822257E-05
   61.0517998         1.59621304E-05
   61.1785927         1.52790708E-05
   61.3053856         1.45422755E-05
   61.4321785         1.37617426E-05
   61.5589714         1.29480313E-05
   61.6857643         1.21122448E-05
   61.8125572         1.12656580E-05
   61.9393501         1.04196351E-05
   62.0661430         9.58537930E-06
   62.1929359         8.77373895E-06
   62.3197289         7.99503960E-06
   62.4465218         7.25886957E-06
   62.5733147         6.57398732E-06
   62.7001076         5.94813810E-06
   62.8268967         5.38793893E-06
   62.9536896         4.89879903E-06
   63.0804825         4.48494802E-06
   63.2072754         4.14928900E-06
   63.3340683         3.89351544E-06
   63.4608612         3.71807732E-06
   63.5876541         3.62229071E-06
   63.7144470         3.60444210E-06
   63.8412399         3.66181712E-06
   63.9680328         3.79092126E-06
   64.0948257         3.98754719E-06
   64.2216187         4.24692553E-06
   64.3484116         4.56387806E-06
   64.4752045         4.93291873E-06
   64.6019974         5.34839592E-06
   64.7287903         5.80459664E-06
   64.8555832         6.29580063E-06
   64.9823761         6.81640222E-06
   65.1091690         7.36092579E-06
   65.2359619         7.92407263E-06
   65.3627548         8.50072956E-06
   65.4895477         9.08594848E-06
   65.6163330         9.67502365E-06
   65.7431259         1.02633439E-05
   65.8699188         1.08464774E-05
   65.9967117         1.14201357E-05
   66.1235046         1.19801152E-05
   66.2502975         1.25223405E-05
   66.3770905         1.30428234E-05
   66.5038834         1.35378050E-05
   66.6306763         1.40036518E-05
   66.7574692         1.44370324E-05
   66.8842621         1.48349345E-05
   67.0110550         1.51947752E-05
   67.1378479         1.55144917E-05
   67.2646408         1.57926643E-05
   67.3914337         1.60285872E-05
   67.5182266         1.62223769E-05
   67.6450195         1.63749810E-05
   67.7718124         1.64883386E-05
   67.8986053         1.65653073E-05
   68.0253983         1.66097016E-05
   68.1521912         1.66261907E-05
   68.2789841         1.66202699E-05
   68.4057770         1.65980782E-05
   68.5325699         1.65663223E-05
   68.6593628         1.65320180E-05
   68.7861557         1.65023012E-05
   68.9129486         1.64841586E-05
   69.0397415         1.64843477E-05
   69.1665344         1.65089677E-05
   69.2933273         1.65633646E-05
   69.4201126         1.66518548E-05
   69.5469055         1.67776689E-05
   69.6736984         1.69426949E-05
   69.8004913         1.71474821E-05
   69.9272842         1.73911831E-05
   70.0540771         1.76715675E-05
   70.1808701         1.79851086E-05
   70.3076630         1.83270931E-05
   70.4344559         1.86918132E-05
   70.5612488         1.90727333E-05
   70.6880417         1.94627937E-05
   70.8148346         1.98546386E-05
   70.9416275         2.02409283E-05
   71.0684204         2.06145596E-05
   71.1952133         2.09689861E-05
   71.3220062         2.12984414E-05
   71.4487991         2.15981672E-05
   71.5755920         2.18645164E-05
   71.7023849         2.20950824E-05
   71.8291779         2.22888248E-05
   71.9559708         2.24458945E-05
   72.0827637         2.25677140E-05
   72.2095566         2.26567336E-05
   72.3363495         2.27162400E-05
   72.4631424         2.27502369E-05
   72.5899353         2.27629807E-05
   72.7167282         2.27588062E-05
   72.8435211         2.27417695E-05
   72.9703140         2.27154069E-05
   73.0971069         2.26823031E-05
   73.2238922         2.26440134E-05
   73.3506851         2.26007687E-05
   73.4774780         2.25513213E-05
   73.6042709         2.24929536E-05
   73.7310638         2.24214327E-05
   73.8578568         2.23310944E-05
   73.9846497         2.22150156E-05
   74.1114426         2.20652782E-05
   74.2382355         2.18732275E-05
   74.3650284         2.16299104E-05
   74.4918213         2.13263265E-05
   74.6186142         2.09540067E-05
   74.7454071         2.05054184E-05
   74.8722000         1.99742590E-05
   74.9989929         1.93560445E-05
   75.1257858         1.86483394E-05
   75.2525787         1.78510782E-05
   75.3793716         1.69667128E-05
   75.5061646         1.60005038E-05
   75.6329575         1.49603848E-05
   75.7597504         1.38570313E-05
   75.8865433         1.27035792E-05
   76.0133362         1.15154162E-05
   76.1401291         1.03098246E-05
   76.2669220         9.10555536E-06
   76.3937149         7.92226820E-06
   76.5205078         6.78010610E-06
   76.6473007         5.69900521E-06
   76.7740936         4.69815132E-06
   76.9008865         3.79537482E-06
   77.0276718         3.00663942E-06
   77.1544647         2.34559252E-06
   77.2812576         1.82290262E-06
   77.4080505         1.44629780E-06
   77.5348434         1.21994003E-06
   77.6616364         1.14449085E-06
   77.7884293         1.21702215E-06
   77.9152222         1.43115210E-06
   78.0420151         1.77712980E-06
   78.1688080         2.24224368E-06
   78.2956009         2.81125153E-06
   78.4223938         3.46676825E-06
   78.5491867         4.18991840E-06
   78.6759796         4.96098528E-06
   78.8027725         5.76007233E-06
   78.9295654         6.56778002E-06
   79.0563583         7.36588390E-06
   79.1831512         8.13794031E-06
   79.3099442         8.86998168E-06
   79.4367371         9.55093219E-06
   79.5635300         1.01730338E-05
   79.6903229         1.07321575E-05
   79.8171158         1.12280504E-05
   79.9439087         1.16641804E-05
   80.0707016         1.20478271E-05
   80.1974945         1.23897571E-05
   80.3242874         1.27038165E-05
   80.4510803         1.30065737E-05
   80.5778732         1.33165559E-05
   80.7046585         1.36536555E-05
   80.8314514         1.40384072E-05
   80.9582443         1.44911255E-05
   81.0850372         1.50312335E-05
   81.2118301         1.56763417E-05
   81.3386230         1.64416269E-05
   81.4654160         1.73391491E-05
   81.5922089         1.83772991E-05
   81.7190018         1.95602988E-05
   81.8457947         2.08879519E-05
   81.9725876         2.23554798E-05
   82.0993805         2.39534857E-05
   82.2261734         2.56680869E-05
   82.3529663         2.74812646E-05
   82.4797592         2.93712219E-05
   82.6065521         3.13130004E-05
   82.7333450         3.32791242E-05
   82.8601379         3.52403076E-05
   82.9869308         3.71663300E-05
   83.1137238         3.90267887E-05
   83.2405167         4.07920015E-05
   83.3673096         4.24337886E-05
   83.4941025         4.39262549E-05
   83.6208954         4.52464956E-05
   83.7476883         4.63751894E-05
   83.8744812         4.72971151E-05
   84.0012741         4.80015406E-05
   84.1280670         4.84824050E-05
   84.2548599         4.87385842E-05
   84.3816528         4.87737416E-05
   84.5084381         4.85962519E-05
   84.6352310         4.82189280E-05
   84.7620239         4.76586247E-05
   84.8888168         4.69357983E-05
   85.0156097         4.60739138E-05
   85.1424026         4.50988373E-05
   85.2691956         4.40381555E-05
   85.3959885         4.29204556E-05
   85.5227814         4.17746560E-05
   85.6495743         4.06292638E-05
   85.7763672         3.95117058E-05
   85.9031601         3.84477498E-05
   86.0299530         3.74608862E-05
   86.1567459         3.65718734E-05
   86.2835388         3.57983190E-05
   86.4103317         3.51543931E-05
   86.5371246         3.46506240E-05
   86.6639175         3.42938183E-05
   86.7907104         3.40870356E-05
   86.9175034         3.40297738E-05
   87.0442963         3.41180894E-05
   87.1710892         3.43449610E-05
   87.2978821         3.47006280E-05
   87.4246750         3.51729977E-05
   87.5514679         3.57481076E-05
   87.6782608         3.64106381E-05
   87.8050537         3.71443457E-05
   87.9318466         3.79325829E-05
   88.0586395         3.87587170E-05
   88.1854324         3.96065334E-05
   88.3122177         4.04605744E-05
   88.4390106         4.13064226E-05
   88.5658035         4.21308796E-05
   88.6925964         4.29220927E-05
   88.8193893         4.36696137E-05
   88.9461823         4.43643476E-05
   89.0729752         4.49984400E-05
   89.1997681         4.55651862E-05
   89.3265610         4.60587507E-05
   89.4533539         4.64739933E-05
   89.5801468         4.68062281E-05
   89.7069397         4.70509731E-05
   89.8337326         4.72036918E-05
   89.9605255         4.72596694E-05
   90.0873184         4.72137872E-05
   90.2141113         4.70604864E-05
   90.3409042         4.67936661E-05
   90.4676971         4.64067343E-05
   90.5944901         4.58926406E-05
   90.7212830         4.52441163E-05
   90.8480759         4.44537254E-05
   90.9748688         4.35141555E-05
   91.1016617         4.24185382E-05
   91.2284546         4.11606343E-05
   91.3552475         3.97351578E-05
   91.4820404         3.81380996E-05
   91.6088333         3.63669205E-05
   91.7356262         3.44208092E-05
   91.8624191         3.23008717E-05
   91.9892120         3.00102456E-05
   92.1159973         2.75541406E-05
   92.2427902         2.49398854E-05
   92.3695831         2.21768059E-05
   92.4963760         1.92761072E-05
   92.6231689         1.62506894E-05
   92.7499619         1.31148818E-05
   92.8767548         9.88415741E-06
   93.0035477         6.57478358E-06
   93.1303406         3.20355389E-06
   93.2571335        -2.12610573E-07
   93.3839264        -3.65695428E-06
   93.5107193        -7.11314897E-06
   93.6375122        -1.05655499E-05
   93.7643051        -1.39993108E-05
   93.8910980        -1.74005982E-05
   94.0178909        -2.07564881E-05
   94.1446838        -2.40550035E-05
   94.2714767        -2.72850048E-05
   94.3982697        -3.04359364E-05
   94.5250626        -3.34977231E-05
   94.6518555        -3.64603802E-05
   94.7786484        -3.93138507E-05
   94.9054413        -4.20476208E-05
   95.0322342        -4.46505401E-05
   95.1590271        -4.71106032E-05
   95.2858200        -4.94147680E-05
   95.4126129        -5.15488937E-05
   95.5394058        -5.34977517E-05
   95.6661987        -5.52451929E-05
   95.7929916        -5.67742827E-05
   95.9197769        -5.80676679E-05
   96.0465698        -5.91080170E-05
   96.1733627        -5.98783881E-05
   96.3001556        -6.03630251E-05
   96.4269485        -6.05477362E-05
   96.5537415        -6.04207053E-05
   96.6805344        -5.99729792E-05
   96.8073273        -5.91992139E-05
   96.9341202        -5.80980886E-05
   97.0609131        -5.66728377E-05
   97.1877060        -5.49315555E-05
   97.3144989        -5.28874552E-05
   97.4412918        -5.05589196E-05
   97.5680847        -4.79694645E-05
   97.6948776        -4.51474407E-05
   97.8216705        -4.21257828E-05
   97.9484634        -3.89413326E-05
   98.0752563        -3.56343226E-05
   98.2020493        -3.22474916E-05
   98.3288422        -2.88252650E-05
   98.4556351        -2.54128863E-05
   98.5824280        -2.20553102E-05
   98.7092209        -1.87963342E-05
   98.8360138        -1.56775750E-05
   98.9628067        -1.27375515E-05
   99.0895996        -1.00108409E-05
   99.2163925        -7.52732467E-06
   99.3431854        -5.31154501E-06
   99.4699783        -3.38223253E-06
   99.5967712        -1.75190394E-06
   99.7235565        -4.26720334E-07
   99.8503494         5.93589618E-07
   99.9771423         1.31551349E-06
   100.103935         1.75158448E-06
   100.230728         1.91982394E-06
   100.357521         1.84327791E-06
   100.484314         1.54925658E-06
   100.611107         1.06858897E-06
   100.737900         4.34791133E-07
   100.864693        -3.16863293E-07
   100.991486        -1.15019316E-06
   101.118279        -2.02907677E-06
   101.245071        -2.91825449E-06
   101.371864        -3.78421100E-06
   101.498657        -4.59582952E-06
   101.625450        -5.32508784E-06
   101.752243        -5.94755920E-06
   101.879036        -6.44283455E-06
   102.005829        -6.79481354E-06
   102.132622        -6.99187785E-06
   102.259415        -7.02692523E-06
   102.386208        -6.89733542E-06
   102.513000        -6.60480055E-06
   102.639793        -6.15507770E-06
   102.766586        -5.55768293E-06
   102.893379        -4.82551195E-06
   103.020172        -3.97443227E-06
   103.146965        -3.02284320E-06
   103.273758        -1.99122178E-06
   103.400551        -9.01660599E-07
   103.527336         2.22584617E-07
   103.654129         1.35753874E-06
   103.780922         2.47894423E-06
   103.907715         3.56266855E-06
   104.034508         4.58510613E-06
   104.161301         5.52356960E-06
   104.288094         6.35664765E-06
   104.414886         7.06456740E-06
   104.541679         7.62952823E-06
   104.668472         8.03604235E-06
   104.795265         8.27122403E-06
   104.922058         8.32511614E-06
   105.048851         8.19091929E-06
   105.175644         7.86527289E-06
   105.302437         7.34842024E-06
   105.429230         6.64436175E-06
   105.556023         5.76097864E-06
   105.682816         4.71002386E-06
   105.809608         3.50710684E-06
   105.936401         2.17153206E-06
   106.063194         7.26127325E-07
   106.189987        -8.03100079E-07
   106.316780        -2.38730081E-06
   106.443573        -3.99531154E-06
   106.570366        -5.59415366E-06
   106.697159        -7.14967655E-06
   106.823952        -8.62722572E-06
   106.950745        -9.99235090E-06
   107.077538        -1.12115458E-05
   107.204330        -1.22529755E-05
   107.331116        -1.30872013E-05
   107.457909        -1.36878625E-05
   107.584702        -1.40322873E-05
   107.711494        -1.41020328E-05
   107.838287        -1.38833220E-05
   107.965080        -1.33673830E-05
   108.091873        -1.25506112E-05
   108.218666        -1.14346822E-05
   108.345459        -1.00264560E-05
   108.472252        -8.33777904E-06
   108.599045        -6.38513484E-06
   108.725838        -4.18926311E-06
   108.852631        -1.77454808E-06
   108.979424         8.31558168E-07
   109.106216         3.59925957E-06
   109.233009         6.49705771E-06
   109.359802         9.49250807E-06
   109.486595         1.25529086E-05
   109.613388         1.56459555E-05
   109.740181         1.87403039E-05
   109.866974         2.18060886E-05
   109.993767         2.48152737E-05
   110.120560         2.77419749E-05
   110.247353         3.05625726E-05
   110.374146         3.32558157E-05
   110.500938         3.58026664E-05
   110.627731         3.81861973E-05
   110.754524         4.03912418E-05
   110.881317         4.24042119E-05
   111.008102         4.42126438E-05
   111.134895         4.58048853E-05
   111.261688         4.71697531E-05
   111.388481         4.82962860E-05
   111.515274         4.91734936E-05
   111.642067         4.97903275E-05
   111.768860         5.01356590E-05
   111.895653         5.01984505E-05
   112.022446         4.99680100E-05
   112.149239         4.94344968E-05
   112.276031         4.85892997E-05
   112.402824         4.74257795E-05
   112.529617         4.59399162E-05
   112.656410         4.41310040E-05
   112.783203         4.20023389E-05
   112.909996         3.95619718E-05
   113.036789         3.68231158E-05
   113.163582         3.38047867E-05
   113.290375         3.05318863E-05
   113.417168         2.70353703E-05
   113.543961         2.33521150E-05
   113.670753         1.95245084E-05
   113.797546         1.55998423E-05
   113.924339         1.16295296E-05
   114.051132         7.66795256E-06
   114.177925         3.77136098E-06
   114.304718        -3.61692098E-09
   114.431511        -3.60137255E-06
   114.558304        -6.96888083E-06
   114.685097        -1.00571860E-05
   114.811882        -1.28229085E-05
   114.938675        -1.52294979E-05
   115.065468        -1.72484542E-05
   115.192261        -1.88602207E-05
   115.319054        -2.00548584E-05
   115.445847        -2.08324491E-05
   115.572639        -2.12030991E-05
   115.699432        -2.11866936E-05
   115.826225        -2.08123183E-05
   115.953018        -2.01173443E-05
   116.079811        -1.91462568E-05
   116.206604        -1.79492217E-05
   116.333397        -1.65805031E-05
   116.460190        -1.50966716E-05
   116.586983        -1.35547834E-05
   116.713776        -1.20105233E-05
   116.840569        -1.05163808E-05
   116.967361        -9.11994994E-06
   117.094154        -7.86237342E-06
   117.220947        -6.77702155E-06
   117.347740        -5.88842249E-06
   117.474533        -5.21151196E-06
   117.601326        -4.75119396E-06
   117.728119        -4.50224707E-06
   117.854912        -4.44960369E-06
   117.981705        -4.56893986E-06
   118.108498        -4.82760515E-06
   118.235291        -5.18582419E-06
   118.362083        -5.59816681E-06
   118.488876        -6.01519650E-06
   118.615662        -6.38526672E-06
   118.742455        -6.65641028E-06
   118.869247        -6.77821163E-06
   118.996040        -6.70367535E-06
   119.122833        -6.39095833E-06
   119.249626        -5.80491496E-06
   119.376419        -4.91848778E-06
   119.503212        -3.71377018E-06
   119.630005        -2.18280684E-06
   119.756798        -3.28071337E-07
   119.883591         1.83737563E-06
   120.010384         4.29008423E-06
   120.137177         6.99671091E-06
   120.263969         9.91480829E-06
   120.390762         1.29939199E-05
   120.517555         1.61768749E-05
   120.644348         1.94012719E-05
   120.771141         2.26011343E-05
   120.897934         2.57086504E-05
   121.024727         2.86559098E-05
   121.151520         3.13767268E-05
   121.278313         3.38083228E-05
   121.405106         3.58929647E-05
   121.531898         3.75794443E-05
   121.658691         3.88244262E-05
   121.785484         3.95935385E-05
   121.912277         3.98623051E-05
   122.039070         3.96168143E-05
   122.165863         3.88541230E-05
   122.292656         3.75823984E-05
   122.419441         3.58208636E-05
   122.546234         3.35993209E-05
   122.673027         3.09576171E-05
   122.799820         2.79447668E-05
   122.926613         2.46177824E-05
   123.053406         2.10404760E-05
   123.180199         1.72819637E-05
   123.306992         1.34150514E-05
   123.433784         9.51458242E-06
   123.560577         5.65563641E-06
   123.687370         1.91177810E-06
   123.814163        -1.64669973E-06
   123.940956        -4.95444147E-06
   124.067749        -7.95261712E-06
   124.194542        -1.05902509E-05
   124.321335        -1.28255069E-05
   124.448128        -1.46265629E-05
   124.574921        -1.59723513E-05
   124.701714        -1.68529768E-05
   124.828506        -1.72697673E-05
   124.955299        -1.72351192E-05
   125.082092        -1.67719681E-05
   125.208885        -1.59130050E-05
   125.335678        -1.46996063E-05
   125.462471        -1.31805682E-05
   125.589264        -1.14106087E-05
   125.716057        -9.44877866E-06
   125.842850        -7.35676849E-06
   125.969643        -5.19718333E-06
   126.096436        -3.03184470E-06
   126.223221        -9.20189791E-07
   126.350014         1.08222707E-06
   126.476807         2.92500522E-06
   126.603600         4.56404769E-06
   126.730392         5.96235986E-06
   126.857185         7.09071446E-06
   126.983978         7.92794890E-06
   127.110771         8.46105831E-06
   127.237564         8.68503503E-06
   127.364357         8.60247201E-06
   127.491150         8.22297625E-06
   127.617943         7.56241388E-06
   127.744736         6.64206163E-06
   127.871529         5.48764774E-06
   127.998322         4.12839563E-06
   128.125107         2.59603576E-06
   128.251907         9.23883817E-07
   128.378693        -8.53990571E-07
   128.505493        -2.70351347E-06
   128.632278        -4.59121338E-06
   128.759079        -6.48472360E-06
   128.885864        -8.35309493E-06
   129.012665        -1.01670194E-05
   129.139450        -1.18989210E-05
   129.266251        -1.35229411E-05
   129.393036        -1.50148408E-05
   129.519836        -1.63518853E-05
   129.646622        -1.75126352E-05
   129.773422        -1.84768523E-05
   129.900208        -1.92253319E-05
   130.027008        -1.97398822E-05
   130.153793        -2.00033282E-05
   130.280594        -1.99996230E-05
   130.407379        -1.97141217E-05
   130.534180        -1.91338677E-05
   130.660965        -1.82480489E-05
   130.787766        -1.70485146E-05
   130.914551        -1.55303696E-05
   131.041351        -1.36925501E-05
   131.168137        -1.15384701E-05
   131.294937        -9.07657795E-06
   131.421722        -6.32084630E-06
   131.548523        -3.29115733E-06
   131.675308        -1.35520590E-08
   131.802109         3.47973264E-06
   131.928894         7.15038277E-06
   132.055679         1.09543744E-05
   132.182480         1.48425324E-05
   132.309265         1.87613168E-05
   132.436066         2.26538032E-05
   132.562851         2.64608461E-05
   132.689651         3.01223590E-05
   132.816437         3.35787117E-05
   132.943237         3.67721950E-05
   133.070023         3.96484611E-05
   133.196823         4.21579498E-05
   133.323608         4.42572018E-05
   133.450409         4.59100447E-05
   133.577194         4.70885716E-05
   133.703995         4.77739486E-05
   133.830780         4.79569535E-05
   133.957581         4.76381865E-05
   134.084366         4.68281578E-05
   134.211166         4.55469017E-05
   134.337952         4.38235111E-05
   134.464752         4.16953444E-05
   134.591537         3.92069924E-05
   134.718338         3.64090956E-05
   134.845123         3.33570715E-05
   134.971924         3.01096297E-05
   135.098709         2.67273081E-05
   135.225510         2.32709790E-05
   135.352295         1.98004309E-05
   135.479095         1.63729037E-05
   135.605881         1.30418912E-05
   135.732666         9.85591578E-06
   135.859467         6.85770055E-06
   135.986252         4.08326923E-06
   136.113052         1.56150020E-06
   136.239838        -6.86297710E-07
   136.366638        -2.64646633E-06
   136.493423        -4.31293165E-06
   136.620224        -5.68688301E-06
   136.747009        -6.77635626E-06
   136.873810        -7.59552404E-06
   137.000595        -8.16397187E-06
   137.127396        -8.50578635E-06
   137.254181        -8.64856793E-06
   137.380981        -8.62244360E-06
   137.507767        -8.45900013E-06
   137.634567        -8.19029447E-06
   137.761353        -7.84785698E-06
   137.888153        -7.46180331E-06
   138.014938        -7.06002174E-06
   138.141739        -6.66749611E-06
   138.268524        -6.30574095E-06
   138.395325        -5.99238956E-06
   138.522110        -5.74093519E-06
   138.648911        -5.56059967E-06
   138.775696        -5.45637067E-06
   138.902496        -5.42914404E-06
   139.029282        -5.47599893E-06
   139.156082        -5.59056343E-06
   139.282867        -5.76346793E-06
   139.409653        -5.98283577E-06
   139.536453        -6.23483947E-06
   139.663239        -6.50423999E-06
   139.790039        -6.77493063E-06
   139.916824        -7.03046817E-06
   140.043625        -7.25454402E-06
   140.170410        -7.43141618E-06
   140.297211        -7.54628309E-06
   140.423996        -7.58558235E-06
   140.550797        -7.53724089E-06
   140.677582        -7.39085226E-06
   140.804382        -7.13780673E-06
   140.931168        -6.77137996E-06
   141.057968        -6.28676480E-06
   141.184753        -5.68111000E-06
   141.311554        -4.95349741E-06
   141.438339        -4.10495750E-06
   141.565140        -3.13844544E-06
   141.691925        -2.05882225E-06
   141.818726        -8.72865883E-07
   141.945511         4.10745713E-07
   142.072311         1.78144296E-06
   142.199097         3.22678625E-06
   142.325897         4.73249247E-06
   142.452682         6.28249154E-06
   142.579483         7.85903194E-06
   142.706268         9.44281055E-06
   142.833069         1.10131568E-05
   142.959854         1.25482902E-05
   143.086655         1.40255870E-05
   143.213440         1.54219560E-05
   143.340225         1.67142261E-05
   143.467026         1.78796017E-05
   143.593811         1.88961094E-05
   143.720612         1.97431291E-05
   143.847397         2.04018797E-05
   143.974197         2.08559068E-05
   144.100983         2.10915587E-05
   144.227783         2.10984090E-05
   144.354568         2.08696456E-05
   144.481369         2.04023545E-05
   144.608154         1.96977726E-05
   144.734955         1.87614332E-05
   144.861740         1.76032063E-05
   144.988541         1.62372999E-05
   145.115326         1.46821139E-05
   145.242126         1.29600503E-05
   145.368912         1.10971941E-05
   145.495712         9.12299674E-06
   145.622498         7.06977380E-06
   145.749298         4.97226574E-06
   145.876083         2.86707291E-06
   146.002884         7.92070523E-07
   146.129669        -1.21425626E-06
   146.256470        -3.11338658E-06
   146.383255        -4.86747194E-06
   146.510056        -6.44002284E-06
   146.636841        -7.79654511E-06
   146.763641        -8.90523734E-06
   146.890427        -9.73762963E-06
   147.017212        -1.02692256E-05
   147.144012        -1.04800756E-05
   147.270798        -1.03552857E-05
   147.397598        -9.88556531E-06
   147.524384        -9.06753485E-06
   147.651184        -7.90407375E-06
   147.777969        -6.40452618E-06
   147.904770        -4.58472550E-06
   148.031555        -2.46699938E-06
   148.158356        -7.99618221E-08
   148.285141         2.54184056E-06
   148.411942         5.35838899E-06
   148.538727         8.32482328E-06
   148.665527         1.13921951E-05
   148.792313         1.45083486E-05
   148.919113         1.76189405E-05
   149.045898         2.06685290E-05
   149.172699         2.36017022E-05
   149.299484         2.63643160E-05
   149.426285         2.89046802E-05
   149.553070         3.11747717E-05
   149.679871         3.31313531E-05
   149.806656         3.47370442E-05
   149.933456         3.59612277E-05
   150.060242         3.67808279E-05
   150.187042         3.71809510E-05
   150.313828         3.71552305E-05
   150.440628         3.67060384E-05
   150.567413         3.58444158E-05
   150.694214         3.45898225E-05
   150.820999         3.29695940E-05
   150.947784         3.10182149E-05
   151.074585         2.87763905E-05
   151.201370         2.62899193E-05
   151.328171         2.36084252E-05
   151.454956         2.07840112E-05
   151.581757         1.78697574E-05
   151.708542         1.49183361E-05
   151.835342         1.19805309E-05
   151.962128         9.10392100E-06
   152.088928         6.33164973E-06
   152.215714         3.70138378E-06
   152.342514         1.24448502E-06
   152.469299        -1.01457840E-06
   152.596100        -3.05855383E-06
   152.722885        -4.87745183E-06
   152.849686        -6.46831404E-06
   152.976471        -7.83474025E-06
   153.103271        -8.98613962E-06
   153.230057        -9.93681624E-06
   153.356857        -1.07048936E-05
   153.483643        -1.13110927E-05
   153.610443        -1.17775162E-05
   153.737228        -1.21263938E-05
   153.864029        -1.23789041E-05
   153.990814        -1.25541255E-05
   154.117615        -1.26681234E-05
   154.244400        -1.27332660E-05
   154.371201        -1.27577505E-05
   154.497986        -1.27454232E-05
   154.624771        -1.26958030E-05
   154.751572        -1.26044079E-05
   154.878357        -1.24632843E-05
   155.005157        -1.22617521E-05
   155.131943        -1.19873093E-05
   155.258743        -1.16266547E-05
   155.385529        -1.11667468E-05
   155.512329        -1.05959016E-05
   155.639114        -9.90478748E-06
   155.765915        -9.08734273E-06
   155.892700        -8.14151372E-06
   156.019501        -7.06978608E-06
   156.146286        -5.87949671E-06
   156.273087        -4.58285922E-06
   156.399872        -3.19676974E-06
   156.526672        -1.74231809E-06
   156.653458        -2.44095759E-07
   156.780258         1.27073054E-06
   156.907043         2.77344043E-06
   157.033844         4.23496795E-06
   157.160629         5.62708146E-06
   157.287430         6.92359617E-06
   157.414215         8.10149231E-06
   157.541016         9.14189150E-06
   157.667801         1.00308789E-05
   157.794601         1.07600672E-05
   157.921387         1.13269425E-05
   158.048187         1.17349100E-05
   158.174973         1.19930801E-05
   158.301773         1.21158100E-05
   158.428558         1.21219773E-05
   158.555344         1.20340810E-05
   158.682144         1.18771968E-05
   158.808929         1.16778128E-05
   158.935730         1.14626155E-05
   159.062515         1.12573416E-05
   159.189316         1.10856272E-05
   159.316101         1.09680877E-05
   159.442902         1.09214252E-05
   159.569687         1.09578932E-05
   159.696487         1.10848687E-05
   159.823273         1.13047299E-05
   159.950073         1.16149540E-05
   160.076859         1.20084524E-05
   160.203659         1.24740891E-05
