  -4.50000000         0.00000000    
  -4.37320757         0.00000000    
  -4.24641466         0.00000000    
  -4.11962223         0.00000000    
  -3.99282932         0.00000000    
  -3.86603665         0.00000000    
  -3.73924398         0.00000000    
  -3.61245155         0.00000000    
  -3.48565888         0.00000000    
  -3.35886621         0.00000000    
  -3.23207355         0.00000000    
  -3.10528088         0.00000000    
  -2.97848821         0.00000000    
  -2.85169554         0.00000000    
  -2.72490287         0.00000000    
  -2.59811020         0.00000000    
  -2.47131753         0.00000000    
  -2.34452486         0.00000000    
  -2.21773219         0.00000000    
  -2.09093952         0.00000000    
  -1.96414697         0.00000000    
  -1.83735430         0.00000000    
  -1.71056163         0.00000000    
  -1.58376896         0.00000000    
  -1.45697629         0.00000000    
  -1.33018374         0.00000000    
  -1.20339108         0.00000000    
  -1.07659841         0.00000000    
 -0.949805737         0.00000000    
 -0.823013067         0.00000000    
 -0.696220458         0.00000000    
 -0.569427788         0.00000000    
 -0.442635119         0.00000000    
 -0.315842479         0.00000000    
 -0.189049825         0.00000000    
  -6.22571707E-02     0.00000000    
   6.45354837E-02     0.00000000    
  0.191328138         0.00000000    
  0.318120778         0.00000000    
  0.444913447         0.00000000    
  0.571706116         0.00000000    
  0.698498726         0.00000000    
  0.825291395         0.00000000    
  0.952084064         0.00000000    
   1.07887673         0.00000000    
   1.20566940         0.00000000    
   1.33246195         0.00000000    
   1.45925462         0.00000000    
   1.58604729         0.00000000    
   1.71283996         0.00000000    
   1.83963263         0.00000000    
   1.96642530         0.00000000    
   2.09321785         0.00000000    
   2.22001052         0.00000000    
   2.34680319         0.00000000    
   2.47359586         0.00000000    
   2.60038853         0.00000000    
   2.72718120         0.00000000    
   2.85397387         0.00000000    
   2.98076653         0.00000000    
   3.10755920         0.00000000    
   3.23435187         0.00000000    
   3.36114454         0.00000000    
   3.48793697         0.00000000    
   3.61472964         0.00000000    
   3.74152231         0.00000000    
   3.86831498         0.00000000    
   3.99510765         0.00000000    
   4.12190056         0.00000000    
   4.24869299         0.00000000    
   4.37548542         0.00000000    
   4.50227833         0.00000000    
   4.62907076         0.00000000    
   4.75586367         0.00000000    
   4.88265610         0.00000000    
   5.00944901         0.00000000    
   5.13624144         0.00000000    
   5.26303434         0.00000000    
   5.38982677         0.00000000    
   5.51661968         0.00000000    
   5.64341211         0.00000000    
   5.77020502         0.00000000    
   5.89699745         0.00000000    
   6.02379036         0.00000000    
   6.15058279         0.00000000    
   6.27737522         0.00000000    
   6.40416813         0.00000000    
   6.53096056         0.00000000    
   6.65775347         0.00000000    
   6.78454590         0.00000000    
   6.91133881         0.00000000    
   7.03813124         0.00000000    
   7.16492414         0.00000000    
   7.29171658         0.00000000    
   7.41850948         0.00000000    
   7.54530191         0.00000000    
   7.67209482         0.00000000    
   7.79888725         0.00000000    
   7.92567968         0.00000000    
   8.05247211         0.00000000    
   8.17926502         0.00000000    
   8.30605793         0.00000000    
   8.43285084         0.00000000    
   8.55964279         0.00000000    
   8.68643570         0.00000000    
   8.81322861         0.00000000    
   8.94002151         0.00000000    
   9.06681347         0.00000000    
   9.19360638         0.00000000    
   9.32039928         0.00000000    
   9.44719219         0.00000000    
   9.57398415         0.00000000    
   9.70077705         0.00000000    
   9.82756996         0.00000000    
   9.95436192         0.00000000    
   10.0811548         0.00000000    
   10.2079477         0.00000000    
   10.3347406         0.00000000    
   10.4615326         0.00000000    
   10.5883255         0.00000000    
   10.7151184         0.00000000    
   10.8419113         0.00000000    
   10.9687033         0.00000000    
   11.0954962         0.00000000    
   11.2222891         0.00000000    
   11.3490820         0.00000000    
   11.4758739         0.00000000    
   11.6026669         0.00000000    
   11.7294598         0.00000000    
   11.8562517         0.00000000    
   11.9830446         0.00000000    
   12.1098375         0.00000000    
   12.2366304         0.00000000    
   12.3634224         0.00000000    
   12.4902153         0.00000000    
   12.6170082         0.00000000    
   12.7438011         0.00000000    
   12.8705931         0.00000000    
   12.9973860         0.00000000    
   13.1241789         0.00000000    
   13.2509708         0.00000000    
   13.3777637         0.00000000    
   13.5045567         0.00000000    
   13.6313496         0.00000000    
   13.7581415         0.00000000    
   13.8849344         0.00000000    
   14.0117273         0.00000000    
   14.1385202         0.00000000    
   14.2653122         0.00000000    
   14.3921051         0.00000000    
   14.5188980         0.00000000    
   14.6456909         0.00000000    
   14.7724829         0.00000000    
   14.8992758         0.00000000    
   15.0260687         0.00000000    
   15.1528606         0.00000000    
   15.2796535         0.00000000    
   15.4064465         0.00000000    
   15.5332394         0.00000000    
   15.6600313         0.00000000    
   15.7868242         0.00000000    
   15.9136171         0.00000000    
   16.0404091         0.00000000    
   16.1672020         0.00000000    
   16.2939949         0.00000000    
   16.4207878         0.00000000    
   16.5475807         0.00000000    
   16.6743736         0.00000000    
   16.8011646         0.00000000    
   16.9279575         0.00000000    
   17.0547504         0.00000000    
   17.1815434         0.00000000    
   17.3083363         0.00000000    
   17.4351292         0.00000000    
   17.5619221         0.00000000    
   17.6887150         0.00000000    
   17.8155060         0.00000000    
   17.9422989         0.00000000    
   18.0690918         0.00000000    
   18.1958847         0.00000000    
   18.3226776         0.00000000    
   18.4494705         0.00000000    
   18.5762634         0.00000000    
   18.7030544         0.00000000    
   18.8298473         0.00000000    
   18.9566402         0.00000000    
   19.0834332         0.00000000    
   19.2102261         0.00000000    
   19.3370190         0.00000000    
   19.4638119         0.00000000    
   19.5906048         0.00000000    
   19.7173958         0.00000000    
   19.8441887         0.00000000    
   19.9709816         0.00000000    
   20.0977745         0.00000000    
   20.2245674         0.00000000    
   20.3513603         0.00000000    
   20.4781532         0.00000000    
   20.6049442         0.00000000    
   20.7317371         0.00000000    
   20.8585300         0.00000000    
   20.9853230         0.00000000    
   21.1121159         0.00000000    
   21.2389088         0.00000000    
   21.3657017         0.00000000    
   21.4924946         0.00000000    
   21.6192856         0.00000000    
   21.7460785         0.00000000    
   21.8728714         0.00000000    
   21.9996643         0.00000000    
   22.1264572         0.00000000    
   22.2532501         0.00000000    
   22.3800430         0.00000000    
   22.5068340         0.00000000    
   22.6336269         0.00000000    
   22.7604198         0.00000000    
   22.8872128         0.00000000    
   23.0140057         0.00000000    
   23.1407986         0.00000000    
   23.2675915         0.00000000    
   23.3943844         0.00000000    
   23.5211754         0.00000000    
   23.6479683         0.00000000    
   23.7747612         0.00000000    
   23.9015541         0.00000000    
   24.0283470         0.00000000    
   24.1551399         0.00000000    
   24.2819328         0.00000000    
   24.4087238         0.00000000    
   24.5355167         0.00000000    
   24.6623096         0.00000000    
   24.7891026         0.00000000    
   24.9158955         0.00000000    
   25.0426884         0.00000000    
   25.1694813         0.00000000    
   25.2962742         0.00000000    
   25.4230652         0.00000000    
   25.5498581         0.00000000    
   25.6766510         0.00000000    
   25.8034439         0.00000000    
   25.9302368         0.00000000    
   26.0570297         0.00000000    
   26.1838226         0.00000000    
   26.3106136         0.00000000    
   26.4374065         0.00000000    
   26.5641994         0.00000000    
   26.6909924         0.00000000    
   26.8177853         0.00000000    
   26.9445782         0.00000000    
   27.0713711         0.00000000    
   27.1981640         0.00000000    
   27.3249550         0.00000000    
   27.4517479         0.00000000    
   27.5785408         0.00000000    
   27.7053337         0.00000000    
   27.8321266         0.00000000    
   27.9589195         0.00000000    
   28.0857124         0.00000000    
   28.2125034         0.00000000    
   28.3392963         0.00000000    
   28.4660892         0.00000000    
   28.5928822         0.00000000    
   28.7196751         0.00000000    
   28.8464680         0.00000000    
   28.9732609         0.00000000    
   29.1000538         2.02719768E-33
   29.2268448         2.70583463E-33
   29.3536377         3.38441832E-33
   29.4804306         3.29584665E-33
   29.6072235        -6.48424871E-33
   29.7340164        -2.62414832E-32
   29.8608093        -5.49502996E-32
   29.9876022        -7.10675614E-32
   30.1143932        -1.15390769E-31
   30.2411861        -1.86648202E-31
   30.3679790        -2.63915903E-31
   30.4947720        -3.39079433E-31
   30.6215649        -3.37479938E-31
   30.7483578        -2.70270131E-31
   30.8751507        -1.99528341E-31
   31.0019417        -6.49520520E-32
   31.1287346         1.25343433E-31
   31.2555275         3.91990573E-31
   31.3823204         7.03002516E-31
   31.5091133         1.03120571E-30
   31.6359062         1.28210022E-30
   31.7626991         1.42293930E-30
   31.8894920         1.45596542E-30
   32.0162849         1.30888578E-30
   32.1430779         1.09424888E-30
   32.2698708         7.10726783E-31
   32.3966637         8.39743824E-31
   32.5234528         1.06984854E-30
   32.6502457         1.29773636E-30
   32.7770386         8.16311519E-31
   32.9038315        -1.53279968E-30
   33.0306244        -6.25112022E-30
   33.1574173        -1.13255958E-29
   33.2842102        -1.41903556E-29
   33.4110031        -1.24458716E-29
   33.5377960        -1.15022194E-29
   33.6645889        -6.20723083E-30
   33.7913818         5.94141394E-31
   33.9181747         6.12005354E-30
   34.0449677         8.32564243E-30
   34.1717606         8.38898822E-30
   34.2985535         1.05820717E-29
   34.4253426         1.43194983E-29
   34.5521355         1.29573603E-29
   34.6789284         8.07248496E-30
   34.8057213         9.49914766E-30
   34.9325142         2.10866624E-29
   35.0593071         4.63770220E-29
   35.1861000         8.50962155E-29
   35.3128929         1.35104648E-28
   35.4396858         1.91522948E-28
   35.5664787         2.48491065E-28
   35.6932716         2.98073216E-28
   35.8200645         3.31537790E-28
   35.9468575         3.45211676E-28
   36.0736504         3.33141319E-28
   36.2004433         2.96060258E-28
   36.3272324         2.34869034E-28
   36.4540253         1.48273446E-28
   36.5808182         3.58808422E-29
   36.7076111        -9.53443957E-29
   36.8344040        -2.41329061E-28
   36.9611969        -3.99698593E-28
   37.0879898        -5.62795971E-28
   37.2147827        -7.31415037E-28
   37.3415756        -9.00971598E-28
   37.4683685        -1.06059296E-27
   37.5951614        -1.20182930E-27
   37.7219543        -1.30959779E-27
   37.8487473        -1.36197702E-27
   37.9755402        -1.34240331E-27
   38.1023293        -1.23276320E-27
   38.2291222        -1.01956343E-27
   38.3559151        -6.94811487E-28
   38.4827080        -2.52355564E-28
   38.6095009         3.05562099E-28
   38.7362938         9.70335602E-28
   38.8630867         1.72501828E-27
   38.9898796         2.54263293E-27
   39.1166725         3.39242237E-27
   39.2434654         4.23351565E-27
   39.3702583         5.01564273E-27
   39.4970512         5.68050803E-27
   39.6238441         6.16515366E-27
   39.7506371         6.40068103E-27
   39.8774300         6.31800972E-27
   40.0042191         5.84997869E-27
   40.1310120         4.93445053E-27
   40.2578049         3.52732529E-27
   40.3845978         1.60111541E-27
   40.5113907        -8.45508090E-28
   40.6381836        -3.78367581E-27
   40.7649765        -7.14829160E-27
   40.8917694        -1.08344499E-26
   41.0185623        -1.46972321E-26
   41.1453552        -1.85524616E-26
   41.2721481        -2.21797673E-26
   41.3989410        -2.53276705E-26
   41.5257339        -2.77223872E-26
   41.6525269        -2.90772096E-26
   41.7793198        -2.91044869E-26
   41.9061089        -2.75316339E-26
   42.0329018        -2.41193159E-26
   42.1596947        -1.86845218E-26
   42.2864876        -1.11231129E-26
   42.4132805        -1.43535428E-27
   42.5400734         1.02525633E-26
   42.6668663         2.36671537E-26
   42.7936592         3.83737720E-26
   42.9204521         5.37695666E-26
   43.0472450         6.90862872E-26
   43.1740379         8.34047351E-26
   43.3008308         9.56820732E-26
   43.4276237         1.04794095E-25
   43.5544167         1.09591552E-25
   43.6812096         1.08970669E-25
   43.8079987         1.01956975E-25
   43.9347916         8.77959725E-26
   44.0615845         6.60516687E-26
   44.1883774         3.66980096E-26
   44.3151703         2.07730924E-28
   44.4419632        -4.23833086E-26
   44.5687561        -8.94274971E-26
   44.6955490        -1.38660041E-25
   44.8223419        -1.87224993E-25
   44.9491348        -2.31755255E-25
   45.0759277        -2.68505597E-25
   45.2027206        -2.93539334E-25
   45.3295135        -3.02977216E-25
   45.4563065        -2.93294639E-25
   45.5830994        -2.61663190E-25
   45.7098885        -2.06326114E-25
   45.8366814        -1.26965228E-25
   45.9634743        -2.50704510E-26
   46.0902672         9.57710542E-26
   46.2170601         2.29654419E-25
   46.3438530         3.68270938E-25
   46.4706459         5.00995947E-25
   46.5974388         6.15170941E-25
   46.7242317         6.96604954E-25
   46.8510246         7.30344485E-25
   46.9778175         7.01672596E-25
   47.1046104         5.97360187E-25
   47.2314034         4.07108113E-25
   47.3581963         1.25130879E-25
   47.4849892        -2.48201427E-25
   47.6117783        -7.04783420E-25
   47.7385712        -1.22738306E-24
   47.8653641        -1.78859537E-24
   47.9921570        -2.35032015E-24
   48.1189499        -2.86391100E-24
   48.2457428        -3.27113047E-24
   48.3725357        -3.50619642E-24
   48.4993286        -3.49879375E-24
   48.6261215        -3.17828272E-24
   48.7529144        -2.47904923E-24
   48.8797073        -1.34679185E-24
   49.0065002         2.54330457E-25
   49.1332932         2.33408776E-24
   49.2600861         4.86851897E-24
   49.3868790         7.79275220E-24
   49.5136681         1.09949114E-23
   49.6404610         1.43119847E-23
   49.7672539         1.75280696E-23
   49.8940468         2.03762062E-23
   50.0208397         2.25441916E-23
   50.1476326         2.36849444E-23
   50.2744255         2.34319962E-23
   50.4012184         2.14204719E-23
   50.5280113         1.73127911E-23
   50.6548042         1.08288617E-23
   50.7815971         1.78024863E-24
   50.9083900        -9.89405125E-24
   51.0351830        -2.40914208E-23
   51.1619759        -4.05119297E-23
   51.2887688        -5.86295309E-23
   51.4155579        -7.76715540E-23
   51.5423508        -9.66098829E-23
   51.6691437        -1.14166563E-22
   51.7959366        -1.28837672E-22
   51.9227295        -1.38937300E-22
   52.0495224        -1.42664157E-22
   52.1763153        -1.38190659E-22
   52.3031082        -1.23775028E-22
   52.4299011        -9.78940348E-23
   52.5566940        -5.93905860E-23
   52.6834869        -7.63378962E-24
   52.8102798         5.73192329E-23
   52.9370728         1.34568614E-22
   53.0638657         2.22235143E-22
   53.1906586         3.17354728E-22
   53.3174477         4.15817317E-22
   53.4442406         5.12364729E-22
   53.5710335         6.00657979E-22
   53.6978264         6.73427608E-22
   53.8246193         7.22714022E-22
   53.9514122         7.40201642E-22
   54.0782051         7.17649005E-22
   54.2049980         6.47404337E-22
   54.3317909         5.22996049E-22
   54.4585838         3.39778573E-22
   54.5853767         9.56019837E-23
   54.7121696        -2.08527681E-22
   54.8389626        -5.67838538E-22
   54.9657555        -9.73282600E-22
   55.0925484        -1.41117568E-21
   55.2193375        -1.86303834E-21
   55.3461304        -2.30568780E-21
   55.4729233        -2.71163214E-21
   55.5997162        -3.04978846E-21
   55.7265091        -3.28656588E-21
   55.8533020        -3.38731046E-21
   55.9800949        -3.31809467E-21
   56.1068878        -3.04783078E-21
   56.2336807        -2.55062737E-21
   56.3604736        -1.80830406E-21
   56.4872665        -8.12967283E-22
   56.6140594         4.30523982E-22
   56.7408524         1.90233345E-21
   56.8676453         3.56586899E-21
   56.9944382         5.36660282E-21
   57.1212273         7.23170567E-21
   57.2480202         9.07064611E-21
   57.3748131         1.07769008E-20
   57.5016060         1.22308969E-20
   57.6283989         1.33042308E-20
   57.7551918         1.38651885E-20
   57.8819847         1.37854286E-20
   58.0087776         1.29477297E-20
   58.1355705         1.12545370E-20
   58.2623634         8.63695547E-21
   58.3891563         5.06376464E-21
   58.5159492         5.49976859E-22
   58.6427422        -4.83560900E-21
   58.7695351        -1.09645351E-20
   58.8963280        -1.76449855E-20
   59.0231171        -2.46209566E-20
   59.1499100        -3.15748152E-20
   59.2767029        -3.81336014E-20
   59.4034958        -4.38795049E-20
   59.5302887        -4.83645945E-20
   59.6570816        -5.11296137E-20
   59.7838745        -5.17267153E-20
   59.9106674        -4.97453754E-20
   60.0374603        -4.48406338E-20
   60.1642532        -3.67627143E-20
   60.2910461        -2.53861714E-20
   60.4178391        -1.07375855E-20
   60.5446320         6.98061031E-21
   60.6714249         2.73715260E-20
   60.7982178         4.98326430E-20
   60.9250069         7.35538500E-20
   61.0517998         9.75259061E-20
   61.1785927         1.20561057E-19
   61.3053856         1.41326289E-19
   61.4321785         1.58389500E-19
   61.5589714         1.70278089E-19
   61.6857643         1.75549439E-19
   61.8125572         1.72870137E-19
   61.9393501         1.61102213E-19
   62.0661430         1.39392910E-19
   62.1929359         1.07262442E-19
   62.3197289         6.46868745E-20
   62.4465218         1.21693220E-20
   62.5733147        -4.92051554E-20
   62.7001076        -1.17736468E-19
   62.8268967        -1.91103446E-19
   62.9536896        -2.66388682E-19
   63.0804825        -3.40137805E-19
   63.2072754        -4.08455247E-19
   63.3340683        -4.67136861E-19
   63.4608612        -5.11837133E-19
   63.5876541        -5.38268862E-19
   63.7144470        -5.42427616E-19
   63.8412399        -5.20835255E-19
   63.9680328        -4.70790104E-19
   64.0948257        -3.90614822E-19
   64.2216187        -2.79885220E-19
   64.3484116        -1.39630039E-19
   64.4752045         2.75167964E-20
   64.6019974         2.17223031E-19
   64.7287903         4.23437607E-19
   64.8555832         6.38454806E-19
   64.9823761         8.53070590E-19
   65.1091690         1.05683366E-18
   65.2359619         1.23839588E-18
   65.3627548         1.38595259E-18
   65.4895477         1.48776653E-18
   65.6163330         1.53275699E-18
   65.7431259         1.51113211E-18
   65.8699188         1.41504588E-18
   65.9967117         1.23923815E-18
   66.1235046         9.81630639E-19
   66.2502975         6.43843578E-19
   66.3770905         2.31592839E-19
   66.5038834        -2.45065078E-19
   66.6306763        -7.71669918E-19
   66.7574692        -1.32951054E-18
   66.8842621        -1.89600115E-18
   67.0110550        -2.44529975E-18
   67.1378479        -2.94916503E-18
   67.2646408        -3.37803667E-18
   67.3914337        -3.70231153E-18
   67.5182266        -3.89378523E-18
   67.6450195        -3.92718968E-18
   67.7718124        -3.78178332E-18
   67.8986053        -3.44290211E-18
   68.0253983        -2.90339919E-18
   68.1521912        -2.16488924E-18
   68.2789841        -1.23870896E-18
   68.4057770        -1.46505603E-19
   68.5325699         1.07959478E-18
   68.6593628         2.39733051E-18
   68.7861557         3.75517912E-18
   68.9129486         5.09377780E-18
   69.0397415         6.34790562E-18
   69.1665344         7.44897317E-18
   69.2933273         8.32795101E-18
   69.4201126         8.91867295E-18
   69.5469055         9.16134458E-18
   69.6736984         9.00615391E-18
   69.8004913         8.41679269E-18
   69.9272842         7.37370305E-18
   70.0540771         5.87685893E-18
   70.1808701         3.94791345E-18
   70.3076630         1.63151470E-18
   70.4344559        -1.00435598E-18
   70.5612488        -3.86916833E-18
   70.6880417        -6.85177896E-18
   70.8148346        -9.82360936E-18
   70.9416275        -1.26430139E-17
   71.0684204        -1.51607383E-17
   71.1952133        -1.72263605E-17
   71.3220062        -1.86954283E-17
   71.4487991        -1.94370983E-17
   71.5755920        -1.93418931E-17
   71.7023849        -1.83292553E-17
   71.8291779        -1.63544079E-17
   71.9559708        -1.34143069E-17
   72.0827637        -9.55202529E-18
   72.2095566        -4.85945449E-18
   72.3363495         5.22143131E-19
   72.4631424         6.40396654E-18
   72.5899353         1.25539622E-17
   72.7167282         1.87036902E-17
   72.8435211         2.45576788E-17
   72.9703140         2.98050248E-17
   73.0971069         3.41329727E-17
   73.2238922         3.72418582E-17
   73.3506851         3.88611106E-17
   73.4774780         3.87652238E-17
   73.6042709         3.67893375E-17
   73.7310638         3.28433187E-17
   73.8578568         2.69235907E-17
   73.9846497         1.91220732E-17
   74.1114426         9.63123941E-18
   74.2382355        -1.25523004E-18
   74.3650284        -1.31465337E-17
   74.4918213        -2.55640764E-17
   74.6186142        -3.79558772E-17
   74.7454071        -4.97161058E-17
   74.8722000        -6.02090077E-17
   74.9989929        -6.87967902E-17
   75.1257858        -7.48702414E-17
   75.2525787        -7.78810068E-17
   75.3793716        -7.73741370E-17
   75.5061646        -7.30193024E-17
   75.6329575        -6.46390231E-17
   75.7597504        -5.22322900E-17
   75.8865433        -3.59921339E-17
   76.0133362        -1.63153253E-17
   76.1401291         6.19631526E-18
   76.2669220         3.07448277E-17
   76.3937149         5.63547828E-17
   76.5205078         8.19024876E-17
   76.6473007         1.06154887E-16
   76.7740936         1.27817589E-16
   76.9008865         1.45590101E-16
   77.0276718         1.58226827E-16
   77.1544647         1.64601226E-16
   77.2812576         1.63770393E-16
   77.4080505         1.55036861E-16
   77.5348434         1.38005212E-16
   77.6616364         1.12629375E-16
   77.7884293         7.92480849E-17
   77.9152222         3.86056574E-17
   78.0420151        -8.14389753E-18
   78.1688080        -5.94518728E-17
   78.2956009        -1.13408884E-16
   78.4223938        -1.67799636E-16
   78.5491867        -2.20175587E-16
   78.6759796        -2.67945744E-16
   78.8027725        -3.08481829E-16
   78.9295654        -3.39234313E-16
   79.0563583        -3.57855512E-16
   79.1831512        -3.62324378E-16
   79.3099442        -3.51066516E-16
   79.4367371        -3.23065698E-16
   79.5635300        -2.77958547E-16
   79.6903229        -2.16108704E-16
   79.8171158        -1.38654052E-16
   79.9439087        -4.75237166E-17
   80.0707016         5.45796995E-17
   80.1974945         1.64233296E-16
   80.3242874         2.77383703E-16
   80.4510803         3.89473108E-16
   80.5778732         4.95596436E-16
   80.7046585         5.90688114E-16
   80.8314514         6.69729840E-16
   80.9582443         7.27973573E-16
   81.0850372         7.61168476E-16
   81.2118301         7.65786553E-16
   81.3386230         7.39230588E-16
   81.4654160         6.80019544E-16
   81.5922089         5.87937745E-16
   81.7190018         4.64140862E-16
   81.8457947         3.11209513E-16
   81.9725876         1.33144288E-16
   82.0993805        -6.47008830E-17
   82.2261734        -2.75748717E-16
   82.3529663        -4.92392164E-16
   82.4797592        -7.06244848E-16
   82.6065521        -9.08443471E-16
   82.7333450        -1.08999175E-15
   82.8601379        -1.24213284E-15
   82.9869308        -1.35673672E-15
   83.1137238        -1.42668618E-15
   83.2405167        -1.44624428E-15
   83.3673096        -1.41138569E-15
   83.4941025        -1.32007438E-15
   83.6208954        -1.17247391E-15
   83.7476883        -9.71073934E-16
   83.8744812        -7.20724029E-16
   84.0012741        -4.28567993E-16
   84.1280670        -1.03869718E-16
   84.2548599         2.42255393E-16
   84.3816528         5.97217520E-16
   84.5084381         9.47405822E-16
   84.6352310         1.27872043E-15
   84.7620239         1.57715237E-15
   84.8888168         1.82939381E-15
   85.0156097         2.02345329E-15
   85.1424026         2.14924764E-15
   85.2691956         2.19913512E-15
   85.3959885         2.16837872E-15
   85.5227814         2.05549761E-15
   85.6495743         1.86248802E-15
   85.7763672         1.59490957E-15
   85.9031601         1.26179343E-15
   86.0299530         8.75411727E-16
   86.1567459         4.50854462E-16
   86.2835388         5.47135349E-18
   86.4103317        -4.41829167E-16
   86.5371246        -8.71401820E-16
   86.6639175        -1.26376416E-15
   86.7907104        -1.60054647E-15
   86.9175034        -1.86544035E-15
   87.0442963        -2.04511277E-15
   87.1710892        -2.13003439E-15
   87.2978821        -2.11516938E-15
   87.4246750        -2.00049552E-15
   87.5514679        -1.79130951E-15
   87.6782608        -1.49828937E-15
   87.8050537        -1.13729250E-15
   87.9318466        -7.28880533E-16
   88.0586395        -2.97559233E-16
   88.1854324         1.29224021E-16
   88.3122177         5.22325090E-16
   88.4390106         8.52342309E-16
   88.5658035         1.09118501E-15
   88.6925964         1.21371330E-15
   88.8193893         1.19939696E-15
   88.9461823         1.03386830E-15
   89.0729752         7.10338241E-16
   89.1997681         2.30754380E-16
   89.3265610        -3.93358580E-16
   89.4533539        -1.14045141E-15
   89.5801468        -1.97895886E-15
   89.7069397        -2.86779289E-15
   89.8337326        -3.75736912E-15
   89.9605255        -4.59114473E-15
   90.0873184        -5.30767362E-15
   90.2141113        -5.84311406E-15
   90.3409042        -6.13411774E-15
   90.4676971        -6.12105056E-15
   90.5944901        -5.75135075E-15
   90.7212830        -4.98297751E-15
   90.8480759        -3.78773313E-15
   90.9748688        -2.15432666E-15
   91.1016617        -9.10368314E-17
   91.2284546         2.37223838E-15
   91.3552475         5.18264901E-15
   91.4820404         8.26393634E-15
   91.6088333         1.15169494E-14
   91.7356262         1.48212521E-14
   91.8624191         1.80377716E-14
   91.9892120         2.10126208E-14
   92.1159973         2.35819055E-14
   92.2427902         2.55775558E-14
   92.3695831         2.68339140E-14
   92.4963760         2.71950092E-14
   92.6231689         2.65221466E-14
   92.7499619         2.47016898E-14
   92.8767548         2.16525914E-14
   93.0035477         1.73334281E-14
   93.1303406         1.17486045E-14
   93.2571335         4.95331781E-15
   93.3839264        -2.94294207E-15
   93.5107193        -1.17747007E-14
   93.6375122        -2.13208510E-14
   93.7643051        -3.13072220E-14
   93.8910980        -4.14114611E-14
   94.0178909        -5.12703622E-14
   94.1446838        -6.04894146E-14
   94.2714767        -6.86545886E-14
   94.3982697        -7.53459862E-14
   94.5250626        -8.01530947E-14
   94.6518555        -8.26911510E-14
   94.7786484        -8.26180826E-14
   94.9054413        -7.96515292E-14
   95.0322342        -7.35852826E-14
   95.1590271        -6.43041122E-14
   95.2858200        -5.17971422E-14
   95.4126129        -3.61680629E-14
   95.5394058        -1.76423461E-14
   95.6661987         3.42939733E-15
   95.7929916         2.65725247E-14
   95.9197769         5.11938006E-14
   96.0465698         7.65918701E-14
   96.1733627         1.01972575E-13
   96.3001556         1.26468755E-13
   96.4269485         1.49164657E-13
   96.5537415         1.69123789E-13
   96.6805344         1.85420337E-13
   96.8073273         1.97172438E-13
   96.9341202         2.03576752E-13
   97.0609131         2.03943118E-13
   97.1877060         1.97727807E-13
   97.3144989         1.84564522E-13
   97.4412918         1.64291242E-13
   97.5680847         1.36972397E-13
   97.6948776         1.02914307E-13
   97.8216705         6.26737499E-14
   97.9484634         1.70581001E-14
   98.0752563        -3.28829608E-14
   98.2020493        -8.58750191E-14
   98.3288422        -1.40445476E-13
   98.4556351        -1.94958877E-13
   98.5824280        -2.47660291E-13
   98.7092209        -2.96725996E-13
   98.8360138        -3.40319976E-13
   98.9628067        -3.76654437E-13
   99.0895996        -4.04053147E-13
   99.2163925        -4.21014758E-13
   99.3431854        -4.26274440E-13
   99.4699783        -4.18861235E-13
   99.5967712        -3.98149233E-13
   99.7235565        -3.63900289E-13
   99.8503494        -3.16295276E-13
   99.9771423        -2.55954681E-13
   100.103935        -1.83943572E-13
   100.230728        -1.01763074E-13
   100.357521        -1.13268431E-14
   100.484314         8.50791470E-14
   100.611107         1.84849816E-13
   100.737900         2.85128935E-13
   100.864693         3.82888843E-13
   100.991486         4.75019763E-13
   101.118279         5.58426677E-13
   101.245071         6.30130225E-13
   101.371864         6.87368456E-13
   101.498657         7.27696820E-13
   101.625450         7.49081298E-13
   101.752243         7.49982108E-13
   101.879036         7.29424442E-13
   102.005829         6.87054038E-13
   102.132622         6.23173171E-13
   102.259415         5.38757244E-13
   102.386208         4.35447929E-13
   102.513000         3.15525628E-13
   102.639793         1.81858909E-13
   102.766586         3.78318999E-14
   102.893379        -1.12746977E-13
   103.020172        -2.65753782E-13
   103.146965        -4.16871399E-13
   103.273758        -5.61722001E-13
   103.400551        -6.96004560E-13
   103.527336        -8.15634398E-13
   103.654129        -9.16876926E-13
   103.780922        -9.96473845E-13
   103.907715        -1.05175601E-12
   104.034508        -1.08073587E-12
   104.161301        -1.08218187E-12
   104.288094        -1.05566532E-12
   104.414886        -1.00158109E-12
   104.541679        -9.21141527E-13
   104.668472        -8.16339238E-13
   104.795265        -6.89885865E-13
   104.922058        -5.45122595E-13
   105.048851        -3.85909349E-13
   105.175644        -2.16496282E-13
   105.302437        -4.13800735E-14
   105.429230         1.34846656E-13
   105.556023         3.07649793E-13
   105.682816         4.72703528E-13
   105.809608         6.26031833E-13
   105.936401         7.64133223E-13
   106.063194         8.84086912E-13
   106.189987         9.83634073E-13
   106.316780         1.06122977E-12
   106.443573         1.11606568E-12
   106.570366         1.14806309E-12
   106.697159         1.15783143E-12
   106.823952         1.14660180E-12
   106.950745         1.11613128E-12
   107.077538         1.06858771E-12
   107.204330         1.00641826E-12
   107.331116         9.32206677E-13
   107.457909         8.48529200E-13
   107.584702         7.57815197E-13
   107.711494         6.62215291E-13
   107.838287         5.63494238E-13
   107.965080         4.62942889E-13
   108.091873         3.61323059E-13
   108.218666         2.58844243E-13
   108.345459         1.55178496E-13
   108.472252         4.95098957E-14
   108.599045        -5.93788053E-14
   108.725838        -1.72986625E-13
   108.852631        -2.92947524E-13
   108.979424        -4.20861506E-13
   109.106216        -5.58112204E-13
   109.233009        -7.05677487E-13
   109.359802        -8.63950079E-13
   109.486595        -1.03256553E-12
   109.613388        -1.21026464E-12
   109.740181        -1.39478143E-12
   109.866974        -1.58278056E-12
   109.993767        -1.76984306E-12
   110.120560        -1.95050486E-12
   110.247353        -2.11835866E-12
   110.374146        -2.26620784E-12
   110.500938        -2.38628063E-12
   110.627731        -2.47049364E-12
   110.754524        -2.51075875E-12
   110.881317        -2.49932106E-12
   111.008102        -2.42911702E-12
   111.134895        -2.29414513E-12
   111.261688        -2.08981552E-12
   111.388481        -1.81328585E-12
   111.515274        -1.46374655E-12
   111.642067        -1.04266151E-12
   111.768860        -5.53926208E-13
   111.895653        -3.95063451E-15
   112.022446         5.98344128E-13
   112.149239         1.24163039E-12
   112.276031         1.91237260E-12
   112.402824         2.59511791E-12
   112.529617         3.27288045E-12
   112.656410         3.92760087E-12
   112.783203         4.54066125E-12
   112.909996         5.09345951E-12
   113.036789         5.56799962E-12
   113.163582         5.94748643E-12
   113.290375         6.21690893E-12
   113.417168         6.36356636E-12
   113.543961         6.37754086E-12
   113.670753         6.25208609E-12
   113.797546         5.98389871E-12
   113.924339         5.57329920E-12
   114.051132         5.02425835E-12
   114.177925         4.34431918E-12
   114.304718         3.54437465E-12
   114.431511         2.63833942E-12
   114.558304         1.64271992E-12
   114.685097         5.76062581E-13
   114.811882        -5.41609943E-13
   114.938675        -1.68944578E-12
   115.065468        -2.84640150E-12
   115.192261        -3.99185936E-12
   115.319054        -5.10620322E-12
   115.445847        -6.17130002E-12
   115.572639        -7.17091230E-12
   115.699432        -8.09094024E-12
   115.826225        -8.91957168E-12
   115.953018        -9.64726563E-12
   116.079811        -1.02665845E-11
   116.206604        -1.07719129E-11
   116.333397        -1.11590485E-11
   116.460190        -1.14246746E-11
   116.586983        -1.15658264E-11
   116.713776        -1.15792653E-11
   116.840569        -1.14609242E-11
   116.967361        -1.12053769E-11
   117.094154        -1.08054199E-11
   117.220947        -1.02518393E-11
   117.347740        -9.53333159E-12
   117.474533        -8.63661573E-12
   117.601326        -7.54686678E-12
   117.728119        -6.24835643E-12
   117.854912        -4.72533774E-12
   117.981705        -2.96321388E-12
   118.108498        -9.49911590E-13
   118.235291         1.32261747E-12
   118.362083         3.85667713E-12
   118.488876         6.64718497E-12
   118.615662         9.67993827E-12
   118.742455         1.29301092E-11
   118.869247         1.63608328E-11
   118.996040         1.99222548E-11
   119.122833         2.35507239E-11
   119.249626         2.71687811E-11
   119.376419         3.06853917E-11
   119.503212         3.39970378E-11
   119.630005         3.69892381E-11
   119.756798         3.95388826E-11
   119.883591         4.15171265E-11
   120.010384         4.27930018E-11
   120.137177         4.32373824E-11
   120.263969         4.27276652E-11
   120.390762         4.11525536E-11
   120.517555         3.84171965E-11
   120.644348         3.44482394E-11
   120.771141         2.91988274E-11
   120.897934         2.26531988E-11
   121.024727         1.48307842E-11
   121.151520         5.78956284E-12
   121.278313        -4.37151183E-12
   121.405106        -1.55111046E-11
   121.531898        -2.74453359E-11
   121.658691        -3.99489469E-11
   121.785484        -5.27578883E-11
   121.912277        -6.55732829E-11
   122.039070        -7.80668516E-11
   122.165863        -8.98876043E-11
   122.292656        -1.00669979E-10
   122.419441        -1.10042808E-10
   122.546234        -1.17639343E-10
   122.673027        -1.23107927E-10
   122.799820        -1.26122876E-10
   122.926613        -1.26395561E-10
   123.053406        -1.23685229E-10
   123.180199        -1.17809026E-10
   123.306992        -1.08651269E-10
   123.433784        -9.61714527E-11
   123.560577        -8.04105463E-11
   123.687370        -6.14955795E-11
   123.814163        -3.96421056E-11
   123.940956        -1.51544211E-11
   124.067749         1.15764863E-11
   124.194542         4.00774969E-11
   124.321335         6.98003461E-11
   124.448128         1.00130779E-10
   124.574921         1.30400066E-10
   124.701714         1.59898331E-10
   124.828506         1.87889648E-10
   124.955299         2.13628532E-10
   125.082092         2.36377390E-10
   125.208885         2.55424376E-10
   125.335678         2.70101830E-10
   125.462471         2.79803986E-10
   125.589264         2.84004181E-10
   125.716057         2.82270901E-10
   125.842850         2.74281931E-10
   125.969643         2.59837124E-10
   126.096436         2.38868175E-10
   126.223221         2.11446444E-10
   126.350014         1.77787382E-10
   126.476807         1.38252465E-10
   126.603600         9.33476421E-11
   126.730392         4.37189347E-11
   126.857185        -9.85514621E-12
   126.983978        -6.64742775E-11
   127.110771        -1.25129823E-10
   127.237564        -1.84720531E-10
   127.364357        -2.44071457E-10
   127.491150        -3.01953879E-10
   127.617943        -3.57107760E-10
   127.744736        -4.08265283E-10
   127.871529        -4.54175059E-10
   127.998322        -4.93627306E-10
   128.125107        -5.25478827E-10
   128.251907        -5.48677603E-10
   128.378693        -5.62287328E-10
   128.505493        -5.65509695E-10
   128.632278        -5.57706159E-10
   128.759079        -5.38417477E-10
   128.885864        -5.07380638E-10
   129.012665        -4.64543404E-10
   129.139450        -4.10075779E-10
   129.266251        -3.44378442E-10
   129.393036        -2.68087275E-10
   129.519836        -1.82074009E-10
   129.646622        -8.74432957E-11
   129.773422         1.44751320E-11
   129.900208         1.22138147E-10
   130.027008         2.33805669E-10
   130.153793         3.47561063E-10
   130.280594         4.61337218E-10
   130.407379         5.72945302E-10
   130.534180         6.80108414E-10
   130.660965         7.80499665E-10
   130.787766         8.71782313E-10
   130.914551         9.51653867E-10
   131.041351         1.01789210E-09
   131.168137         1.06840214E-09
   131.294937         1.10126563E-09
   131.421722         1.11478859E-09
   131.548523         1.10754816E-09
   131.675308         1.07843889E-09
   131.802109         1.02671371E-09
   131.928894         9.52021129E-10
   132.055679         8.54438409E-10
   132.182480         7.34496630E-10
   132.309265         5.93198546E-10
   132.436066         4.32028358E-10
   132.562851         2.52952409E-10
   132.689651         5.84088541E-11
   132.816437        -1.48711835E-10
   132.943237        -3.65098035E-10
   133.070023        -5.87058180E-10
   133.196823        -8.10572387E-10
   133.323608        -1.03135545E-09
   133.450409        -1.24492749E-09
   133.577194        -1.44669299E-09
   133.703995        -1.63202907E-09
   133.830780        -1.79637616E-09
   133.957581        -1.93533434E-09
   134.084366        -2.04476192E-09
   134.211166        -2.12087370E-09
   134.337952        -2.16033436E-09
   134.464752        -2.16035323E-09
   134.591537        -2.11876605E-09
   134.718338        -2.03411199E-09
   134.845123        -1.90569960E-09
   134.971924        -1.73365766E-09
   135.098709        -1.51897572E-09
   135.225510        -1.26352429E-09
   135.352295        -9.70061920E-10
   135.479095        -6.42223330E-10
   135.605881        -2.84488766E-10
   135.732666         9.78633979E-11
   135.859467         4.98822150E-10
   135.986252         9.11727194E-10
   136.113052         1.32936717E-09
   136.239838         1.74409331E-09
   136.366638         2.14794471E-09
   136.493423         2.53278576E-09
   136.620224         2.89045032E-09
   136.747009         3.21289417E-09
   136.873810         3.49234730E-09
   137.000595         3.72147002E-09
   137.127396         3.89350374E-09
   137.254181         4.00242106E-09
   137.380981         4.04306233E-09
   137.507767         4.01126554E-09
   137.634567         3.90398247E-09
   137.761353         3.71937836E-09
   137.888153         3.45691431E-09
   138.014938         3.11741610E-09
   138.141739         2.70311151E-09
   138.268524         2.21765317E-09
   138.395325         1.66611702E-09
   138.522110         1.05497744E-09
   138.648911         3.92056804E-10
   138.775696        -3.13548354E-10
   138.902496        -1.05156372E-09
   139.029282        -1.81065851E-09
   139.156082        -2.57858535E-09
   139.282867        -3.34234462E-09
   139.409653        -4.08836520E-09
   139.536453        -4.80270401E-09
   139.663239        -5.47125723E-09
   139.790039        -6.07999073E-09
   139.916824        -6.61516708E-09
   140.043625        -7.06359682E-09
   140.170410        -7.41287431E-09
   140.297211        -7.65162600E-09
   140.423996        -7.76974840E-09
   140.550797        -7.75863640E-09
   140.677582        -7.61141017E-09
   140.804382        -7.32310257E-09
   140.931168        -6.89085589E-09
   141.057968        -6.31407016E-09
   141.184753        -5.59452973E-09
   141.311554        -4.73650186E-09
   141.438339        -3.74679621E-09
   141.565140        -2.63477973E-09
   141.691925        -1.41236300E-09
   141.818726        -9.39296557E-11
   141.945511         1.30376965E-09
   142.072311         2.76177903E-09
   142.199097         4.25913171E-09
   142.325897         5.77309844E-09
   142.452682         7.27947969E-09
   142.579483         8.75292905E-09
   142.706268         1.01673203E-08
   142.833069         1.14961427E-08
   142.959854         1.27129276E-08
   143.086655         1.37916842E-08
   143.213440         1.47073669E-08
   143.340225         1.54363260E-08
   143.467026         1.59567648E-08
   143.593811         1.62492046E-08
   143.720612         1.62969016E-08
   143.847397         1.60862399E-08
   143.974197         1.56071227E-08
   144.100983         1.48532733E-08
   144.227783         1.38225067E-08
   144.354568         1.25169466E-08
   144.481369         1.09431744E-08
   144.608154         9.11229936E-09
   144.734955         7.03997127E-09
   144.861740         4.74630157E-09
   144.988541         2.25571961E-09
   145.115326        -4.03254680E-10
   145.242126        -3.19830717E-09
   145.368912        -6.09371220E-09
   145.495712        -9.05076902E-09
   145.622498        -1.20283090E-08
   145.749298        -1.49832537E-08
   145.876083        -1.78712316E-08
   146.002884        -2.06472262E-08
   146.129669        -2.32662405E-08
   146.256470        -2.56840202E-08
   146.383255        -2.78577428E-08
   146.510056        -2.97467206E-08
   146.636841        -3.13130890E-08
   146.763641        -3.25224718E-08
   146.890427        -3.33446124E-08
   147.017212        -3.37539348E-08
   147.144012        -3.37300499E-08
   147.270798        -3.32582317E-08
   147.397598        -3.23297833E-08
   147.524384        -3.09422887E-08
   147.651184        -2.90998674E-08
   147.777969        -2.68132183E-08
   147.904770        -2.40996574E-08
   148.031555        -2.09830073E-08
   148.158356        -1.74934023E-08
   148.285141        -1.36669742E-08
   148.411942        -9.54547819E-09
   148.538727        -5.17578913E-09
   148.665527        -6.09327699E-10
   148.792313         4.09858947E-09
   148.919113         8.88946605E-09
   149.045898         1.37024152E-08
   149.172699         1.84749762E-08
   149.299484         2.31439738E-08
   149.426285         2.76464025E-08
   149.553070         3.19202762E-08
   149.679871         3.59055363E-08
   149.806656         3.95448403E-08
   149.933456         4.27843752E-08
   150.060242         4.55745877E-08
   150.187042         4.78707953E-08
   150.313828         4.96337762E-08
   150.440628         5.08301845E-08
   150.567413         5.14328988E-08
   150.694214         5.14211678E-08
   150.820999         5.07806561E-08
   150.947784         4.95033987E-08
   151.074585         4.75874700E-08
   151.201370         4.50365647E-08
   151.328171         4.18594688E-08
   151.454956         3.80692846E-08
   151.581757         3.36825678E-08
   151.708542         2.87183219E-08
   151.835342         2.31968613E-08
   151.962128         1.71385857E-08
   152.088928         1.05626370E-08
   152.215714         3.48557316E-09
   152.342514        -4.08010825E-09
   152.469299        -1.21273285E-08
   152.596100        -2.06558397E-08
   152.722885        -2.96735578E-08
   152.849686        -3.91978041E-08
   152.976471        -4.92564212E-08
   153.103271        -5.98887482E-08
   153.230057        -7.11463599E-08
   153.356857        -8.30937452E-08
   153.483643        -9.58085380E-08
   153.610443        -1.09381638E-07
   153.737228        -1.23917033E-07
   153.864029        -1.39531238E-07
   153.990814        -1.56352556E-07
   154.117615        -1.74520082E-07
   154.244400        -1.94182178E-07
   154.371201        -2.15494936E-07
   154.497986        -2.38620117E-07
   154.624771        -2.63723109E-07
   154.751572        -2.90970490E-07
   154.878357        -3.20527477E-07
   155.005157        -3.52555219E-07
   155.131943        -3.87207933E-07
   155.258743        -4.24630173E-07
   155.385529        -4.64953814E-07
   155.512329        -5.08295216E-07
   155.639114        -5.54752773E-07
   155.765915        -6.04404022E-07
   155.892700        -6.57303417E-07
   156.019501        -7.13479892E-07
   156.146286        -7.72935607E-07
   156.273087        -8.35643618E-07
   156.399872        -9.01547253E-07
   156.526672        -9.70558744E-07
   156.653458        -1.04255946E-06
   156.780258        -1.11739871E-06
   156.907043        -1.19489482E-06
   157.033844        -1.27483577E-06
   157.160629        -1.35698031E-06
   157.287430        -1.44105854E-06
   157.414215        -1.52677489E-06
   157.541016        -1.61380945E-06
   157.667801        -1.70182022E-06
   157.794601        -1.79044594E-06
   157.921387        -1.87930914E-06
   158.048187        -1.96801830E-06
   158.174973        -2.05617243E-06
   158.301773        -2.14336228E-06
   158.428558        -2.22917447E-06
   158.555344        -2.31319609E-06
   158.682144        -2.39501628E-06
   158.808929        -2.47422895E-06
   158.935730        -2.55043915E-06
   159.062515        -2.62326330E-06
   159.189316        -2.69233215E-06
   159.316101        -2.75729576E-06
   159.442902        -2.81782513E-06
   159.569687        -2.87361513E-06
   159.696487        -2.92438631E-06
   159.823273        -2.96988878E-06
   159.950073        -3.00990246E-06
   160.076859        -3.04424179E-06
   160.203659        -3.07275582E-06
