  -4.50000000         0.00000000    
  -4.37320757         0.00000000    
  -4.24641466         0.00000000    
  -4.11962223         0.00000000    
  -3.99282932         0.00000000    
  -3.86603665         0.00000000    
  -3.73924398         0.00000000    
  -3.61245155         0.00000000    
  -3.48565888         0.00000000    
  -3.35886621         0.00000000    
  -3.23207355         0.00000000    
  -3.10528088         0.00000000    
  -2.97848821         0.00000000    
  -2.85169554         0.00000000    
  -2.72490287         0.00000000    
  -2.59811020         0.00000000    
  -2.47131753         0.00000000    
  -2.34452486         0.00000000    
  -2.21773219         0.00000000    
  -2.09093952         0.00000000    
  -1.96414697         0.00000000    
  -1.83735430         0.00000000    
  -1.71056163         0.00000000    
  -1.58376896         0.00000000    
  -1.45697629         0.00000000    
  -1.33018374         0.00000000    
  -1.20339108         0.00000000    
  -1.07659841         0.00000000    
 -0.949805737         0.00000000    
 -0.823013067         0.00000000    
 -0.696220458         0.00000000    
 -0.569427788         0.00000000    
 -0.442635119         0.00000000    
 -0.315842479         0.00000000    
 -0.189049825         0.00000000    
  -6.22571707E-02     0.00000000    
   6.45354837E-02     0.00000000    
  0.191328138         0.00000000    
  0.318120778         0.00000000    
  0.444913447         0.00000000    
  0.571706116         0.00000000    
  0.698498726         0.00000000    
  0.825291395         0.00000000    
  0.952084064         0.00000000    
   1.07887673         0.00000000    
   1.20566940         0.00000000    
   1.33246195         0.00000000    
   1.45925462         0.00000000    
   1.58604729         0.00000000    
   1.71283996         0.00000000    
   1.83963263         0.00000000    
   1.96642530         0.00000000    
   2.09321785         0.00000000    
   2.22001052         0.00000000    
   2.34680319         0.00000000    
   2.47359586         0.00000000    
   2.60038853         0.00000000    
   2.72718120         0.00000000    
   2.85397387         0.00000000    
   2.98076653         0.00000000    
   3.10755920         0.00000000    
   3.23435187         0.00000000    
   3.36114454         0.00000000    
   3.48793697         0.00000000    
   3.61472964         0.00000000    
   3.74152231         0.00000000    
   3.86831498         0.00000000    
   3.99510765         0.00000000    
   4.12190056         0.00000000    
   4.24869299         0.00000000    
   4.37548542         0.00000000    
   4.50227833         0.00000000    
   4.62907076         0.00000000    
   4.75586367         0.00000000    
   4.88265610         0.00000000    
   5.00944901         0.00000000    
   5.13624144         0.00000000    
   5.26303434         0.00000000    
   5.38982677         0.00000000    
   5.51661968         0.00000000    
   5.64341211         0.00000000    
   5.77020502         0.00000000    
   5.89699745         0.00000000    
   6.02379036         0.00000000    
   6.15058279         0.00000000    
   6.27737522         0.00000000    
   6.40416813         0.00000000    
   6.53096056         0.00000000    
   6.65775347         0.00000000    
   6.78454590         0.00000000    
   6.91133881         0.00000000    
   7.03813124         0.00000000    
   7.16492414         0.00000000    
   7.29171658         0.00000000    
   7.41850948         0.00000000    
   7.54530191         0.00000000    
   7.67209482         0.00000000    
   7.79888725         0.00000000    
   7.92567968         0.00000000    
   8.05247211         0.00000000    
   8.17926502         0.00000000    
   8.30605793         0.00000000    
   8.43285084         0.00000000    
   8.55964279         0.00000000    
   8.68643570         0.00000000    
   8.81322861         0.00000000    
   8.94002151         0.00000000    
   9.06681347         0.00000000    
   9.19360638         0.00000000    
   9.32039928         0.00000000    
   9.44719219         0.00000000    
   9.57398415         0.00000000    
   9.70077705         0.00000000    
   9.82756996         0.00000000    
   9.95436192         0.00000000    
   10.0811548         0.00000000    
   10.2079477         0.00000000    
   10.3347406         0.00000000    
   10.4615326         0.00000000    
   10.5883255         0.00000000    
   10.7151184         0.00000000    
   10.8419113         0.00000000    
   10.9687033         0.00000000    
   11.0954962         0.00000000    
   11.2222891         0.00000000    
   11.3490820         0.00000000    
   11.4758739         0.00000000    
   11.6026669         0.00000000    
   11.7294598         0.00000000    
   11.8562517         0.00000000    
   11.9830446         0.00000000    
   12.1098375         0.00000000    
   12.2366304         0.00000000    
   12.3634224         0.00000000    
   12.4902153         0.00000000    
   12.6170082         0.00000000    
   12.7438011         0.00000000    
   12.8705931         0.00000000    
   12.9973860         0.00000000    
   13.1241789         0.00000000    
   13.2509708         0.00000000    
   13.3777637         0.00000000    
   13.5045567         0.00000000    
   13.6313496         0.00000000    
   13.7581415         0.00000000    
   13.8849344         0.00000000    
   14.0117273         0.00000000    
   14.1385202         0.00000000    
   14.2653122         0.00000000    
   14.3921051         0.00000000    
   14.5188980         0.00000000    
   14.6456909         0.00000000    
   14.7724829         0.00000000    
   14.8992758         0.00000000    
   15.0260687         0.00000000    
   15.1528606         0.00000000    
   15.2796535         0.00000000    
   15.4064465         0.00000000    
   15.5332394         0.00000000    
   15.6600313         0.00000000    
   15.7868242         0.00000000    
   15.9136171         0.00000000    
   16.0404091         0.00000000    
   16.1672020         0.00000000    
   16.2939949         0.00000000    
   16.4207878         0.00000000    
   16.5475807         0.00000000    
   16.6743736         0.00000000    
   16.8011646         0.00000000    
   16.9279575         0.00000000    
   17.0547504         0.00000000    
   17.1815434         0.00000000    
   17.3083363         0.00000000    
   17.4351292         0.00000000    
   17.5619221         0.00000000    
   17.6887150         0.00000000    
   17.8155060         0.00000000    
   17.9422989         0.00000000    
   18.0690918         0.00000000    
   18.1958847         0.00000000    
   18.3226776         0.00000000    
   18.4494705         0.00000000    
   18.5762634         0.00000000    
   18.7030544         0.00000000    
   18.8298473         0.00000000    
   18.9566402         0.00000000    
   19.0834332         0.00000000    
   19.2102261         0.00000000    
   19.3370190         0.00000000    
   19.4638119         0.00000000    
   19.5906048         0.00000000    
   19.7173958         0.00000000    
   19.8441887         0.00000000    
   19.9709816         0.00000000    
   20.0977745         0.00000000    
   20.2245674         0.00000000    
   20.3513603         0.00000000    
   20.4781532         0.00000000    
   20.6049442         0.00000000    
   20.7317371         0.00000000    
   20.8585300         0.00000000    
   20.9853230         0.00000000    
   21.1121159         0.00000000    
   21.2389088         0.00000000    
   21.3657017         0.00000000    
   21.4924946         0.00000000    
   21.6192856         0.00000000    
   21.7460785         0.00000000    
   21.8728714         0.00000000    
   21.9996643         0.00000000    
   22.1264572         0.00000000    
   22.2532501         0.00000000    
   22.3800430         0.00000000    
   22.5068340         0.00000000    
   22.6336269         0.00000000    
   22.7604198         0.00000000    
   22.8872128         0.00000000    
   23.0140057         0.00000000    
   23.1407986         0.00000000    
   23.2675915         0.00000000    
   23.3943844         0.00000000    
   23.5211754         0.00000000    
   23.6479683         0.00000000    
   23.7747612         0.00000000    
   23.9015541         0.00000000    
   24.0283470         0.00000000    
   24.1551399         0.00000000    
   24.2819328         0.00000000    
   24.4087238         0.00000000    
   24.5355167         0.00000000    
   24.6623096         0.00000000    
   24.7891026         0.00000000    
   24.9158955         0.00000000    
   25.0426884         0.00000000    
   25.1694813         0.00000000    
   25.2962742         0.00000000    
   25.4230652         0.00000000    
   25.5498581         0.00000000    
   25.6766510         0.00000000    
   25.8034439         0.00000000    
   25.9302368         0.00000000    
   26.0570297         0.00000000    
   26.1838226         0.00000000    
   26.3106136         0.00000000    
   26.4374065         0.00000000    
   26.5641994         0.00000000    
   26.6909924         0.00000000    
   26.8177853         0.00000000    
   26.9445782         0.00000000    
   27.0713711         0.00000000    
   27.1981640         0.00000000    
   27.3249550         0.00000000    
   27.4517479         0.00000000    
   27.5785408         0.00000000    
   27.7053337         0.00000000    
   27.8321266         0.00000000    
   27.9589195         0.00000000    
   28.0857124         0.00000000    
   28.2125034         0.00000000    
   28.3392963         0.00000000    
   28.4660892         0.00000000    
   28.5928822         0.00000000    
   28.7196751         0.00000000    
   28.8464680         0.00000000    
   28.9732609         0.00000000    
   29.1000538        -3.30148021E-33
   29.2268448        -1.30712915E-32
   29.3536377        -2.28410043E-32
   29.4804306        -3.13613165E-32
   29.6072235        -2.40981000E-32
   29.7340164         6.71377941E-33
   29.8608093         5.21041221E-32
   29.9876022         7.59714593E-32
   30.1143932         6.01587563E-32
   30.2411861         7.14049562E-33
   30.3679790        -7.95066175E-32
   30.4947720        -1.53329238E-31
   30.6215649        -1.38442460E-31
   30.7483578        -1.69612388E-32
   30.8751507         1.08961015E-31
   31.0019417         1.77843338E-31
   31.1287346         2.22487603E-31
   31.2555275         2.94270952E-31
   31.3823204         4.42566194E-31
   31.5091133         6.64083779E-31
   31.6359062         7.84548722E-31
   31.7626991         6.52164548E-31
   31.8894920         3.09454624E-31
   32.0162849        -1.00172514E-31
   32.1430779        -5.48469583E-31
   32.2698708        -8.77904320E-31
   32.3966637        -2.43477549E-30
   32.5234528        -4.72279287E-30
   32.6502457        -7.36244123E-30
   32.7770386        -8.55104394E-30
   32.9038315        -8.10153415E-30
   33.0306244        -5.80460352E-30
   33.1574173        -5.13564454E-30
   33.2842102        -6.65482448E-30
   33.4110031        -1.05680162E-29
   33.5377960        -1.24026450E-29
   33.6645889        -1.60387308E-29
   33.7913818        -1.48819165E-29
   33.9181747        -2.23506201E-30
   34.0449677         2.52435309E-29
   34.1717606         6.86094969E-29
   34.2985535         1.23603788E-28
   34.4253426         1.91191724E-28
   34.5521355         2.70077104E-28
   34.6789284         3.51888899E-28
   34.8057213         4.34626488E-28
   34.9325142         5.05516744E-28
   35.0593071         5.52357190E-28
   35.1861000         5.59551260E-28
   35.3128929         5.23029514E-28
   35.4396858         4.37824639E-28
   35.5664787         3.00269667E-28
   35.6932716         1.05211061E-28
   35.8200645        -1.50483295E-28
   35.9468575        -4.73011235E-28
   36.0736504        -8.67136861E-28
   36.2004433        -1.32867162E-27
   36.3272324        -1.83998012E-27
   36.4540253        -2.36306423E-27
   36.5808182        -2.86169482E-27
   36.7076111        -3.28335965E-27
   36.8344040        -3.56403775E-27
   36.9611969        -3.64361178E-27
   37.0879898        -3.46017003E-27
   37.2147827        -2.97227362E-27
   37.3415756        -2.13783501E-27
   37.4683685        -9.14584456E-28
   37.5951614         7.19458720E-28
   37.7219543         2.77260399E-27
   37.8487473         5.21671714E-27
   37.9755402         7.98444256E-27
   38.1023293         1.09666149E-26
   38.2291222         1.40050375E-26
   38.3559151         1.68958290E-26
   38.4827080         1.93942101E-26
   38.6095009         2.12266846E-26
   38.7362938         2.20936751E-26
   38.8630867         2.16949167E-26
   38.9898796         1.97303249E-26
   39.1166725         1.59281987E-26
   39.2434654         1.00603416E-26
   39.3702583         1.97507891E-27
   39.4970512        -8.36828425E-27
   39.6238441        -2.08605392E-26
   39.7506371        -3.52131392E-26
   39.8774300        -5.09335716E-26
   40.0042191        -6.73119665E-26
   40.1310120        -8.34228111E-26
   40.2578049        -9.81325463E-26
   40.3845978        -1.10133438E-25
   40.5113907        -1.17983763E-25
   40.6381836        -1.20161130E-25
   40.7649765        -1.15139636E-25
   40.8917694        -1.01484909E-25
   41.0185623        -7.79678441E-26
   41.1453552        -4.36968668E-26
   41.2721481         1.73831124E-27
   41.3989410         5.81214657E-26
   41.5257339         1.24474855E-25
   41.6525269         1.98946912E-25
   41.7793198         2.78731749E-25
   41.9061089         3.60035871E-25
   42.0329018         4.38098144E-25
   42.1596947         5.07273455E-25
   42.2864876         5.61184209E-25
   42.4132805         5.92950997E-25
   42.5400734         5.95504491E-25
   42.6668663         5.61978050E-25
   42.7936592         4.86180646E-25
   42.9204521         3.63135009E-25
   43.0472450         1.89660330E-25
   43.1740379        -3.50308384E-26
   43.3008308        -3.08756239E-25
   43.4276237        -6.25853498E-25
   43.5544167        -9.76776349E-25
   43.6812096        -1.34784360E-24
   43.8079987        -1.72118563E-24
   43.9347916        -2.07492585E-24
   44.0615845        -2.38364302E-24
   44.1883774        -2.61913220E-24
   44.3151703        -2.75149734E-24
   44.4419632        -2.75056865E-24
   44.5687561        -2.58764323E-24
   44.6955490        -2.23748898E-24
   44.8223419        -1.68057073E-24
   44.9491348        -9.05384437E-25
   45.0759277         8.92107760E-26
   45.2027206         1.29179267E-24
   45.3295135         2.67647548E-24
   45.4563065         4.20146766E-24
   45.5830994         5.80826254E-24
   45.7098885         7.42162391E-24
   45.8366814         8.95053337E-24
   45.9634743         1.02902314E-23
   46.0902672         1.13254299E-23
   46.2170601         1.19347855E-23
   46.3438530         1.19965841E-23
   46.4706459         1.13955557E-23
   46.5974388         1.00306559E-23
   46.7242317         7.82358088E-24
   46.8510246         4.72759607E-24
   46.9778175         7.36347963E-25
   47.1046104        -4.10790797E-24
   47.2314034        -9.70721112E-24
   47.3581963        -1.59025018E-23
   47.4849892        -2.24705861E-23
   47.6117783        -2.91240504E-23
   47.7385712        -3.55146568E-23
   47.8653641        -4.12407141E-23
   47.9921570        -4.58588131E-23
   48.1189499        -4.88999129E-23
   48.2457428        -4.98900533E-23
   48.3725357        -4.83749386E-23
   48.4993286        -4.39483466E-23
   48.6261215        -3.62830326E-23
   48.7529144        -2.51632035E-23
   48.8797073        -1.05171780E-23
   49.0065002         7.55169997E-24
   49.1332932         2.87377105E-23
   49.2600861         5.25110026E-23
   49.3868790         7.81037488E-23
   49.5136681         1.04506298E-22
   49.6404610         1.30475347E-22
   49.7672539         1.54556001E-22
   49.8940468         1.75118803E-22
   50.0208397         1.90412910E-22
   50.1476326         1.98635391E-22
   50.2744255         1.98015788E-22
   50.4012184         1.86914609E-22
   50.5280113         1.63933172E-22
   50.6548042         1.28031065E-22
   50.7815971         7.86464093E-23
   50.9083900         1.58134978E-23
   51.0351830        -5.97287486E-23
   51.1619759        -1.46445148E-22
   51.2887688        -2.41936546E-22
   51.4155579        -3.42904810E-22
   51.5423508        -4.45157011E-22
   51.6691437        -5.43657187E-22
   51.7959366        -6.32631055E-22
   51.9227295        -7.05726123E-22
   52.0495224        -7.56234174E-22
   52.1763153        -7.77369183E-22
   52.3031082        -7.62602717E-22
   52.4299011        -7.06046010E-22
   52.5566940        -6.02870122E-22
   52.6834869        -4.49748207E-22
   52.8102798        -2.45301461E-22
   52.9370728         9.47274194E-24
   53.0638657         3.10816725E-22
   53.1906586         6.51900213E-22
   53.3174477         1.02260789E-21
   53.4442406         1.40945811E-21
   53.5710335         1.79567865E-21
   53.6978264         2.16146676E-21
   53.8246193         2.48445212E-21
   53.9514122         2.74037586E-21
   54.0782051         2.90399202E-21
   54.2049980         2.95018469E-21
   54.3317909         2.85527864E-21
   54.4585838         2.59851903E-21
   54.5853767         2.16366538E-21
   54.7121696         1.54064520E-21
   54.8389626         7.27186523E-22
   54.9657555        -2.69654140E-22
   55.0925484        -1.43217569E-21
   55.2193375        -2.73101959E-21
   55.3461304        -4.12458830E-21
   55.4729233        -5.55899137E-21
   55.5997162        -6.96860892E-21
   55.7265091        -8.27738313E-21
   55.8533020        -9.40086243E-21
   55.9800949        -1.02490642E-20
   56.1068878        -1.07301336E-20
   56.2336807        -1.07547390E-20
   56.3604736        -1.02411382E-20
   56.4872665        -9.12073335E-21
   56.6140594        -7.34393324E-21
   56.7408524        -4.88605935E-21
   56.8676453        -1.75300191E-21
   56.9944382         2.01374252E-21
   57.1212273         6.33297515E-21
   57.2480202         1.10810819E-20
   57.3748131         1.60910475E-20
   57.5016060         2.11535641E-20
   57.6283989         2.60205187E-20
   57.7551918         3.04111660E-20
   57.8819847         3.40209951E-20
   58.0087776         3.65334302E-20
   58.1355705         3.76341297E-20
   58.2623634         3.70276124E-20
   58.3891563         3.44557787E-20
   58.5159492         2.97175750E-20
   58.6427422         2.26890391E-20
   58.7695351         1.33426987E-20
   58.8963280         1.76520484E-21
   59.0231171        -1.18280486E-20
   59.1499100        -2.70825718E-20
   59.2767029        -4.34999582E-20
   59.4034958        -6.04397997E-20
   59.5302887        -7.71292995E-20
   59.6570816        -9.26813613E-20
   59.7838745        -1.06121747E-19
   59.9106674        -1.16425012E-19
   60.0374603        -1.22559228E-19
   60.1642532        -1.23538145E-19
   60.2910461        -1.18479548E-19
   60.4178391        -1.06667473E-19
   60.5446320        -8.76160497E-20
   60.6714249        -6.11313615E-20
   60.7982178        -2.73680460E-20
   60.9250069         1.31231194E-20
   61.0517998         5.93607684E-20
   61.1785927         1.09915385E-19
   61.3053856         1.62912317E-19
   61.4321785         2.16058374E-19
   61.5589714         2.66694300E-19
   61.6857643         3.11874259E-19
   61.8125572         3.48473149E-19
   61.9393501         3.73318708E-19
   62.0661430         3.83347601E-19
   62.1929359         3.75779053E-19
   62.3197289         3.48300889E-19
   62.4465218         2.99259341E-19
   62.5733147         2.27843824E-19
   62.7001076         1.34256157E-19
   62.8268967         1.98528404E-20
   62.9536896        -1.12750715E-19
   63.0804825        -2.59625240E-19
   63.2072754        -4.15532475E-19
   63.3340683        -5.73997843E-19
   63.4608612        -7.27457631E-19
   63.5876541        -8.67483437E-19
   63.7144470        -9.85084945E-19
   63.8412399        -1.07108392E-18
   63.9680328        -1.11655517E-18
   64.0948257        -1.11331531E-18
   64.2216187        -1.05444621E-18
   64.3484116        -9.34828863E-19
   64.4752045        -7.51660005E-19
   64.6019974        -5.04926969E-19
   64.7287903        -1.97805135E-19
   64.8555832         1.63049228E-19
   64.9823761         5.67342968E-19
   65.1091690         1.00115314E-18
   65.2359619         1.44711867E-18
   65.3627548         1.88483442E-18
   65.4895477         2.29145491E-18
   65.6163330         2.64250188E-18
   65.7431259         2.91286958E-18
   65.8699188         3.07799944E-18
   65.9967117         3.11518121E-18
   66.1235046         3.00494740E-18
   66.2502975         2.73248527E-18
   66.3770905         2.28900749E-18
   66.5038834         1.67300267E-18
   66.6306763         8.91287834E-19
   66.7574692        -4.02141803E-20
   66.8842621        -1.09605846E-18
   67.0110550        -2.24127503E-18
   67.1378479        -3.43184746E-18
   67.2646408        -4.61570587E-18
   67.3914337        -5.73424389E-18
   67.5182266        -6.72437040E-18
   67.6450195        -7.52103798E-18
   67.7718124        -8.06019347E-18
   67.8986053        -8.28206565E-18
   68.0253983        -8.13465296E-18
   68.1521912        -7.57725813E-18
   68.2789841        -6.58392713E-18
   68.4057770        -5.14657632E-18
   68.5325699        -3.27763390E-18
   68.6593628        -1.01199809E-18
   68.7861557         1.59186742E-18
   68.9129486         4.45186248E-18
   69.0397415         7.46332972E-18
   69.1665344         1.05013730E-17
   69.2933273         1.34244457E-17
   69.4201126         1.60791702E-17
   69.5469055         1.83063391E-17
   69.6736984         1.99478939E-17
   69.8004913         2.08546774E-17
   69.9272842         2.08946700E-17
   70.0540771         1.99613571E-17
   70.1808701         1.79818428E-17
   70.3076630         1.49242540E-17
   70.4344559         1.08040417E-17
   70.5612488         5.68870016E-18
   70.6880417        -2.99469910E-19
   70.8148346        -6.98292969E-18
   70.9416275        -1.41310821E-17
   71.0684204        -2.14652310E-17
   71.1952133        -2.86663974E-17
   71.3220062        -3.53859429E-17
   71.4487991        -4.12587267E-17
   71.5755920        -4.59185560E-17
   71.7023849        -4.90152886E-17
   71.8291779        -5.02330441E-17
   71.9559708        -4.93087260E-17
   72.0827637        -4.60500116E-17
   72.2095566        -4.03518423E-17
   72.3363495        -3.22105686E-17
   72.4631424        -2.17347016E-17
   72.5899353        -9.15153090E-18
   72.7167282         5.19122340E-18
   72.8435211         2.08292433E-17
   72.9703140         3.71913076E-17
   73.0971069         5.36150415E-17
   73.2238922         6.93684117E-17
   73.3506851         8.36766709E-17
   73.4774780         9.57539777E-17
   73.6042709         1.04838413E-16
   73.7310638         1.10229552E-16
   73.8578568         1.11326414E-16
   73.9846497         1.07664598E-16
   74.1114426         9.89503889E-17
   74.2382355         8.50901836E-17
   74.3650284         6.62132008E-17
   74.4918213         4.26860302E-17
   74.6186142         1.51173146E-17
   74.7454071        -1.56483332E-17
   74.8722000        -4.85478820E-17
   74.9989929        -8.23291408E-17
   75.1257858        -1.15591423E-16
   75.2525787        -1.46836430E-16
   75.3793716        -1.74528280E-16
   75.5061646        -1.97160061E-16
   75.6329575        -2.13324890E-16
   75.7597504        -2.21788086E-16
   75.8865433        -2.21557283E-16
   76.0133362        -2.11947152E-16
   76.1401291        -1.92634946E-16
   76.2669220        -1.63703636E-16
   76.3937149        -1.25669779E-16
   76.5205078        -7.94931686E-17
   76.6473007        -2.65667136E-17
   76.7740936         3.13144507E-17
   76.9008865         9.20051952E-17
   77.0276718         1.53082756E-16
   77.1544647         2.11937424E-16
   77.2812576         2.65878666E-16
   77.4080505         3.12252820E-16
   77.5348434         3.48567557E-16
   77.6616364         3.72617364E-16
   77.7884293         3.82604782E-16
   77.9152222         3.77250793E-16
   78.0420151         3.55887854E-16
   78.1688080         3.18531187E-16
   78.2956009         2.65921176E-16
   78.4223938         1.99535631E-16
   78.5491867         1.21566076E-16
   78.6759796         3.48591049E-17
   78.8027725        -5.71779268E-17
   78.9295654        -1.50705055E-16
   79.0563583        -2.41606407E-16
   79.1831512        -3.25671913E-16
   79.3099442        -3.98794017E-16
   79.4367371        -4.57173910E-16
   79.5635300        -4.97524336E-16
   79.6903229        -5.17261951E-16
   79.8171158        -5.14675483E-16
   79.9439087        -4.89063271E-16
   80.0707016        -4.40827895E-16
   80.1974945        -3.71521224E-16
   80.3242874        -2.83835658E-16
   80.4510803        -1.81534937E-16
   80.5778732        -6.93264174E-17
   80.7046585         4.73243065E-17
   80.8314514         1.62430506E-16
   80.9582443         2.69765779E-16
   81.0850372         3.63177976E-16
   81.2118301         4.36921511E-16
   81.3386230         4.85994153E-16
   81.4654160         5.06459369E-16
   81.5922089         4.95737044E-16
   81.7190018         4.52845836E-16
   81.8457947         3.78580264E-16
   81.9725876         2.75608216E-16
   82.0993805         1.48476207E-16
   82.2261734         3.51686219E-18
   82.3529663        -1.51346537E-16
   82.4797592        -3.06895998E-16
   82.6065521        -4.53010690E-16
   82.7333450        -5.79137761E-16
   82.8601379        -6.74832578E-16
   82.9869308        -7.30338330E-16
   83.1137238        -7.37186750E-16
   83.2405167        -6.88785699E-16
   83.3673096        -5.80964123E-16
   83.4941025        -4.12447791E-16
   83.6208954        -1.85225764E-16
   83.7476883         9.52081179E-17
   83.8744812         4.19773250E-16
   84.0012741         7.75892397E-16
   84.1280670         1.14776130E-15
   84.2548599         1.51681642E-15
   84.3816528         1.86237092E-15
   84.5084381         2.16243170E-15
   84.6352310         2.39465087E-15
   84.7620239         2.53739413E-15
   84.8888168         2.57087713E-15
   85.0156097         2.47832671E-15
   85.1424026         2.24710832E-15
   85.2691956         1.86977801E-15
   85.3959885         1.34498371E-15
   85.5227814         6.78172429E-16
   85.6495743        -1.17936209E-16
   85.7763672        -1.02318658E-15
   85.9031601        -2.01011739E-15
   86.0299530        -3.04446786E-15
   86.1567459        -4.08599885E-15
   86.2835388        -5.08969138E-15
   86.4103317        -6.00724321E-15
   86.5371246        -6.78886023E-15
   86.6639175        -7.38526671E-15
   86.7907104        -7.74988306E-15
   86.9175034        -7.84108140E-15
   87.0442963        -7.62441715E-15
   87.1710892        -7.07477324E-15
   87.2978821        -6.17828076E-15
   87.4246750        -4.93393981E-15
   87.5514679        -3.35484255E-15
   87.6782608        -1.46891649E-15
   87.8050537         6.80885211E-16
   87.9318466         3.03698518E-15
   88.0586395         5.52821135E-15
   88.1854324         8.07146928E-15
   88.3122177         1.05740213E-14
   88.4390106         1.29363268E-14
   88.5658035         1.50553838E-14
   88.6925964         1.68284813E-14
   88.8193893         1.81571778E-14
   88.9461823         1.89514965E-14
   89.0729752         1.91340118E-14
   89.1997681         1.86438440E-14
   89.3265610         1.74402576E-14
   89.4533539         1.55057360E-14
   89.5801468         1.28484530E-14
   89.7069397         9.50387907E-15
   89.8337326         5.53551320E-15
   89.9605255         1.03455874E-15
   90.0873184        -3.88138872E-15
   90.2141113        -9.07080976E-15
   90.3409042        -1.43717351E-14
   90.4676971        -1.96062106E-14
   90.5944901        -2.45857005E-14
   90.7212830        -2.91171574E-14
   90.8480759        -3.30097278E-14
   90.9748688        -3.60817604E-14
   91.1016617        -3.81679416E-14
   91.2284546        -3.91263289E-14
   91.3552475        -3.88449039E-14
   91.4820404        -3.72474946E-14
   91.6088333        -3.42987967E-14
   91.7356262        -3.00081988E-14
   91.8624191        -2.44322418E-14
   91.9892120        -1.76755634E-14
   92.1159973        -9.89015405E-15
   92.2427902        -1.27293403E-15
   92.3695831         7.93849273E-15
   92.4963760         1.74716893E-14
   92.6231689         2.70268850E-14
   92.7499619         3.62858106E-14
   92.8767548         4.49217452E-14
   93.0035477         5.26104530E-14
   93.1303406         5.90415642E-14
   93.2571335         6.39301912E-14
   93.3839264         6.70283463E-14
   93.5107193         6.81355810E-14
   93.6375122         6.71085434E-14
   93.7643051         6.38692319E-14
   93.8910980         5.84111616E-14
   94.0178909         5.08034709E-14
   94.1446838         4.11925776E-14
   94.2714767         2.98011026E-14
   94.3982697         1.69241299E-14
   94.5250626         2.92258427E-15
   94.6518555        -1.17860603E-14
   94.7786484        -2.67396019E-14
   94.9054413        -4.14451934E-14
   95.0322342        -5.53953618E-14
   95.1590271        -6.80852605E-14
   95.2858200        -7.90310336E-14
   95.4126129        -8.77881277E-14
   95.5394058        -9.39694625E-14
   95.6661987        -9.72621912E-14
   95.7929916        -9.74429142E-14
   95.9197769        -9.43903294E-14
   96.0465698        -8.80946723E-14
   96.1733627        -7.86638007E-14
   96.3001556        -6.63248956E-14
   96.4269485        -5.14220963E-14
   96.5537415        -3.44091719E-14
   96.6805344        -1.58381642E-14
   96.8073273         3.65701266E-15
   96.9341202         2.33804201E-14
   97.0609131         4.25979137E-14
   97.1877060         6.05636350E-14
   97.3144989         7.65484749E-14
   97.4412918         8.98696943E-14
   97.5680847         9.99203162E-14
   97.6948776         1.06197393E-13
   97.8216705         1.08327748E-13
   97.9484634         1.06090185E-13
   98.0752563         9.94329402E-14
   98.2020493         8.84854256E-14
   98.3288422         7.35632800E-14
   98.4556351         5.51663343E-14
   98.5824280         3.39688266E-14
   98.7092209         1.08018444E-14
   98.8360138        -1.33716306E-14
   98.9628067        -3.74889871E-14
   99.0895996        -6.04263886E-14
   99.2163925        -8.10423573E-14
   99.3431854        -9.82251999E-14
   99.4699783        -1.10942072E-13
   99.5967712        -1.18288558E-13
   99.7235565        -1.19536529E-13
   99.8503494        -1.14177371E-13
   99.9771423        -1.01960229E-13
   100.103935        -8.29212052E-14
   100.230728        -5.74035651E-14
   100.357521        -2.60663768E-14
   100.484314         1.01195839E-14
   100.611107         4.98885770E-14
   100.737900         9.17106628E-14
   100.864693         1.33835082E-13
   100.991486         1.74346594E-13
   101.118279         2.11231938E-13
   101.245071         2.42456310E-13
   101.371864         2.66045242E-13
   101.498657         2.80171150E-13
   101.625450         2.83239794E-13
   101.752243         2.73973362E-13
   101.879036         2.51487687E-13
   102.005829         2.15359455E-13
   102.132622         1.65678465E-13
   102.259415         1.03085075E-13
   102.386208         2.87873092E-14
   102.513000        -5.54423349E-14
   102.639793        -1.47293378E-13
   102.766586        -2.43965547E-13
   102.893379        -3.42240071E-13
   103.020172        -4.38571813E-13
   103.146965        -5.29199785E-13
   103.273758        -6.10273334E-13
   103.400551        -6.77989566E-13
   103.527336        -7.28738792E-13
   103.654129        -7.59249705E-13
   103.780922        -7.66732272E-13
   103.907715        -7.49010934E-13
   104.034508        -7.04641857E-13
   104.161301        -6.33010625E-13
   104.288094        -5.34403522E-13
   104.414886        -4.10051767E-13
   104.541679        -2.62141545E-13
   104.668472        -9.37906233E-14
   104.795265         9.10098684E-14
   104.922058         2.87487211E-13
   105.048851         4.90211929E-13
   105.175644         6.93251175E-13
   105.302437         8.90345577E-13
   105.429230         1.07510507E-12
   105.556023         1.24121666E-12
   105.682816         1.38265571E-12
   105.809608         1.49389539E-12
   105.936401         1.57010310E-12
   106.063194         1.60731953E-12
   106.189987         1.60261203E-12
   106.316780         1.55419438E-12
   106.443573         1.46151071E-12
   106.570366         1.32527940E-12
   106.697159         1.14749128E-12
   106.823952         9.31367180E-13
   106.950745         6.81272909E-13
   107.077538         4.02592971E-13
   107.204330         1.01573006E-13
   107.331116        -2.14865845E-13
   107.457909        -5.39337401E-13
   107.584702        -8.64208986E-13
   107.711494        -1.18182439E-12
   107.838287        -1.48472293E-12
   107.965080        -1.76584376E-12
   108.091873        -2.01870747E-12
   108.218666        -2.23756799E-12
   108.345459        -2.41753362E-12
   108.472252        -2.55464443E-12
   108.599045        -2.64591365E-12
   108.725838        -2.68932641E-12
   108.852631        -2.68380370E-12
   108.979424        -2.62912782E-12
   109.106216        -2.52584867E-12
   109.233009        -2.37516343E-12
   109.359802        -2.17878927E-12
   109.486595        -1.93883603E-12
   109.613388        -1.65768549E-12
   109.740181        -1.33789345E-12
   109.866974        -9.82113913E-13
   109.993767        -5.93062925E-13
   110.120560        -1.73520378E-13
   110.247353         2.73628857E-13
   110.374146         7.45306106E-13
   110.500938         1.23811410E-12
   110.627731         1.74817842E-12
   110.754524         2.27096228E-12
   110.881317         2.80107339E-12
   111.008102         3.33206184E-12
   111.134895         3.85625212E-12
   111.261688         4.36458595E-12
   111.388481         4.84653680E-12
   111.515274         5.29007480E-12
   111.642067         5.68173069E-12
   111.768860         6.00673027E-12
   111.895653         6.24924938E-12
   112.022446         6.39277650E-12
   112.149239         6.42056503E-12
   112.276031         6.31620797E-12
   112.402824         6.06429403E-12
   112.529617         5.65112583E-12
   112.656410         5.06551355E-12
   112.783203         4.29956808E-12
   112.909996         3.34950253E-12
   113.036789         2.21638593E-12
   113.163582         9.06813903E-13
   113.290375        -5.66533691E-13
   113.417168        -2.18449022E-12
   113.543961        -3.92118889E-12
   113.670753        -5.74406711E-12
   113.797546        -7.61411073E-12
   113.924339        -9.48635788E-12
   114.051132        -1.13106816E-11
   114.177925        -1.30328135E-11
   114.304718        -1.45956424E-11
   114.431511        -1.59407244E-11
   114.558304        -1.70100340E-11
   114.685097        -1.77477946E-11
   114.811882        -1.81024779E-11
   114.938675        -1.80288180E-11
   115.065468        -1.74897787E-11
   115.192261        -1.64584579E-11
   115.319054        -1.49197772E-11
   115.445847        -1.28719656E-11
   115.572639        -1.03277057E-11
   115.699432        -7.31491256E-12
   115.826225        -3.87708312E-12
   115.953018        -7.31544545E-14
   116.079811         4.02309176E-12
   116.206604         8.32417468E-12
   116.333397         1.27305909E-11
   116.460190         1.71328663E-11
   116.586983         2.14141985E-11
   116.713776         2.54533703E-11
   116.840569         2.91280368E-11
   116.967361         3.23181933E-11
   117.094154         3.49097799E-11
   117.220947         3.67983630E-11
   117.347740         3.78926265E-11
   117.474533         3.81176583E-11
   117.601326         3.74179542E-11
   117.728119         3.57599714E-11
   117.854912         3.31340719E-11
   117.981705         2.95559410E-11
   118.108498         2.50672625E-11
   118.235291         1.97356281E-11
   118.362083         1.36538029E-11
   118.488876         6.93804346E-12
   118.615662        -2.74090023E-13
   118.742455        -7.82685288E-12
   118.869247        -1.55497958E-11
   118.996040        -2.32620624E-11
   119.122833        -3.07766937E-11
   119.249626        -3.79056612E-11
   119.376419        -4.44646715E-11
   119.503212        -5.02782017E-11
   119.630005        -5.51841871E-11
   119.756798        -5.90385726E-11
   119.883591        -6.17193033E-11
   120.010384        -6.31298694E-11
   120.137177        -6.32019714E-11
   120.263969        -6.18977022E-11
   120.390762        -5.92107335E-11
   120.517555        -5.51666629E-11
   120.644348        -4.98225697E-11
   120.771141        -4.32656931E-11
   120.897934        -3.56113333E-11
   121.024727        -2.70000463E-11
   121.151520        -1.75942212E-11
   121.278313        -7.57408893E-12
   121.405106         2.86655357E-12
   121.531898         1.35248479E-11
   121.658691         2.41935517E-11
   121.785484         3.46655968E-11
   121.912277         4.47385323E-11
   122.039070         5.42185220E-11
   122.165863         6.29240549E-11
   122.292656         7.06892461E-11
   122.419441         7.73662315E-11
   122.546234         8.28273561E-11
   122.673027         8.69666492E-11
   122.799820         8.97003305E-11
   122.926613         9.09674489E-11
   123.053406         9.07293754E-11
   123.180199         8.89692903E-11
   123.306992         8.56911694E-11
   123.433784         8.09186121E-11
   123.560577         7.46936055E-11
   123.687370         6.70751094E-11
   123.814163         5.81380361E-11
   123.940956         4.79719112E-11
   124.067749         3.66803705E-11
   124.194542         2.43803519E-11
   124.321335         1.12018693E-11
   124.448128        -2.71190102E-12
   124.574921        -1.72045260E-11
   124.701714        -3.21059498E-11
   124.828506        -4.72321210E-11
   124.955299        -6.23845142E-11
   125.082092        -7.73502581E-11
   125.208885        -9.19019652E-11
   125.335678        -1.05798904E-10
   125.462471        -1.18787827E-10
   125.589264        -1.30605277E-10
   125.716057        -1.40980519E-10
   125.842850        -1.49639065E-10
   125.969643        -1.56307564E-10
   126.096436        -1.60719424E-10
   126.223221        -1.62621472E-10
   126.350014        -1.61781241E-10
   126.476807        -1.57994964E-10
   126.603600        -1.51095872E-10
   126.730392        -1.40962922E-10
   126.857185        -1.27529293E-10
   126.983978        -1.10790238E-10
   127.110771        -9.08105743E-11
   127.237564        -6.77309320E-11
   127.364357        -4.17722905E-11
   127.491150        -1.32394746E-11
   127.617943         1.74782584E-11
   127.744736         4.99085530E-11
   127.871529         8.34993186E-11
   127.998322         1.17626020E-10
   128.125107         1.51600302E-10
   128.251907         1.84681756E-10
   128.378693         2.16092769E-10
   128.505493         2.45034493E-10
   128.632278         2.70705874E-10
   128.759079         2.92323971E-10
   128.885864         3.09145376E-10
   129.012665         3.20487192E-10
   129.139450         3.25750371E-10
   129.266251         3.24439670E-10
   129.393036         3.16184329E-10
   129.519836         3.00755476E-10
   129.646622         2.78081336E-10
   129.773422         2.48259385E-10
   129.900208         2.11564058E-10
   130.027008         1.68450587E-10
   130.153793         1.19554838E-10
   130.280594         6.56864077E-11
   130.407379         7.81952020E-12
   130.534180        -5.29241789E-11
   130.660965        -1.15294559E-10
   130.787766        -1.77939302E-10
   130.914551        -2.39431391E-10
   131.041351        -2.98303382E-10
   131.168137        -3.53080065E-10
   131.294937        -4.02316874E-10
   131.421722        -4.44637660E-10
   131.548523        -4.78771300E-10
   131.675308        -5.03590503E-10
   131.802109        -5.18144028E-10
   131.928894        -5.21690136E-10
   132.055679        -5.13722953E-10
   132.182480        -4.93996677E-10
   132.309265        -4.62540034E-10
   132.436066        -4.19669355E-10
   132.562851        -3.65989739E-10
   132.689651        -3.02392972E-10
   132.816437        -2.30045705E-10
   132.943237        -1.50370300E-10
   133.070023        -6.50204057E-11
   133.196823         2.41526382E-11
   133.323608         1.15137962E-10
   133.450409         2.05809633E-10
   133.577194         2.93975039E-10
   133.703995         3.77426618E-10
   133.830780         4.53997229E-10
   133.957581         5.21612364E-10
   134.084366         5.78348536E-10
   134.211166         6.22481955E-10
   134.337952         6.52540910E-10
   134.464752         6.67349620E-10
   134.591537         6.66066091E-10
   134.718338         6.48216369E-10
   134.845123         6.13717022E-10
   134.971924         5.62891234E-10
   135.098709         4.96475250E-10
   135.225510         4.15613904E-10
   135.352295         3.21846355E-10
   135.479095         2.17084004E-10
   135.605881         1.03575537E-10
   135.732666        -1.61346752E-11
   135.859467        -1.39258285E-10
   135.986252        -2.62819821E-10
   136.113052        -3.83722415E-10
   136.239838        -4.98816155E-10
   136.366638        -6.04970518E-10
   136.493423        -6.99148461E-10
   136.620224        -7.78480724E-10
   136.747009        -8.40337078E-10
   136.873810        -8.82396156E-10
   137.000595        -9.02706909E-10
   137.127396        -8.99747221E-10
   137.254181        -8.72470374E-10
   137.380981        -8.20345236E-10
   137.507767        -7.43383854E-10
   137.634567        -6.42157882E-10
   137.761353        -5.17804022E-10
   137.888153        -3.72014808E-10
   138.014938        -2.07020526E-10
   138.141739        -2.55575127E-11
   138.268524         1.69177866E-10
   138.395325         3.73580750E-10
   138.522110         5.83698978E-10
   138.648911         7.95308208E-10
   138.775696         1.00398723E-09
   138.902496         1.20520049E-09
   139.029282         1.39438394E-09
   139.156082         1.56703106E-09
   139.282867         1.71877867E-09
   139.409653         1.84548887E-09
   139.536453         1.94332928E-09
   139.663239         2.00884154E-09
   139.790039         2.03901385E-09
   139.916824         2.03132688E-09
   140.043625         1.98380934E-09
   140.170410         1.89507188E-09
   140.297211         1.76433135E-09
   140.423996         1.59142821E-09
   140.550797         1.37683276E-09
   140.677582         1.12163501E-09
   140.804382         8.27538149E-10
   140.931168         4.96829133E-10
   141.057968         1.32356445E-10
   141.184753        -2.62508487E-10
   141.311554        -6.83909318E-10
   141.438339        -1.12754572E-09
   141.565140        -1.58871649E-09
   141.691925        -2.06236428E-09
   141.818726        -2.54312194E-09
   141.945511        -3.02534620E-09
   142.072311        -3.50316620E-09
   142.199097        -3.97051014E-09
   142.325897        -4.42114878E-09
   142.452682        -4.84872320E-09
   142.579483        -5.24677191E-09
   142.706268        -5.60876634E-09
   142.833069        -5.92813798E-09
   142.959854        -6.19830010E-09
   143.086655        -6.41269038E-09
   143.213440        -6.56481491E-09
   143.340225        -6.64826549E-09
   143.467026        -6.65680311E-09
   143.593811        -6.58438504E-09
   143.720612        -6.42525988E-09
   143.847397        -6.17402884E-09
   143.974197        -5.82574566E-09
   144.100983        -5.37600764E-09
   144.227783        -4.82107509E-09
   144.354568        -4.15798107E-09
   144.481369        -3.38467876E-09
   144.608154        -2.50015075E-09
   144.734955        -1.50456148E-09
   144.861740        -3.99383110E-10
   144.988541         8.12462153E-10
   145.115326         2.12648188E-09
   145.242126         3.53650220E-09
   145.368912         5.03456343E-09
   145.495712         6.61084565E-09
   145.622498         8.25362179E-09
   145.749298         9.94921301E-09
   145.876083         1.16820189E-08
   146.002884         1.34345477E-08
   146.129669         1.51874939E-08
   146.256470         1.69198522E-08
   146.383255         1.86091018E-08
   146.510056         2.02313597E-08
   146.636841         2.17616574E-08
   146.763641         2.31741932E-08
   146.890427         2.44426559E-08
   147.017212         2.55405421E-08
   147.144012         2.64415370E-08
   147.270798         2.71198921E-08
   147.397598         2.75508292E-08
   147.524384         2.77109269E-08
   147.651184         2.75785546E-08
   147.777969         2.71342504E-08
   147.904770         2.63610875E-08
   148.031555         2.52450665E-08
   148.158356         2.37754580E-08
   148.285141         2.19450431E-08
   148.411942         1.97504626E-08
   148.538727         1.71923631E-08
   148.665527         1.42756207E-08
   148.792313         1.10094378E-08
   148.919113         7.40745154E-09
   149.045898         3.48775342E-09
   149.172699        -7.27111260E-10
   149.299484        -5.21018917E-09
   149.426285        -9.93019089E-09
   149.553070        -1.48515928E-08
   149.679871        -1.99347667E-08
   149.806656        -2.51361261E-08
   149.933456        -3.04082342E-08
   150.060242        -3.56999763E-08
   150.187042        -4.09566638E-08
   150.313828        -4.61201282E-08
   150.440628        -5.11288185E-08
   150.567413        -5.59178375E-08
   150.694214        -6.04189054E-08
   150.820999        -6.45603464E-08
   150.947784        -6.82670418E-08
   151.074585        -7.14602919E-08
   151.201370        -7.40575743E-08
   151.328171        -7.59725083E-08
   151.454956        -7.71145281E-08
   151.581757        -7.73887479E-08
   151.708542        -7.66956987E-08
   151.835342        -7.49311297E-08
   151.962128        -7.19858875E-08
   152.088928        -6.77457521E-08
   152.215714        -6.20914591E-08
   152.342514        -5.48986598E-08
   152.469299        -4.60381777E-08
   152.596100        -3.53762744E-08
   152.722885        -2.27750245E-08
   152.849686        -8.09300449E-09
   152.976471         8.81400375E-09
   153.103271         2.80920354E-08
   153.230057         4.98877561E-08
   153.356857         7.43472555E-08
   153.483643         1.01614376E-07
   153.610443         1.31829111E-07
   153.737228         1.65125670E-07
   153.864029         2.01630471E-07
   153.990814         2.41459929E-07
   154.117615         2.84718283E-07
   154.244400         3.31495329E-07
   154.371201         3.81863799E-07
   154.497986         4.35877183E-07
   154.624771         4.93567484E-07
   154.751572         5.54942858E-07
   154.878357         6.19985713E-07
   155.005157         6.88650459E-07
   155.131943         7.60862406E-07
   155.258743         8.36516165E-07
   155.385529         9.15474232E-07
   155.512329         9.97566531E-07
   155.639114         1.08259042E-06
   155.765915         1.17031050E-06
   155.892700         1.26045882E-06
   156.019501         1.35273638E-06
   156.146286         1.44681371E-06
   156.273087         1.54233351E-06
   156.399872         1.63891286E-06
   156.526672         1.73614478E-06
   156.653458         1.83360180E-06
   156.780258         1.93083929E-06
   156.907043         2.02739761E-06
   157.033844         2.12280884E-06
   157.160629         2.21659684E-06
   157.287430         2.30828300E-06
   157.414215         2.39739029E-06
   157.541016         2.48344691E-06
   157.667801         2.56598901E-06
   157.794601         2.64456366E-06
   157.921387         2.71873523E-06
   158.048187         2.78808466E-06
   158.174973         2.85221404E-06
   158.301773         2.91074844E-06
   158.428558         2.96333792E-06
   158.555344         3.00965939E-06
   158.682144         3.04941727E-06
   158.808929         3.08234371E-06
   158.935730         3.10820178E-06
   159.062515         3.12678139E-06
   159.189316         3.13790383E-06
   159.316101         3.14141653E-06
   159.442902         3.13719829E-06
   159.569687         3.12515476E-06
   159.696487         3.10521978E-06
   159.823273         3.07735490E-06
   159.950073         3.04154901E-06
   160.076859         2.99781755E-06
   160.203659         2.94620418E-06
