  -4.50000000         0.00000000    
  -4.37320757         0.00000000    
  -4.24641466         0.00000000    
  -4.11962223         0.00000000    
  -3.99282932        -2.82382732E-23
  -3.86603665        -9.87299181E-23
  -3.73924398         6.27486672E-22
  -3.61245155         6.42234256E-21
  -3.48565888         2.75882958E-20
  -3.35886621         7.59640475E-20
  -3.23207355         1.45723866E-19
  -3.10528088         1.86306678E-19
  -2.97848821         9.96926669E-20
  -2.85169554        -1.98273862E-19
  -2.72490287        -6.58235538E-19
  -2.59811020        -1.01855029E-18
  -2.47131753        -9.33676911E-19
  -2.34452486        -4.09085274E-19
  -2.21773219        -4.03512998E-19
  -2.09093952        -3.16983924E-18
  -1.96414697        -1.18138812E-17
  -1.83735430        -2.88569964E-17
  -1.71056163        -5.42401915E-17
  -1.58376896        -8.38414122E-17
  -1.45697629        -1.09719983E-16
  -1.33018374        -1.22705150E-16
  -1.20339108        -1.16820825E-16
  -1.07659841        -9.39358480E-17
 -0.949805737        -6.65066911E-17
 -0.823013067        -5.64885214E-17
 -0.696220458        -8.92710059E-17
 -0.569427788        -1.82598876E-16
 -0.442635119        -3.32029027E-16
 -0.315842479        -4.96912567E-16
 -0.189049825        -5.94047288E-16
  -6.22571707E-02    -5.08672031E-16
   6.45354837E-02    -1.31434169E-16
  0.191328138         5.77341733E-16
  0.318120778         1.50907358E-15
  0.444913447         2.34415923E-15
  0.571706116         2.54693702E-15
  0.698498726         1.45651212E-15
  0.825291395        -1.51323707E-15
  0.952084064        -6.59379701E-15
   1.07887673        -1.33784178E-14
   1.20566940        -2.06402414E-14
   1.33246195        -2.63520624E-14
   1.45925462        -2.79596174E-14
   1.58604729        -2.28802742E-14
   1.71283996        -9.11486395E-15
   1.83963263         1.41975478E-14
   1.96642530         4.64563080E-14
   2.09321785         8.56296235E-14
   2.22001052         1.28666676E-13
   2.34680319         1.72220094E-13
   2.47359586         2.13538266E-13
   2.60038853         2.51372734E-13
   2.72718120         2.86784350E-13
   2.85397387         3.23794539E-13
   2.98076653         3.69879610E-13
   3.10755920         4.36308541E-13
   3.23435187         5.38271034E-13
   3.36114454         6.94656192E-13
   3.48793697         9.27274642E-13
   3.61472964         1.25931221E-12
   3.74152231         1.71290694E-12
   3.86831498         2.30594753E-12
   3.99510765         3.04844474E-12
   4.12190056         3.93911292E-12
   4.24869299         4.96295930E-12
   4.37548542         6.09076114E-12
   4.50227833         7.28120949E-12
   4.62907076         8.48618571E-12
   4.75586367         9.65924736E-12
   4.88265610         1.07666757E-11
   5.00944901         1.17998528E-11
   5.13624144         1.27869009E-11
   5.26303434         1.38010168E-11
   5.38982677         1.49627203E-11
   5.51661968         1.64335334E-11
   5.64341211         1.83997591E-11
   5.77020502         2.10466297E-11
   5.89699745         2.45255569E-11
   6.02379036         2.89192663E-11
   6.15058279         3.42115121E-11
   6.27737522         4.02684275E-11
   6.40416813         4.68373396E-11
   6.53096056         5.35657213E-11
   6.65775347         6.00378497E-11
   6.78454590         6.58210292E-11
   6.91133881         7.05082728E-11
   7.03813124         7.37406317E-11
   7.16492414         7.51930393E-11
   7.29171658         7.45122436E-11
   7.41850948         7.12043965E-11
   7.54530191         6.44824541E-11
   7.67209482         5.30972488E-11
   7.79888725         3.51871726E-11
   7.92567968         8.18820272E-12
   8.05247211        -3.11559979E-11
   8.17926502        -8.66564320E-11
   8.30605793        -1.62405561E-10
   8.43285084        -2.62390248E-10
   8.55964279        -3.90039723E-10
   8.68643570        -5.47785206E-10
   8.81322861        -7.36718631E-10
   8.94002151        -9.56434154E-10
   9.06681347        -1.20511523E-09
   9.19360638        -1.47987167E-09
   9.32039928        -1.77729198E-09
   9.44719219        -2.09407980E-09
   9.57398415        -2.42761233E-09
   9.70077705        -2.77619883E-09
   9.82756996        -3.13880832E-09
   9.95436192        -3.51412077E-09
   10.0811548        -3.89873822E-09
   10.2079477        -4.28461311E-09
   10.3347406        -4.65580863E-09
   10.4615326        -4.98487962E-09
   10.5883255        -5.22926014E-09
   10.7151184        -5.32811173E-09
   10.8419113        -5.20013010E-09
   10.9687033        -4.74273154E-09
   11.0954962        -3.83296994E-09
   11.2222891        -2.33038655E-09
   11.3490820        -8.18769150E-11
   11.4758739         3.07158943E-09
   11.6026669         7.28653404E-09
   11.7294598         1.27072646E-08
   11.8562517         1.94552481E-08
   11.9830446         2.76180678E-08
   12.1098375         3.72387738E-08
   12.2366304         4.83060525E-08
   12.3634224         6.07465864E-08
   12.4902153         7.44205408E-08
   12.6170082         8.91218903E-08
   12.7438011         1.04585524E-07
   12.8705931         1.20503429E-07
   12.9973860         1.36552387E-07
   13.1241789         1.52435859E-07
   13.2509708         1.67942730E-07
   13.3777637         1.83024582E-07
   13.5045567         1.97894352E-07
   13.6313496         2.13145299E-07
   13.7581415         2.29891299E-07
   13.8849344         2.49927751E-07
   14.0117273         2.75908235E-07
   14.1385202         3.11534450E-07
   14.2653122         3.61754019E-07
   14.3921051         4.32960348E-07
   14.5188980         5.33186210E-07
   14.6456909         6.72284557E-07
   14.7724829         8.62086779E-07
   14.8992758         1.11653412E-06
   15.0260687         1.45176546E-06
   15.1528606         1.88616184E-06
   15.2796535         2.44034072E-06
   15.4064465         3.13708006E-06
   15.5332394         4.00117960E-06
   15.6600313         5.05926573E-06
   15.7868242         6.33947639E-06
   15.9136171         7.87114732E-06
   16.0404091         9.68433505E-06
   16.1672020         1.18093531E-05
   16.2939949         1.42761701E-05
   16.4207878         1.71138054E-05
   16.5475807         2.03496693E-05
   16.6743736         2.40088193E-05
   16.8011646         2.81133471E-05
   16.9279575         3.26815389E-05
   17.0547504         3.77273354E-05
   17.1815434         4.32596098E-05
   17.3083363         4.92817599E-05
   17.4351292         5.57910826E-05
   17.5619221         6.27786794E-05
   17.6887150         7.02291436E-05
   17.8155060         7.81206618E-05
   17.9422989         8.64252142E-05
   18.0690918         9.51089314E-05
   18.1958847         1.04132690E-04
   18.3226776         1.13452843E-04
   18.4494705         1.23022313E-04
   18.5762634         1.32791480E-04
   18.7030544         1.42709410E-04
   18.8298473         1.52725202E-04
   18.9566402         1.62789322E-04
   19.0834332         1.72854707E-04
   19.2102261         1.82878270E-04
   19.3370190         1.92821695E-04
   19.4638119         2.02652707E-04
   19.5906048         2.12345592E-04
   19.7173958         2.21881928E-04
   19.8441887         2.31250626E-04
   19.9709816         2.40448178E-04
   20.0977745         2.49478355E-04
   20.2245674         2.58351385E-04
   20.3513603         2.67083436E-04
   20.4781532         2.75695522E-04
   20.6049442         2.84212205E-04
   20.7317371         2.92660348E-04
   20.8585300         3.01067688E-04
   20.9853230         3.09461349E-04
   21.1121159         3.17866768E-04
   21.2389088         3.26306035E-04
   21.3657017         3.34797340E-04
   21.4924946         3.43353488E-04
   21.6192856         3.51982337E-04
   21.7460785         3.60685517E-04
   21.8728714         3.69459158E-04
   21.9996643         3.78294033E-04
   22.1264572         3.87176056E-04
   22.2532501         3.96087591E-04
   22.3800430         4.05007770E-04
   22.5068340         4.13914386E-04
   22.6336269         4.22784651E-04
   22.7604198         4.31596622E-04
   22.8872128         4.40330448E-04
   23.0140057         4.48969164E-04
   23.1407986         4.57499758E-04
   23.2675915         4.65913850E-04
   23.3943844         4.74207918E-04
   23.5211754         4.82383912E-04
   23.6479683         4.90448903E-04
   23.7747612         4.98415204E-04
   23.9015541         5.06299839E-04
   24.0283470         5.14124346E-04
   24.1551399         5.21913811E-04
   24.2819328         5.29696641E-04
   24.4087238         5.37503685E-04
   24.5355167         5.45367773E-04
   24.6623096         5.53323072E-04
   24.7891026         5.61404740E-04
   24.9158955         5.69647644E-04
   25.0426884         5.78087172E-04
   25.1694813         5.86757436E-04
   25.2962742         5.95691963E-04
   25.4230652         6.04922709E-04
   25.5498581         6.14478951E-04
   25.6766510         6.24387932E-04
   25.8034439         6.34673110E-04
   25.9302368         6.45353517E-04
   26.0570297         6.56443299E-04
   26.1838226         6.67949556E-04
   26.3106136         6.79871708E-04
   26.4374065         6.92200032E-04
   26.5641994         7.04913749E-04
   26.6909924         7.17979565E-04
   26.8177853         7.31350330E-04
   26.9445782         7.44963007E-04
   27.0713711         7.58737850E-04
   27.1981640         7.72576546E-04
   27.3249550         7.86362041E-04
   27.4517479         7.99957546E-04
   27.5785408         8.13206716E-04
   27.7053337         8.25933472E-04
   27.8321266         8.37943109E-04
   27.9589195         8.49024509E-04
   28.0857124         8.58950021E-04
   28.2125034         8.67479888E-04
   28.3392963         8.74363526E-04
   28.4660892         8.79344181E-04
   28.5928822         8.82160966E-04
   28.7196751         8.82553868E-04
   28.8464680         8.80267122E-04
   28.9732609         8.75053345E-04
   29.1000538         8.66677612E-04
   29.2268448         8.54920887E-04
   29.3536377         8.39584623E-04
   29.4804306         8.20493442E-04
   29.6072235         7.97497749E-04
   29.7340164         7.70477694E-04
   29.8608093         7.39344163E-04
   29.9876022         7.04041042E-04
   30.1143932         6.64546445E-04
   30.2411861         6.20873878E-04
   30.3679790         5.73072233E-04
   30.4947720         5.21226029E-04
   30.6215649         4.65455232E-04
   30.7483578         4.05914325E-04
   30.8751507         3.42791463E-04
   31.0019417         2.76307605E-04
   31.1287346         2.06714307E-04
   31.2555275         1.34292553E-04
   31.3823204         5.93508339E-05
   31.5091133        -1.77768798E-05
   31.6359062        -9.67336746E-05
   31.7626991        -1.77141279E-04
   31.8894920        -2.58603104E-04
   32.0162849        -3.40706581E-04
   32.1430779        -4.23025631E-04
   32.2698708        -5.05123637E-04
   32.3966637        -5.86556271E-04
   32.5234528        -6.66874694E-04
   32.6502457        -7.45628611E-04
   32.7770386        -8.22369300E-04
   32.9038315        -8.96653684E-04
   33.0306244        -9.68047767E-04
   33.1574173        -1.03612989E-03
   33.2842102        -1.10049453E-03
   33.4110031        -1.16075668E-03
   33.5377960        -1.21655525E-03
   33.6645889        -1.26755610E-03
   33.7913818        -1.31345680E-03
   33.9181747        -1.35398901E-03
   34.0449677        -1.38892233E-03
   34.1717606        -1.41806691E-03
   34.2985535        -1.44127489E-03
   34.4253426        -1.45844347E-03
   34.5521355        -1.46951608E-03
   34.6789284        -1.47448247E-03
   34.8057213        -1.47338083E-03
   34.9325142        -1.46629475E-03
   35.0593071        -1.45335402E-03
   35.1861000        -1.43473281E-03
   35.3128929        -1.41064718E-03
   35.4396858        -1.38135231E-03
   35.5664787        -1.34713901E-03
   35.6932716        -1.30833045E-03
   35.8200645        -1.26527762E-03
   35.9468575        -1.21835433E-03
   36.0736504        -1.16795336E-03
   36.2004433        -1.11448125E-03
   36.3272324        -1.05835311E-03
   36.4540253        -9.99988057E-04
   36.5808182        -9.39804362E-04
   36.7076111        -8.78214894E-04
   36.8344040        -8.15623032E-04
   36.9611969        -7.52418477E-04
   37.0879898        -6.88974513E-04
   37.2147827        -6.25644694E-04
   37.3415756        -5.62760746E-04
   37.4683685        -5.00630646E-04
   37.5951614        -4.39537369E-04
   37.7219543        -3.79738427E-04
   37.8487473        -3.21465603E-04
   37.9755402        -2.64925300E-04
   38.1023293        -2.10299288E-04
   38.2291222        -1.57746006E-04
   38.3559151        -1.07401880E-04
   38.4827080        -5.93827790E-05
   38.6095009        -1.37857987E-05
   38.7362938         2.93089433E-05
   38.8630867         6.98368895E-05
   38.9898796         1.07747430E-04
   39.1166725         1.43002806E-04
   39.2434654         1.75577123E-04
   39.3702583         2.05455610E-04
   39.4970512         2.32634338E-04
   39.6238441         2.57120206E-04
   39.7506371         2.78931024E-04
   39.8774300         2.98096071E-04
   40.0042191         3.14656791E-04
   40.1310120         3.28667287E-04
   40.2578049         3.40195314E-04
   40.3845978         3.49322683E-04
   40.5113907         3.56145960E-04
   40.6381836         3.60776350E-04
   40.7649765         3.63339728E-04
   40.8917694         3.63975851E-04
   41.0185623         3.62837425E-04
   41.1453552         3.60088452E-04
   41.2721481         3.55902128E-04
   41.3989410         3.50458082E-04
   41.5257339         3.43939668E-04
   41.6525269         3.36530415E-04
   41.7793198         3.28410097E-04
   41.9061089         3.19751533E-04
   42.0329018         3.10716248E-04
   42.1596947         3.01450986E-04
   42.2864876         2.92084616E-04
   42.4132805         2.82724854E-04
   42.5400734         2.73456157E-04
   42.6668663         2.64338247E-04
   42.7936592         2.55404972E-04
   42.9204521         2.46664829E-04
   43.0472450         2.38101682E-04
   43.1740379         2.29676720E-04
   43.3008308         2.21331313E-04
   43.4276237         2.12990737E-04
   43.5544167         2.04568089E-04
   43.6812096         1.95969536E-04
   43.8079987         1.87099329E-04
   43.9347916         1.77865237E-04
   44.0615845         1.68183979E-04
   44.1883774         1.57986375E-04
   44.3151703         1.47222003E-04
   44.4419632         1.35863447E-04
   44.5687561         1.23909616E-04
   44.6955490         1.11387999E-04
   44.8223419         9.83563223E-05
   44.9491348         8.49025819E-05
   45.0759277         7.11443063E-05
   45.2027206         5.72266472E-05
   45.3295135         4.33194109E-05
   45.4563065         2.96131730E-05
   45.5830994         1.63145723E-05
   45.7098885         3.64093739E-06
   45.8366814        -8.18540502E-06
   45.9634743        -1.89431685E-05
   46.0902672        -2.84182806E-05
   46.2170601        -3.64097687E-05
   46.3438530        -4.27353880E-05
   46.4706459        -4.72368192E-05
   46.5974388        -4.97841174E-05
   46.7242317        -5.02794828E-05
   46.8510246        -4.86601857E-05
   46.9778175        -4.49006584E-05
   47.1046104        -3.90134592E-05
   47.2314034        -3.10497089E-05
   47.3581963        -2.10982271E-05
   47.4849892        -9.28415830E-06
   47.6117783         4.23330175E-06
   47.7385712         1.92637563E-05
   47.8653641         3.55891061E-05
   47.9921570         5.29675017E-05
   48.1189499         7.11375906E-05
   48.2457428         8.98232538E-05
   48.3725357         1.08738204E-04
   48.4993286         1.27591222E-04
   48.6261215         1.46090781E-04
   48.7529144         1.63950332E-04
   48.8797073         1.80892966E-04
   49.0065002         1.96656198E-04
   49.1332932         2.10996252E-04
   49.2600861         2.23692477E-04
   49.3868790         2.34550855E-04
   49.5136681         2.43407267E-04
   49.6404610         2.50130601E-04
   49.7672539         2.54624669E-04
   49.8940468         2.56829691E-04
   50.0208397         2.56723433E-04
   50.1476326         2.54321203E-04
   50.2744255         2.49675359E-04
   50.4012184         2.42874128E-04
   50.5280113         2.34039413E-04
   50.6548042         2.23324620E-04
   50.7815971         2.10911123E-04
   50.9083900         1.97004643E-04
   51.0351830         1.81831158E-04
   51.1619759         1.65632548E-04
   51.2887688         1.48661638E-04
   51.4155579         1.31177439E-04
   51.5423508         1.13440408E-04
   51.6691437         9.57075245E-05
   51.7959366         7.82276766E-05
   51.9227295         6.12374351E-05
   52.0495224         4.49571598E-05
   52.1763153         2.95874524E-05
   52.3031082         1.53062992E-05
   52.4299011         2.26686279E-06
   52.5566940        -9.40441532E-06
   52.6834869        -1.96086821E-05
   52.8102798        -2.82751680E-05
   52.9370728        -3.53610340E-05
   53.0638657        -4.08504529E-05
   53.1906586        -4.47536004E-05
   53.3174477        -4.71045387E-05
   53.4442406        -4.79594382E-05
   53.5710335        -4.73938453E-05
   53.6978264        -4.55004265E-05
   53.8246193        -4.23858510E-05
   53.9514122        -3.81683494E-05
   54.0782051        -3.29748873E-05
   54.2049980        -2.69385218E-05
   54.3317909        -2.01960938E-05
   54.4585838        -1.28860011E-05
   54.5853767        -5.14626709E-06
   54.7121696         2.88730553E-06
   54.8389626         1.10825194E-05
   54.9657555         1.93122214E-05
   55.0925484         2.74553240E-05
   55.2193375         3.53979303E-05
   55.3461304         4.30342079E-05
   55.4729233         5.02673174E-05
   55.5997162         5.70102129E-05
   55.7265091         6.31862567E-05
   55.8533020         6.87303400E-05
   55.9800949         7.35893918E-05
   56.1068878         7.77229216E-05
   56.2336807         8.11038335E-05
   56.3604736         8.37185871E-05
   56.4872665         8.55674516E-05
   56.6140594         8.66646078E-05
   56.7408524         8.70375370E-05
   56.8676453         8.67266790E-05
   56.9944382         8.57843406E-05
   57.1212273         8.42735171E-05
   57.2480202         8.22663860E-05
   57.3748131         7.98424444E-05
   57.5016060         7.70866245E-05
   57.6283989         7.40870018E-05
   57.7551918         7.09326850E-05
   57.8819847         6.77116113E-05
   58.0087776         6.45082328E-05
   58.1355705         6.14016899E-05
   58.2623634         5.84639492E-05
   58.3891563         5.57583735E-05
   58.5159492         5.33384882E-05
   58.6427422         5.12473707E-05
   58.7695351         4.95172862E-05
   58.8963280         4.81696952E-05
   59.0231171         4.72158608E-05
   59.1499100         4.66576275E-05
   59.2767029         4.64887089E-05
   59.4034958         4.66959500E-05
   59.5302887         4.72611282E-05
   59.6570816         4.81624738E-05
   59.7838745         4.93763073E-05
   59.9106674         5.08786725E-05
   60.0374603         5.26466174E-05
   60.1642532         5.46591364E-05
   60.2910461         5.68978321E-05
   60.4178391         5.93473924E-05
   60.5446320         6.19950515E-05
   60.6714249         6.48302084E-05
   60.7982178         6.78433789E-05
   60.9250069         7.10247405E-05
   61.0517998         7.43624914E-05
   61.1785927         7.78410031E-05
   61.3053856         8.14387968E-05
   61.4321785         8.51268051E-05
   61.5589714         8.88664581E-05
   61.6857643         9.26083885E-05
   61.8125572         9.62914419E-05
   61.9393501         9.98420801E-05
   62.0661430         1.03174643E-04
   62.1929359         1.06192150E-04
   62.3197289         1.08787717E-04
   62.4465218         1.10846835E-04
   62.5733147         1.12250214E-04
   62.7001076         1.12877147E-04
   62.8268967         1.12609479E-04
   62.9536896         1.11335627E-04
   63.0804825         1.08955333E-04
   63.2072754         1.05383850E-04
   63.3340683         1.00556208E-04
   63.4608612         9.44312342E-05
   63.5876541         8.69949072E-05
   63.7144470         7.82631469E-05
   63.8412399         6.82836253E-05
   63.9680328         5.71369674E-05
   64.0948257         4.49366453E-05
   64.2216187         3.18280217E-05
   64.3484116         1.79863400E-05
   64.4752045         3.61366574E-06
   64.6019974        -1.10649935E-05
   64.7287903        -2.58063810E-05
   64.8555832        -4.03545419E-05
   64.9823761        -5.44464492E-05
   65.1091690        -6.78183715E-05
   65.2359619        -8.02121067E-05
   65.3627548        -9.13811236E-05
   65.4895477        -1.01096550E-04
   65.6163330        -1.09152621E-04
   65.7431259        -1.15371382E-04
   65.8699188        -1.19606899E-04
   65.9967117        -1.21748250E-04
   66.1235046        -1.21721961E-04
   66.2502975        -1.19492950E-04
   66.3770905        -1.15065035E-04
   66.5038834        -1.08480097E-04
   66.6306763        -9.98165197E-05
   66.7574692        -8.91867239E-05
   66.8842621        -7.67343299E-05
   67.0110550        -6.26301917E-05
   67.1378479        -4.70686646E-05
   67.2646408        -3.02631779E-05
   67.3914337        -1.24418175E-05
   67.5182266         6.15699128E-06
   67.6450195         2.52889331E-05
   67.7718124         4.47076527E-05
   67.8986053         6.41687075E-05
   68.0253983         8.34327730E-05
   68.1521912         1.02268787E-04
   68.2789841         1.20456272E-04
   68.4057770         1.37787792E-04
   68.5325699         1.54070513E-04
   68.6593628         1.69127728E-04
   68.7861557         1.82799893E-04
   68.9129486         1.94945736E-04
   69.0397415         2.05442702E-04
   69.1665344         2.14187865E-04
   69.2933273         2.21098104E-04
   69.4201126         2.26110918E-04
   69.5469055         2.29184530E-04
   69.6736984         2.30298538E-04
   69.8004913         2.29454177E-04
   69.9272842         2.26674820E-04
   70.0540771         2.22005910E-04
   70.1808701         2.15515087E-04
   70.3076630         2.07292222E-04
   70.4344559         1.97448739E-04
   70.5612488         1.86116813E-04
   70.6880417         1.73448454E-04
   70.8148346         1.59613584E-04
   70.9416275         1.44798338E-04
   71.0684204         1.29202308E-04
   71.1952133         1.13035967E-04
   71.3220062         9.65171639E-05
   71.4487991         7.98678157E-05
   71.5755920         6.33099553E-05
   71.7023849         4.70621162E-05
   71.8291779         3.13350756E-05
   71.9559708         1.63284694E-05
   72.0827637         2.22695417E-06
   72.2095566        -1.08028762E-05
   72.3363495        -2.26152661E-05
   72.4631424        -3.30875955E-05
   72.5899353        -4.21220102E-05
   72.7167282        -4.96464600E-05
   72.8435211        -5.56151463E-05
   72.9703140        -6.00084022E-05
   73.0971069        -6.28318739E-05
   73.2238922        -6.41154620E-05
   73.3506851        -6.39115897E-05
   73.4774780        -6.22933367E-05
   73.6042709        -5.93523255E-05
   73.7310638        -5.51962548E-05
   73.8578568        -4.99467133E-05
   73.9846497        -4.37365779E-05
   74.1114426        -3.67078901E-05
   74.2382355        -2.90093649E-05
   74.3650284        -2.07943558E-05
   74.4918213        -1.22186675E-05
   74.6186142        -3.43857869E-06
   74.7454071         5.39106486E-06
   74.8722000         1.41187948E-05
   74.9989929         2.25982985E-05
   75.1257858         3.06902512E-05
   75.2525787         3.82641483E-05
   75.3793716         4.51999695E-05
   75.5061646         5.13898631E-05
   75.6329575         5.67398783E-05
   75.7597504         6.11713840E-05
   75.8865433         6.46223707E-05
   76.0133362         6.70487861E-05
   76.1401291         6.84252955E-05
   76.2669220         6.87460706E-05
   76.3937149         6.80250596E-05
   76.5205078         6.62960520E-05
   76.6473007         6.36122859E-05
   76.7740936         6.00458006E-05
   76.9008865         5.56862360E-05
   77.0276718         5.06394936E-05
   77.1544647         4.50259467E-05
   77.2812576         3.89784145E-05
   77.4080505         3.26397058E-05
   77.5348434         2.61601544E-05
   77.6616364         1.96948822E-05
   77.7884293         1.34008606E-05
   77.9152222         7.43392911E-06
   78.0420151         1.94576796E-06
   78.1688080        -2.91924403E-06
   78.2956009        -7.02691796E-06
   78.4223938        -1.02563063E-05
   78.5491867        -1.25022616E-05
   78.6759796        -1.36781500E-05
   78.8027725        -1.37180059E-05
   78.9295654        -1.25783972E-05
   79.0563583        -1.02399636E-05
   79.1831512        -6.70843792E-06
   79.3099442        -2.01511125E-06
   79.4367371         3.78310983E-06
   79.5635300         1.06043353E-05
   79.6903229         1.83429220E-05
   79.8171158         2.68712447E-05
   79.9439087         3.60419726E-05
   80.0707016         4.56911112E-05
   80.1974945         5.56411906E-05
   80.3242874         6.57052951E-05
   80.4510803         7.56910231E-05
   80.5778732         8.54050377E-05
   80.7046585         9.46574655E-05
   80.8314514         1.03266575E-04
   80.9582443         1.11063178E-04
   81.0850372         1.17894888E-04
   81.2118301         1.23630030E-04
   81.3386230         1.28160958E-04
   81.4654160         1.31407054E-04
   81.5922089         1.33316731E-04
   81.7190018         1.33868962E-04
   81.8457947         1.33073903E-04
   81.9725876         1.30972563E-04
   82.0993805         1.27636158E-04
   82.2261734         1.23163860E-04
   82.3529663         1.17680625E-04
   82.4797592         1.11333640E-04
   82.6065521         1.04288680E-04
   82.7333450         9.67255037E-05
   82.8601379         8.88331924E-05
   82.9869308         8.08049881E-05
   83.1137238         7.28332161E-05
   83.2405167         6.51039591E-05
   83.3673096         5.77920582E-05
   83.4941025         5.10564496E-05
   83.6208954         4.50359003E-05
   83.7476883         3.98453813E-05
   83.8744812         3.55730263E-05
   84.0012741         3.22779924E-05
   84.1280670         2.99892945E-05
   84.2548599         2.87051625E-05
   84.3816528         2.83938880E-05
   84.5084381         2.89951495E-05
   84.6352310         3.04222940E-05
   84.7620239         3.25655710E-05
   84.8888168         3.52958377E-05
   85.0156097         3.84689301E-05
   85.1424026         4.19302705E-05
   85.2691956         4.55199261E-05
   85.3959885         4.90774291E-05
   85.5227814         5.24465868E-05
   85.6495743         5.54802064E-05
   85.7763672         5.80439919E-05
   85.9031601         6.00203311E-05
   86.0299530         6.13109660E-05
   86.1567459         6.18393824E-05
   86.2835388         6.15520985E-05
   86.4103317         6.04194829E-05
   86.5371246         5.84355075E-05
   86.6639175         5.56170307E-05
   86.7907104         5.20024914E-05
   86.9175034         4.76497917E-05
   87.0442963         4.26340412E-05
   87.1710892         3.70448324E-05
   87.2978821         3.09833194E-05
   87.4246750         2.45591746E-05
   87.5514679         1.78876307E-05
   87.6782608         1.10863793E-05
   87.8050537         4.27294708E-06
   87.9318466        -2.43795080E-06
   88.0586395        -8.93657852E-06
   88.1854324        -1.51201821E-05
   88.3122177        -2.08944803E-05
   88.4390106        -2.61748082E-05
   88.5658035        -3.08869930E-05
   88.6925964        -3.49677903E-05
   88.8193893        -3.83649458E-05
   88.9461823        -4.10371613E-05
   89.0729752        -4.29536958E-05
   89.1997681        -4.40938056E-05
   89.3265610        -4.44460929E-05
   89.4533539        -4.40078948E-05
   89.5801468        -4.27844752E-05
   89.7069397        -4.07885782E-05
   89.8337326        -3.80396741E-05
   89.9605255        -3.45638327E-05
   90.0873184        -3.03932920E-05
   90.2141113        -2.55664781E-05
   90.3409042        -2.01280473E-05
   90.4676971        -1.41290202E-05
   90.5944901        -7.62696072E-06
   90.7212830        -6.86158103E-07
   90.8480759         6.62223101E-06
   90.9748688         1.42201270E-05
   91.1016617         2.20229394E-05
   91.2284546         2.99397670E-05
   91.3552475         3.78743243E-05
   91.4820404         4.57259630E-05
   91.6088333         5.33911007E-05
   91.7356262         6.07649054E-05
   91.8624191         6.77433927E-05
   91.9892120         7.42255652E-05
   92.1159973         8.01160350E-05
   92.2427902         8.53272722E-05
   92.3695831         8.97822902E-05
   92.4963760         9.34168129E-05
   92.6231689         9.61816404E-05
   92.7499619         9.80440673E-05
   92.8767548         9.89896143E-05
   93.0035477         9.90226763E-05
   93.1303406         9.81669073E-05
   93.2571335         9.64650753E-05
   93.3839264         9.39781603E-05
   93.5107193         9.07841750E-05
   93.6375122         8.69761134E-05
   93.7643051         8.26599280E-05
   93.8910980         7.79518596E-05
   94.0178909         7.29752719E-05
   94.1446838         6.78581346E-05
   94.2714767         6.27293994E-05
   94.3982697         5.77163155E-05
   94.5250626         5.29413192E-05
   94.6518555         4.85194396E-05
   94.7786484         4.45556616E-05
   94.9054413         4.11430956E-05
   95.0322342         3.83609331E-05
   95.1590271         3.62732935E-05
   95.2858200         3.49281145E-05
   95.4126129         3.43567444E-05
   95.5394058         3.45734079E-05
   95.6661987         3.55757184E-05
   95.7929916         3.73448856E-05
   95.9197769         3.98466582E-05
   96.0465698         4.30320833E-05
   96.1733627         4.68390572E-05
   96.3001556         5.11933722E-05
   96.4269485         5.60106164E-05
   96.5537415         6.11975847E-05
   96.6805344         6.66540800E-05
   96.8073273         7.22746699E-05
   96.9341202         7.79506809E-05
   97.0609131         8.35717219E-05
   97.1877060         8.90277370E-05
   97.3144989         9.42105835E-05
   97.4412918         9.90158587E-05
   97.5680847         1.03344501E-04
   97.6948776         1.07104264E-04
   97.8216705         1.10211295E-04
   97.9484634         1.12591413E-04
   98.0752563         1.14181275E-04
   98.2020493         1.14929659E-04
   98.3288422         1.14798204E-04
   98.4556351         1.13762464E-04
   98.5824280         1.11812398E-04
   98.7092209         1.08952830E-04
   98.8360138         1.05203952E-04
   98.9628067         1.00601239E-04
   99.0895996         9.51953552E-05
   99.2163925         8.90518495E-05
   99.3431854         8.22503862E-05
   99.4699783         7.48838429E-05
   99.5967712         6.70570225E-05
   99.7235565         5.88850489E-05
   99.8503494         5.04914351E-05
   99.9771423         4.20058859E-05
   100.103935         3.35617915E-05
   100.230728         2.52934005E-05
   100.357521         1.73331591E-05
   100.484314         9.80851928E-06
   100.611107         2.83929899E-06
   100.737900        -3.46529555E-06
   100.864693        -9.00919986E-06
   100.991486        -1.37117659E-05
   101.118279        -1.75095684E-05
   101.245071        -2.03578256E-05
   101.371864        -2.22314138E-05
   101.498657        -2.31251051E-05
   101.625450        -2.30535461E-05
   101.752243        -2.20503352E-05
   101.879036        -2.01671573E-05
   102.005829        -1.74717825E-05
   102.132622        -1.40462762E-05
   102.259415        -9.98458108E-06
   102.386208        -5.38972654E-06
   102.513000        -3.71273131E-07
   102.639793         4.95774339E-06
   102.766586         1.04838118E-05
   102.893379         1.60956697E-05
   103.020172         2.16871231E-05
   103.146965         2.71596182E-05
   103.273758         3.24243701E-05
   103.400551         3.74043739E-05
   103.527336         4.20357683E-05
   103.654129         4.62690441E-05
   103.780922         5.00694186E-05
   103.907715         5.34171122E-05
   104.034508         5.63068243E-05
   104.161301         5.87468894E-05
   104.288094         6.07579277E-05
   104.414886         6.23712112E-05
   104.541679         6.36265831E-05
   104.668472         6.45700420E-05
   104.795265         6.52513409E-05
   104.922058         6.57212368E-05
   105.048851         6.60288133E-05
   105.175644         6.62190214E-05
   105.302437         6.63302344E-05
   105.429230         6.63922110E-05
   105.556023         6.64243707E-05
   105.682816         6.64347608E-05
   105.809608         6.64193285E-05
   105.936401         6.63620012E-05
   106.063194         6.62352759E-05
   106.189987         6.60014121E-05
   106.316780         6.56142802E-05
   106.443573         6.50216316E-05
   106.570366         6.41678562E-05
   106.697159         6.29970018E-05
   106.823952         6.14558303E-05
   106.950745         5.94970770E-05
   107.077538         5.70825105E-05
   107.204330         5.41855952E-05
   107.331116         5.07939149E-05
   107.457909         4.69109727E-05
   107.584702         4.25574617E-05
   107.711494         3.77717624E-05
   107.838287         3.26098452E-05
   107.965080         2.71444660E-05
   108.091873         2.14637348E-05
   108.218666         1.56689184E-05
   108.345459         9.87206386E-06
   108.472252         4.19286835E-06
   108.599045        -1.24450798E-06
   108.725838        -6.31495141E-06
   108.852631        -1.08958047E-05
   108.979424        -1.48702966E-05
   109.106216        -1.81308023E-05
   109.233009        -2.05817396E-05
   109.359802        -2.21421178E-05
   109.486595        -2.27478467E-05
   109.613388        -2.23531406E-05
   109.740181        -2.09320697E-05
   109.866974        -1.84789460E-05
   109.993767        -1.50087508E-05
   110.120560        -1.05566751E-05
   110.247353        -5.17741637E-06
   110.374146         1.05618642E-06
   110.500938         8.05474428E-06
   110.627731         1.57143895E-05
   110.754524         2.39192632E-05
   110.881317         3.25443289E-05
   111.008102         4.14580281E-05
   111.134895         5.05254684E-05
   111.261688         5.96115970E-05
   111.388481         6.85840932E-05
   111.515274         7.73162683E-05
   111.642067         8.56897459E-05
   111.768860         9.35967619E-05
   111.895653         1.00942001E-04
   112.022446         1.07644039E-04
   112.149239         1.13636415E-04
   112.276031         1.18867865E-04
   112.402824         1.23302321E-04
   112.529617         1.26918414E-04
   112.656410         1.29708424E-04
   112.783203         1.31677109E-04
   112.909996         1.32840069E-04
   113.036789         1.33222187E-04
   113.163582         1.32855785E-04
   113.290375         1.31779205E-04
   113.417168         1.30035100E-04
   113.543961         1.27669249E-04
   113.670753         1.24729602E-04
   113.797546         1.21265417E-04
   113.924339         1.17327007E-04
   114.051132         1.12965507E-04
   114.177925         1.08232998E-04
   114.304718         1.03182814E-04
   114.431511         9.78699536E-05
   114.558304         9.23514453E-05
   114.685097         8.66867631E-05
   114.811882         8.09379635E-05
   114.938675         7.51696425E-05
   115.065468         6.94486080E-05
   115.192261         6.38432975E-05
   115.319054         5.84226254E-05
   115.445847         5.32547201E-05
   115.572639         4.84053089E-05
   115.699432         4.39357427E-05
   115.826225         3.99010605E-05
   115.953018         3.63478757E-05
   116.079811         3.33123025E-05
   116.206604         3.08182753E-05
   116.333397         2.88758329E-05
   116.460190         2.74802060E-05
   116.586983         2.66111492E-05
   116.713776         2.62328176E-05
   116.840569         2.62944741E-05
   116.967361         2.67315954E-05
   117.094154         2.74676895E-05
   117.220947         2.84165344E-05
   117.347740         2.94848869E-05
   117.474533         3.05755857E-05
   117.601326         3.15906364E-05
   117.728119         3.24347602E-05
   117.854912         3.30183393E-05
   117.981705         3.32607488E-05
   118.108498         3.30928888E-05
   118.235291         3.24596622E-05
   118.362083         3.13217097E-05
   118.488876         2.96567887E-05
   118.615662         2.74605900E-05
   118.742455         2.47467779E-05
   118.869247         2.15465661E-05
   118.996040         1.79078215E-05
   119.122833         1.38935693E-05
   119.249626         9.57998327E-06
   119.376419         5.05423213E-06
   119.503212         4.11875789E-07
   119.630005        -4.24602786E-06
   119.756798        -8.81568030E-06
   119.883591        -1.31934958E-05
   120.010384        -1.72790478E-05
   120.137177        -2.09776827E-05
   120.263969        -2.42031256E-05
   120.390762        -2.68796084E-05
   120.517555        -2.89438285E-05
   120.644348        -3.03463712E-05
   120.771141        -3.10527612E-05
   120.897934        -3.10440191E-05
   121.024727        -3.03167108E-05
   121.151520        -2.88825595E-05
   121.278313        -2.67675314E-05
   121.405106        -2.40105855E-05
   121.531898        -2.06619370E-05
   121.658691        -1.67810522E-05
   121.785484        -1.24344260E-05
   121.912277        -7.69321741E-06
   122.039070        -2.63077527E-06
   122.165863         2.67976861E-06
   122.292656         8.16767442E-06
   122.419441         1.37666721E-05
   122.546234         1.94166823E-05
   122.673027         2.50652483E-05
   122.799820         3.06683869E-05
   122.926613         3.61911807E-05
   123.053406         4.16079492E-05
   123.180199         4.69018960E-05
   123.306992         5.20643225E-05
   123.433784         5.70938209E-05
   123.560577         6.19947314E-05
   123.687370         6.67755521E-05
   123.814163         7.14474882E-05
   123.940956         7.60223120E-05
   124.067749         8.05107265E-05
   124.194542         8.49206263E-05
   124.321335         8.92554599E-05
   124.448128         9.35129210E-05
   124.574921         9.76838492E-05
   124.701714         1.01751488E-04
   124.828506         1.05691033E-04
   124.955299         1.09469787E-04
   125.082092         1.13047448E-04
   125.208885         1.16376941E-04
   125.335678         1.19405529E-04
   125.462471         1.22076439E-04
   125.589264         1.24330560E-04
   125.716057         1.26108542E-04
   125.842850         1.27353022E-04
   125.969643         1.28010972E-04
   126.096436         1.28036030E-04
   126.223221         1.27390827E-04
   126.350014         1.26048937E-04
   126.476807         1.23997146E-04
   126.603600         1.21236611E-04
   126.730392         1.17784235E-04
   126.857185         1.13673123E-04
   126.983978         1.08952954E-04
   127.110771         1.03689330E-04
   127.237564         9.79627657E-05
   127.364357         9.18670048E-05
   127.491150         8.55069593E-05
   127.617943         7.89957849E-05
   127.744736         7.24520505E-05
   127.871529         6.59962243E-05
   127.998322         5.97470462E-05
   128.125107         5.38182285E-05
   128.251907         4.83145559E-05
   128.378693         4.33290224E-05
   128.505493         3.89397392E-05
   128.632278         3.52074858E-05
   128.759079         3.21740445E-05
   128.885864         2.98608065E-05
   129.012665         2.82684705E-05
   129.139450         2.73772275E-05
   129.266251         2.71476456E-05
   129.393036         2.75224575E-05
   129.519836         2.84288144E-05
   129.646622         2.97810839E-05
   129.773422         3.14842146E-05
   129.900208         3.34370234E-05
   130.027008         3.55360426E-05
   130.153793         3.76790776E-05
   130.280594         3.97686781E-05
   130.407379         4.17152405E-05
   130.534180         4.34397843E-05
   130.660965         4.48762294E-05
   130.787766         4.59729199E-05
   130.914551         4.66937636E-05
   131.041351         4.70184386E-05
   131.168137         4.69423430E-05
   131.294937         4.64754994E-05
   131.421722         4.56413218E-05
   131.548523         4.44745929E-05
   131.675308         4.30193686E-05
   131.802109         4.13263588E-05
   131.928894         3.94505005E-05
   132.055679         3.74481970E-05
   132.182480         3.53748619E-05
   132.309265         3.32827512E-05
   132.436066         3.12190023E-05
   132.562851         2.92242275E-05
   132.689651         2.73314254E-05
   132.816437         2.55656742E-05
   132.943237         2.39440142E-05
   133.070023         2.24761188E-05
   133.196823         2.11653332E-05
   133.323608         2.00099257E-05
   133.450409         1.90047922E-05
   133.577194         1.81431569E-05
   133.703995         1.74183788E-05
   133.830780         1.68255283E-05
   133.957581         1.63628720E-05
   134.084366         1.60328891E-05
   134.211166         1.58430776E-05
   134.337952         1.58059338E-05
   134.464752         1.59389838E-05
   134.591537         1.62638407E-05
   134.718338         1.68051647E-05
   134.845123         1.75890109E-05
   134.971924         1.86411562E-05
   135.098709         1.99849401E-05
   135.225510         2.16392327E-05
   135.352295         2.36163760E-05
   135.479095         2.59204407E-05
   135.605881         2.85454771E-05
   135.732666         3.14746248E-05
   135.859467         3.46793458E-05
   135.986252         3.81194113E-05
   136.113052         4.17434130E-05
   136.239838         4.54898363E-05
   136.366638         4.92888030E-05
   136.493423         5.30641191E-05
   136.620224         5.67358256E-05
   136.747009         6.02230612E-05
   136.873810         6.34470343E-05
   137.000595         6.63339306E-05
   137.127396         6.88179425E-05
   137.254181         7.08439184E-05
   137.380981         7.23694975E-05
   137.507767         7.33670386E-05
   137.634567         7.38249219E-05
   137.761353         7.37480514E-05
   137.888153         7.31580658E-05
   138.014938         7.20925236E-05
   138.141739         7.06037317E-05
   138.268524         6.87570428E-05
   138.395325         6.66284395E-05
   138.522110         6.43021631E-05
   138.648911         6.18676204E-05
   138.775696         5.94163284E-05
   138.902496         5.70390766E-05
   139.029282         5.48227836E-05
   139.156082         5.28477758E-05
   139.282867         5.11853868E-05
   139.409653         4.98956251E-05
   139.536453         4.90257080E-05
   139.663239         4.86086392E-05
   139.790039         4.86625140E-05
   139.916824         4.91902538E-05
   140.043625         5.01796785E-05
   140.170410         5.16041910E-05
   140.297211         5.34239152E-05
   140.423996         5.55868974E-05
   140.550797         5.80309134E-05
   140.677582         6.06852664E-05
   140.804382         6.34730386E-05
   140.931168         6.63131723E-05
   141.057968         6.91227178E-05
   141.184753         7.18190568E-05
   141.311554         7.43220153E-05
   141.438339         7.65558216E-05
   141.565140         7.84508084E-05
   141.691925         7.99451227E-05
   141.818726         8.09859557E-05
   141.945511         8.15303938E-05
   142.072311         8.15464591E-05
   142.199097         8.10133715E-05
   142.325897         7.99218105E-05
   142.452682         7.82738789E-05
   142.579483         7.60828625E-05
   142.706268         7.33726774E-05
   142.833069         7.01772515E-05
   142.959854         6.65395273E-05
   143.086655         6.25108514E-05
   143.213440         5.81495551E-05
   143.340225         5.35200161E-05
   143.467026         4.86915415E-05
   143.593811         4.37368908E-05
   143.720612         3.87314358E-05
   143.847397         3.37516212E-05
   143.974197         2.88738047E-05
   144.100983         2.41731195E-05
   144.227783         1.97220197E-05
   144.354568         1.55891976E-05
   144.481369         1.18381740E-05
   144.608154         8.52622725E-06
   144.734955         5.70302745E-06
   144.861740         3.40962606E-06
   144.988541         1.67751318E-06
   145.115326         5.27494308E-07
   145.242126        -3.07047365E-08
   145.368912         8.67248495E-10
   145.495712         6.08345260E-07
   145.622498         1.76607625E-06
   145.749298         3.43705187E-06
   145.876083         5.57355588E-06
   146.002884         8.11836435E-06
   146.129669         1.10061064E-05
   146.256470         1.41648925E-05
   146.383255         1.75182358E-05
   146.510056         2.09870923E-05
   146.636841         2.44921703E-05
   146.763641         2.79560336E-05
   146.890427         3.13054043E-05
   147.017212         3.44730906E-05
   147.144012         3.73999537E-05
   147.270798         4.00364443E-05
   147.397598         4.23438323E-05
   147.524384         4.42951314E-05
   147.651184         4.58755821E-05
   147.777969         4.70826853E-05
   147.904770         4.79259033E-05
   148.031555         4.84259181E-05
   148.158356         4.86137360E-05
   148.285141         4.85291384E-05
   148.411942         4.82191645E-05
   148.538727         4.77365902E-05
   148.665527         4.71378407E-05
   148.792313         4.64813274E-05
   148.919113         4.58256327E-05
   149.045898         4.52276836E-05
   149.172699         4.47414168E-05
   149.299484         4.44163197E-05
   149.426285         4.42963974E-05
   149.553070         4.44192083E-05
   149.679871         4.48154060E-05
   149.806656         4.55081536E-05
   149.933456         4.65131852E-05
   150.060242         4.78386864E-05
   150.187042         4.94855449E-05
   150.313828         5.14477179E-05
   150.440628         5.37125561E-05
   150.567413         5.62613022E-05
   150.694214         5.90695745E-05
   150.820999         6.21078143E-05
   150.947784         6.53417228E-05
   151.074585         6.87327047E-05
   151.201370         7.22383265E-05
   151.328171         7.58125389E-05
   151.454956         7.94063526E-05
   151.581757         8.29679484E-05
   151.708542         8.64433387E-05
   151.835342         8.97768259E-05
   151.962128         9.29115704E-05
   152.088928         9.57902885E-05
   152.215714         9.83558421E-05
   152.342514         1.00552308E-04
   152.469299         1.02325757E-04
   152.596100         1.03625352E-04
   152.722885         1.04404426E-04
   152.849686         1.04621569E-04
   152.976471         1.04241881E-04
   153.103271         1.03238162E-04
   153.230057         1.01591773E-04
   153.356857         9.92941059E-05
   153.483643         9.63468192E-05
   153.610443         9.27630608E-05
   153.737228         8.85675036E-05
   153.864029         8.37965854E-05
   153.990814         7.84983786E-05
   154.117615         7.27319639E-05
   154.244400         6.65667467E-05
   154.371201         6.00810636E-05
   154.497986         5.33609782E-05
   154.624771         4.64983023E-05
   154.751572         3.95888746E-05
   154.878357         3.27302805E-05
   155.005157         2.60197939E-05
   155.131943         1.95522080E-05
   155.258743         1.34175780E-05
   155.385529         7.69929102E-06
   155.512329         2.47225785E-06
   155.639114        -2.19860704E-06
   155.765915        -6.25973871E-06
   155.892700        -9.66960306E-06
   156.019501        -1.23993968E-05
   156.146286        -1.44330406E-05
   156.273087        -1.57669547E-05
   156.399872        -1.64093508E-05
   156.526672        -1.63792593E-05
   156.653458        -1.57053255E-05
   156.780258        -1.44242795E-05
   156.907043        -1.25792385E-05
   157.033844        -1.02182285E-05
   157.160629        -7.39232200E-06
   157.287430        -4.15422892E-06
   157.414215        -5.56821647E-07
   157.541016         3.34795072E-06
   157.667801         7.51003199E-06
   157.794601         1.18817306E-05
   157.921387         1.64181492E-05
   158.048187         2.10770886E-05
   158.174973         2.58187938E-05
   158.301773         3.06055335E-05
   158.428558         3.54009426E-05
   158.555344         4.01692923E-05
   158.682144         4.48748615E-05
   158.808929         4.94812084E-05
   158.935730         5.39507528E-05
   159.062515         5.82445973E-05
   159.189316         6.23222732E-05
   159.316101         6.61423255E-05
   159.442902         6.96627249E-05
   159.569687         7.28418891E-05
   159.696487         7.56399240E-05
   159.823273         7.80197370E-05
   159.950073         7.99491318E-05
   160.076859         8.14017476E-05
   160.203659         8.23593073E-05
